0.0907591 0.00815731 0.00435937 9.9991E-05 0.896624
0.0297555 9.9982E-05 9.9982E-05 0.0473566 0.922688
0.0665253 0.0468775 0.0854995 9.9991E-05 0.800998
0.107204 0.0759649 0.0340361 9.9991E-05 0.782695
0.0321971 0.0551583 0.0110777 9.9991E-05 0.901467
0.0522715 0.060578 0.0314875 0.177541 0.678122
0.0715244 9.9982E-05 9.9982E-05 0.0856332 0.842642
0.163303 0.0428708 0.00675236 0.0493277 0.737747
0.0887396 9.9982E-05 9.9982E-05 0.083634 0.827426
0.0559555 0.0833161 0.105847 9.9991E-05 0.754781
0.162542 9.9991E-05 0.0165674 0.0219004 0.79889
0.563899 0.0911719 0.266624 0.0782054 9.9991E-05
0.329569 0.158928 0.431682 0.0650303 0.0147917
0.490176 0.115012 0.21932 0.155166 0.0203255
0.290495 0.231488 0.289909 0.123108 0.0649993
0.196576 0.19786 0.352645 0.140358 0.112561
0.219874 0.208799 0.469315 0.0989669 0.00304526
0.267844 0.141855 0.433973 0.132658 0.0236699
0.352543 0.10971 0.335394 0.0243289 0.178024
0.652405 0.0797241 0.0694007 0.159376 0.0390938
0.228494 0.107663 0.486994 0.12247 0.0543791
0.224856 0.094175 0.48328 0.159725 0.0379641
0.21675 0.0681285 0.630648 0.0843732 9.9991E-05
0.373586 0.152315 0.306646 0.141071 0.0263828
0.0354538 0.0370243 0.687565 0.142477 0.0974794
0.241453 0.0864703 0.579168 0.051078 0.0418299
0.571777 0.185574 0.139206 0.103344 9.9991E-05
0.436604 0.21458 0.223895 0.110918 0.0140039
0.502872 0.0697054 0.250998 0.176325 9.9991E-05
9.9982E-05 0.0665121 0.0686443 9.9982E-05 0.864644
9.9973E-05 9.9973E-05 0.145109 9.9973E-05 0.854591
9.9982E-05 0.025472 0.184517 9.9982E-05 0.789811
9.9982E-05 0.0534768 0.183097 9.9982E-05 0.763226
0.0832913 0.0319777 0.66963 0.124993 0.0901073
0.152521 0.0142692 0.624256 0.0652258 0.143729
9.9982E-05 9.9982E-05 0.767375 0.184617 0.047808
0.608878 0.0411423 0.212352 0.0426122 0.0950151
9.9982E-05 9.9982E-05 0.522766 0.427127 0.0499078
0.188318 0.0641819 0.589861 0.0604188 0.0972197
9.9991E-05 0.0224511 0.827634 0.0700411 0.0797742
0.0351079 9.9991E-05 0.674245 0.146071 0.144477
0.040796 0.0279516 0.704021 0.0870988 0.140133
0.13313 9.9982E-05 0.405203 0.461467 9.9982E-05
0.0671258 0.079879 0.642728 0.173985 0.0362822
9.9991E-05 0.0421598 0.760196 0.132231 0.0653134
0.0529189 0.135755 0.59283 0.0861236 0.132373
0.0130586 9.9982E-05 0.548101 0.438641 9.9982E-05
0.0514695 0.0200535 0.742204 0.0897866 0.096486
9.9991E-05 0.0555416 0.729012 0.0631969 0.152149
0.0926401 9.9991E-05 0.0516061 0.77999 0.0756633
0.442597 9.9982E-05 0.258998 0.298204 9.9982E-05
0.252037 0.0470599 0.161356 0.525305 0.0142418
0.229797 0.184305 0.585698 9.9982E-05 9.9982E-05
0.0906213 0.0559354 0.744696 9.9991E-05 0.108648
0.0423425 0.144911 0.635797 0.100304 0.0766457
0.363158 9.9991E-05 0.245822 0.272972 0.117948
0.252911 0.00399316 0.656907 0.0243174 0.061872
0.126305 0.149782 0.57684 0.0858603 0.0612124
0.248179 9.9991E-05 0.485359 0.172939 0.0934234
0.375438 0.0939294 0.0871047 0.254559 0.188969
0.139875 0.0463811 0.625987 0.0850362 0.10272
0.271631 0.11894 0.406786 0.188081 0.0145614
0.594708 9.9991E-05 0.069423 0.310067 0.0257018
0.224409 0.0260968 0.621975 0.127419 9.9991E-05
0.091574 0.131186 0.664706 0.076881 0.0356528
0.182499 0.0436758 0.608896 0.0713915 0.0935378
0.35169 0.0929183 0.273956 0.255648 0.0257875
0.0968359 0.0825104 0.536006 0.245325 0.0393228
0.0706619 9.9991E-05 0.701061 0.0883378 0.139839
0.442895 0.0177541 0.279107 0.244125 0.0161184
0.124477 9.9982E-05 0.684991 0.190332 9.9982E-05
0.185632 9.9991E-05 0.435861 0.366607 0.0117997
0.205733 0.0416798 0.595486 0.0582673 0.0988336
0.0399813 9.9982E-05 0.210058 0.749761 9.9982E-05
0.101145 9.9982E-05 0.227339 0.671316 9.9982E-05
0.0790774 9.9982E-05 0.54351 0.377213 9.9982E-05
0.0928447 9.9991E-05 0.612398 0.23975 0.0549073
0.0577708 0.031537 0.725415 9.9991E-05 0.185177
0.0401996 0.0465824 0.559595 0.286418 0.0672047
0.267989 9.9991E-05 0.385229 0.312278 0.0344035
0.274717 0.00452399 0.425994 0.269621 0.0251445
0.0369041 0.136609 0.636437 0.0847229 0.105327
0.113146 9.9991E-05 0.534452 0.308708 0.0435946
0.0654294 9.9991E-05 0.610331 0.245223 0.078917
0.012013 9.9982E-05 0.605649 0.382138 9.9982E-05
0.0269942 9.9982E-05 0.193101 0.779705 9.9982E-05
0.116934 0.154878 0.61684 0.111248 9.9991E-05
0.0181796 9.9982E-05 0.141126 9.9982E-05 0.840495
9.9973E-05 9.9973E-05 0.0851314 9.9973E-05 0.914569
9.9982E-05 0.0214801 0.075518 9.9982E-05 0.902802
9.9973E-05 9.9973E-05 0.0808846 9.9973E-05 0.918815
9.9973E-05 9.9973E-05 0.0868854 9.9973E-05 0.912815
9.9991E-05 0.0579186 0.0309493 0.0190886 0.891943
9.9973E-05 9.9973E-05 0.0631835 9.9973E-05 0.936517
0.0810698 0.0301506 0.636673 0.118229 0.133878
0.103068 0.110558 0.53821 0.217463 0.0307001
0.135965 9.9982E-05 0.287905 0.57593 9.9982E-05
0.1154 0.0934529 0.549185 0.151857 0.0901055
0.11637 9.9991E-05 0.655043 0.186684 0.0418027
9.9991E-05 0.0237263 0.791463 0.117593 0.0671179
0.00617227 0.0133486 0.666355 0.260884 0.0532403
0.0118189 0.119209 0.606143 0.262728 9.9991E-05
0.278183 9.9991E-05 0.158785 0.527287 0.035645
0.129621 0.0928067 0.560619 9.9991E-05 0.216853
0.10188 0.0397071 0.693988 0.1051 0.059324
0.105421 0.0409147 0.720674 9.9991E-05 0.13289
0.0151887 9.9991E-05 0.586949 0.378269 0.0194933
9.9982E-05 9.9982E-05 0.723151 0.22197 0.0546792
0.158172 9.9991E-05 0.644732 0.164847 0.0321498
9.9982E-05 0.0436265 0.591901 0.364273 9.9982E-05
0.17417 9.9991E-05 0.655058 0.0835496 0.0871226
0.0358484 0.00332754 0.724475 0.0572933 0.179055
0.379698 0.0755991 0.183467 0.299523 0.061713
0.325826 0.157184 0.315194 0.0926983 0.109097
0.145223 0.0838152 0.565297 0.0367759 0.16889
0.0709776 0.0433998 0.704248 0.0673541 0.11402
0.365858 9.9991E-05 0.566626 0.049876 0.0175395
0.27495 0.0920761 0.579899 9.9991E-05 0.052975
0.395213 0.0130479 0.525876 0.0132163 0.0526466
0.123593 0.0362533 0.550062 0.0968973 0.193194
0.214205 0.0925193 0.560998 0.0665468 0.0657317
0.104812 9.9991E-05 0.745766 0.0514456 0.0978761
0.350541 9.9973E-05 0.649159 9.9973E-05 9.9973E-05
0.143532 0.0898769 0.576165 0.11597 0.0744566
0.0891783 0.174634 0.596054 0.113675 0.0264581
0.222039 0.0854038 0.642539 0.0499174 9.9991E-05
0.159266 0.132226 0.548781 0.0713416 0.0883853
0.194065 0.0942761 0.605141 0.106418 9.9991E-05
0.296196 0.0378763 0.414071 0.126544 0.125312
0.218668 0.118928 0.643572 0.00660722 0.012224
0.207126 0.163678 0.581337 0.0196804 0.0281785
0.47874 0.0665646 0.302623 0.140495 0.0115771
0.306741 0.143377 0.168359 0.381422 9.9991E-05
0.228451 0.113409 0.509581 0.136083 0.0124761
0.28386 0.0957246 0.122517 0.497798 9.9991E-05
0.447134 0.020387 0.364263 0.136569 0.0316471
0.289626 0.0205526 0.525462 0.152555 0.0118046
0.505997 9.9991E-05 0.429882 0.0287002 0.035321
0.574092 0.0251278 0.349851 0.0508285 9.9991E-05
0.142228 0.0706827 0.673389 0.0236793 0.0900206
0.172076 0.177036 0.479437 0.0704094 0.101041
0.21914 0.0778309 0.573544 0.0854932 0.0439916
0.380762 0.0682131 0.196066 0.354859 9.9991E-05
0.100224 0.026901 0.587813 0.0712922 0.21377
0.0977449 0.168039 0.557103 0.131326 0.0457873
0.133042 9.9991E-05 0.0206041 0.624722 0.221532
9.9991E-05 0.066834 0.635136 0.190109 0.107821
0.0902213 0.0982565 0.396105 0.366234 0.0491837
0.026412 0.108455 0.572253 0.165584 0.127296
0.0795964 0.00937735 0.355225 0.421281 0.134521
0.162162 9.9991E-05 0.273089 0.479208 0.0854418
0.0914709 0.0444406 0.523444 0.277326 0.0633188
0.108328 0.139828 0.474158 0.172664 0.105022
0.135914 0.135785 0.389135 0.160295 0.178871
0.115732 0.228576 9.9991E-05 0.607371 0.048221
0.137504 0.0852805 0.635798 0.0643982 0.0770192
0.0793113 9.9982E-05 0.495021 0.425467 9.9982E-05
0.0904392 0.0324359 0.533281 0.316109 0.0277347
0.179658 0.106325 0.619307 0.0182324 0.076478
0.0169663 0.313839 0.121425 0.184965 0.362805
9.9982E-05 0.138615 9.9982E-05 0.272984 0.5882
9.9982E-05 0.154902 9.9982E-05 0.325942 0.518956
0.00267614 0.354654 0.0595681 0.161787 0.421314
9.9982E-05 0.0174045 0.757844 0.224552 9.9982E-05
0.103094 0.0176327 0.696853 0.0840018 0.0984183
9.9973E-05 0.739304 0.260396 9.9973E-05 9.9973E-05
0.139227 0.472289 0.308571 0.0471684 0.0327439
0.0267738 0.393963 0.308968 0.138816 0.13148
9.9991E-05 0.0582445 0.440092 0.463646 0.0379173
0.00168702 0.0317576 0.642948 0.209229 0.114378
0.0123303 0.0419433 0.258961 0.668346 0.0184187
0.0600492 0.0453706 0.601783 0.239467 0.0533305
0.0172973 0.00787702 0.578645 0.345753 0.050428
0.0848017 0.139801 0.558936 0.213635 0.00282557
0.0291302 0.0456124 0.200996 0.724161 9.9991E-05
0.0607441 0.142087 0.643171 0.0851582 0.0688394
9.9991E-05 0.0750854 0.594105 0.179293 0.151416
9.997E-05 0.9996 9.997E-05 9.997E-05 9.997E-05
0.0139681 0.923106 0.0525976 0.0102285 9.9991E-05
9.9991E-05 0.604916 0.241297 0.0430121 0.110675
0.0262253 0.764635 0.20894 9.9982E-05 9.9982E-05
0.0374529 0.836828 0.122334 9.9991E-05 0.00328513
9.997E-05 0.9996 9.997E-05 9.997E-05 9.997E-05
9.9973E-05 0.985851 9.9973E-05 9.9973E-05 0.0138487
9.9973E-05 0.839303 0.160397 9.9973E-05 9.9973E-05
0.0451209 0.954579 9.9973E-05 9.9973E-05 9.9973E-05
9.997E-05 0.9996 9.997E-05 9.997E-05 9.997E-05
9.997E-05 0.9996 9.997E-05 9.997E-05 9.997E-05
0.0581755 0.806992 0.121441 9.9991E-05 0.0132919
0.0459079 0.823148 0.0641165 9.9991E-05 0.0667276
0.019965 0.977936 9.9982E-05 0.00189862 9.9982E-05
0.131773 0.428563 0.369896 9.9991E-05 0.0696682
0.152305 0.672311 0.175185 9.9982E-05 9.9982E-05
0.0986509 0.827321 0.0654007 9.9991E-05 0.00852782
0.0291403 0.914938 0.0476138 9.9991E-05 0.00820754
9.9973E-05 0.988049 9.9973E-05 9.9973E-05 0.0116511
9.9973E-05 0.957386 9.9973E-05 9.9973E-05 0.0423145
9.997E-05 0.9996 9.997E-05 9.997E-05 9.997E-05
0.099491 0.605962 0.244996 0.000928876 0.0486226
0.0584203 0.94128 9.9973E-05 9.9973E-05 9.9973E-05
9.9982E-05 0.06191 9.9982E-05 0.511057 0.426833
0.187331 0.150452 0.309773 0.115427 0.237017
0.0257645 0.0991635 0.452005 0.167229 0.255838
0.0385117 0.148202 0.183338 0.395061 0.234888
0.00340246 0.155167 0.406719 0.265659 0.169052
9.9991E-05 0.150868 0.201896 0.376385 0.270751
0.0488348 0.122508 0.416665 0.235957 0.176035
9.9991E-05 0.23271 0.326823 0.234597 0.20577
9.9991E-05 0.143287 0.542903 0.157149 0.156561
9.9991E-05 0.257963 0.311892 0.271923 0.158122
0.00612667 0.134083 0.478946 0.209826 0.171019
0.0620455 9.9991E-05 0.0400361 0.0618947 0.835924
0.00254688 0.0220974 0.0206333 0.00537594 0.949346
0.0210961 9.9973E-05 9.9973E-05 9.9973E-05 0.978604
0.0139004 0.00768142 0.0143659 9.9991E-05 0.963952
0.0686235 0.00902306 0.00376823 9.9991E-05 0.918485
9.9982E-05 0.091004 9.9982E-05 0.0181669 0.890629
0.0307721 0.0289871 0.039613 9.9991E-05 0.900528
9.9973E-05 9.9973E-05 9.9973E-05 0.0712757 0.928424
9.9982E-05 9.9982E-05 0.0630519 0.00217668 0.934571
0.0355192 0.0994178 9.9982E-05 9.9982E-05 0.864863
0.313013 9.9982E-05 9.9982E-05 0.0947573 0.592029
0.394062 0.00115319 0.00163226 0.00569725 0.597456
0.315083 9.9982E-05 9.9982E-05 0.147187 0.53753
0.331982 9.9982E-05 9.9982E-05 0.166793 0.501025
0.0873455 0.00764006 0.611329 0.203395 0.090291
0.144049 0.0335225 0.634883 0.183836 0.00370921
0.21634 0.0846288 0.510332 0.119817 0.0688815
0.25833 0.0170176 0.440925 0.250239 0.0334882
0.606649 0.0237647 0.246083 0.123403 9.9991E-05
9.9991E-05 0.0592762 0.656115 0.225832 0.0586773
0.139809 0.0208638 0.677428 0.1618 9.9991E-05
0.10691 0.0320852 0.618461 0.242443 9.9991E-05
0.0248507 0.0351553 0.531219 0.408675 9.9991E-05
0.0213726 0.0424221 0.745472 0.106296 0.0844373
0.122437 9.9991E-05 0.572656 0.261614 0.043194
0.145764 9.9982E-05 0.139828 0.714208 9.9982E-05
0.192822 9.9991E-05 0.698687 0.0354802 0.0729102
0.00262793 0.00453944 0.369228 0.586579 0.0370259
9.9982E-05 0.0578566 0.655266 0.286677 9.9982E-05
0.259303 9.9982E-05 0.265117 0.47538 9.9982E-05
0.769461 9.9982E-05 9.9982E-05 0.0795835 0.150756
0.688313 9.9991E-05 0.1139 0.0661488 0.131538
0.818836 9.9991E-05 0.00944316 0.110345 0.0612756
0.769421 9.9982E-05 9.9982E-05 0.111431 0.118948
0.822987 0.0443769 0.0704105 0.0621252 9.9991E-05
0.805819 0.0521135 0.0374829 0.058745 0.0458392
0.00959888 0.0205511 0.0623619 9.9991E-05 0.907388
0.0629994 0.0629628 0.0288942 9.9991E-05 0.845044
0.00105369 0.17496 0.0691577 9.9991E-05 0.754728
0.122504 0.140169 9.9982E-05 9.9982E-05 0.737127
0.0286946 0.0731764 0.0712306 9.9991E-05 0.826798
0.57882 9.9982E-05 9.9982E-05 0.0647145 0.356265
0.38939 9.9982E-05 9.9982E-05 0.179079 0.431331
0.468551 9.9982E-05 9.9982E-05 0.0936663 0.437583
0.021409 0.0672406 0.108688 9.9991E-05 0.802562
0.510213 9.9982E-05 9.9982E-05 0.108665 0.380921
9.9991E-05 0.342871 0.347507 0.0595061 0.250016
0.0197141 0.294527 0.522573 9.9991E-05 0.163086
9.9982E-05 0.321074 0.497756 9.9982E-05 0.18097
9.9991E-05 0.225403 0.36277 0.132691 0.279037
0.0933271 0.300948 0.394389 0.0986741 0.112661
9.9982E-05 0.349937 9.9982E-05 0.18447 0.465393
0.421901 0.00954046 0.507472 0.0204741 0.040612
0.185134 0.0703268 0.389827 0.331102 0.0236099
0.507627 0.00550759 0.373674 0.0203342 0.092857
0.192678 0.00501278 0.568396 0.233813 9.9991E-05
0.148457 9.9973E-05 9.9973E-05 0.851243 9.9973E-05
0.103167 9.9991E-05 0.61113 0.168932 0.116672
0.239037 9.9991E-05 0.623847 0.120888 0.0161276
0.422038 9.9991E-05 0.435936 0.138625 0.00330074
0.202241 0.087346 0.561294 0.0384454 0.110673
0.275373 0.00413241 0.139107 0.551213 0.0301742
0.113367 0.0814807 0.464016 0.277168 0.0639674
0.217245 0.0941954 0.514865 0.170611 0.00308437
0.0654957 0.229919 0.402097 0.134068 0.168421
0.279664 0.0382562 0.414047 0.267933 9.9991E-05
0.336363 0.0816937 0.442236 0.109298 0.0304097
0.130397 0.0813754 0.587019 0.188905 0.0123041
0.266978 9.9991E-05 0.584854 0.126264 0.0218039
0.215334 0.168624 0.601872 0.0140701 9.9991E-05
0.209306 0.0633486 0.603759 0.014979 0.108607
0.119959 0.126446 0.614374 0.0950687 0.0441522
9.9982E-05 0.0668073 0.115938 9.9982E-05 0.817055
9.9982E-05 0.0345049 0.0842177 9.9982E-05 0.881077
0.04595 0.00421179 0.0846157 0.0343392 0.830883
0.0825091 0.0439849 0.0545857 0.0159695 0.802951
9.9973E-05 9.9973E-05 0.116907 9.9973E-05 0.882793
0.554443 0.0195485 0.244592 0.151123 0.0302938
0.202374 0.0954409 0.505333 0.0992901 0.0975614
0.0689813 0.296726 0.358212 0.077991 0.198089
0.15053 0.101098 0.699054 9.9991E-05 0.0492186
0.28182 0.00453147 0.568305 0.0680962 0.077247
0.381261 0.121848 0.254341 0.235071 0.00747888
0.626387 9.9991E-05 0.0434138 0.192547 0.137552
0.346587 0.0544168 0.572979 9.9991E-05 0.0259174
0.590601 0.0822546 0.168202 0.105005 0.0539377
0.188702 0.0733811 0.390138 0.254181 0.0935975
0.542617 0.0306362 0.139759 0.19156 0.0954273
0.195523 0.139298 0.504643 9.9991E-05 0.160436
0.571351 0.0142164 0.261148 0.0965604 0.0567238
0.384614 0.136771 0.265671 0.192623 0.0203217
0.158056 0.0899762 0.499707 0.22369 0.0285708
0.0944968 9.9991E-05 0.36643 0.457315 0.0816572
0.108047 0.0348474 0.681774 0.100932 0.0743993
0.0628083 0.136755 0.475517 0.201609 0.123311
0.106619 9.9991E-05 0.443007 0.418668 0.0316055
0.0154702 0.0823898 0.540879 0.191924 0.169338
0.0303008 0.00303828 0.661174 0.197605 0.107882
0.118272 9.9982E-05 0.188107 0.693421 9.9982E-05
9.9982E-05 9.9982E-05 0.314274 0.656176 0.0293495
0.0504689 0.039135 0.570527 0.284602 0.0552672
0.130854 9.9991E-05 0.292183 0.524281 0.052582
0.16325 0.0342984 0.508653 0.217389 0.0764105
0.693516 0.04944 0.130643 0.126301 9.9991E-05
0.296828 0.0800931 0.294462 0.328517 9.9991E-05
0.393493 0.205227 0.31488 0.0687317 0.017668
0.215952 0.106347 0.617757 0.0302021 0.0297419
0.475981 0.0380677 0.316127 0.169724 9.9991E-05
0.112518 0.112775 0.532825 0.106139 0.135744
0.309304 0.169614 0.443108 0.0407288 0.037246
0.253425 0.134879 0.507885 0.0586018 0.0452096
0.315193 0.117208 0.527055 0.0174792 0.0230656
0.2867 0.0796915 0.50233 0.0844347 0.0468436
0.564773 0.10379 0.266943 0.064394 9.9991E-05
0.422129 0.121727 0.362372 0.0936723 9.9991E-05
0.215692 0.1425 0.605073 0.0366361 9.9991E-05
0.164138 0.0301654 0.71533 0.037436 0.0529304
0.245545 0.0288904 0.426124 0.231446 0.0679945
0.243016 0.154119 0.459306 0.143459 9.9991E-05
0.400175 0.0553902 0.364774 0.0622268 0.117434
0.24392 0.123661 0.59932 0.0329984 9.9991E-05
0.271351 0.164997 0.500223 0.0421526 0.0212765
0.115439 0.0705092 0.550891 0.121992 0.141169
0.0117249 0.11979 0.449816 0.0346171 0.384052
9.9991E-05 0.223313 0.523729 0.0635675 0.189291
0.200003 0.183543 0.432344 0.0960109 0.0880991
0.0705749 0.238248 0.533776 0.111929 0.0454716
9.9991E-05 0.228423 0.438933 0.108739 0.223805
0.19961 0.110846 0.48146 0.207985 9.9991E-05
0.185942 0.226247 0.410304 0.0494005 0.128106
9.9982E-05 0.186345 9.9982E-05 0.552311 0.261144
0.160738 0.268755 0.439453 0.0590933 0.0719608
0.0882502 0.221173 0.554967 0.0542001 0.0814092
9.9991E-05 0.228163 0.505354 0.137217 0.129166
0.0861452 0.150111 0.341937 0.211831 0.209976
0.056303 0.285321 0.483621 0.0832767 0.0914779
0.0266308 0.194275 0.485664 0.0935038 0.199926
9.9982E-05 0.177707 9.9982E-05 0.310403 0.511691
0.0302732 0.270071 0.438986 0.106435 0.154235
9.9991E-05 0.241831 0.503914 0.00917614 0.244979
9.9991E-05 0.170092 0.606514 0.1306 0.0926941
9.9982E-05 0.234078 0.565067 9.9982E-05 0.200655
0.104416 0.186528 0.470372 0.0216122 0.217072
0.0630469 0.104912 0.532151 0.263295 0.0365956
0.0188375 0.0489575 0.668499 0.176771 0.0869356
0.107506 0.0243034 0.112128 0.755963 9.9991E-05
0.0739882 9.9982E-05 0.0745604 0.851251 9.9982E-05
0.0528284 0.142212 0.523127 0.229973 0.0518584
9.9991E-05 0.379089 0.364205 0.117556 0.13905
9.9991E-05 0.396944 0.294088 0.247345 0.0615234
0.029554 0.35763 0.138156 0.260735 0.213924
9.9991E-05 0.319786 0.335192 0.168344 0.176579
9.9991E-05 0.144294 0.094236 0.68363 0.0777393
9.9991E-05 0.165398 0.156766 0.5447 0.133036
9.9982E-05 0.184065 0.568142 0.247593 9.9982E-05
0.00228926 0.183429 0.442696 0.291275 0.0803106
9.9991E-05 0.177178 0.208343 0.503199 0.111179
0.0757836 0.106747 0.614105 0.161117 0.0422477
0.0221344 0.125419 0.544421 0.256136 0.0518906
0.0412767 0.202157 0.479132 0.217336 0.0600984
0.069004 0.00973301 0.448497 0.446196 0.0265695
0.0889301 0.0802283 0.345385 0.485356 9.9991E-05
0.00218196 0.129741 0.553977 0.314 9.9991E-05
0.11971 0.0558567 0.483897 0.277678 0.0628587
0.0731179 0.173784 0.435561 0.246756 0.0707806
9.9982E-05 0.0650412 0.554305 0.380454 9.9982E-05
0.0979632 0.0412706 0.25251 0.608156 9.9991E-05
9.9991E-05 0.0379679 0.664336 0.2341 0.0634963
0.0427142 0.0806737 0.276757 0.599755 9.9991E-05
9.9996E-05 0.0732945 0.44648 0.443369 0.0367567
0.0661007 0.146907 0.592247 0.158502 0.036242
0.0234891 0.0923718 0.506735 0.335647 0.0417572
9.9991E-05 0.133861 0.48184 0.161289 0.22291
0.154602 0.257011 0.40822 0.117378 0.0627882
9.9991E-05 0.266409 0.353273 0.138301 0.241917
0.187282 0.289688 0.251196 0.143854 0.127981
0.116876 0.123287 0.482432 0.139075 0.138331
0.0493959 0.13742 0.459055 0.146548 0.207581
9.9982E-05 0.196979 9.9982E-05 0.604389 0.198432
0.00254155 0.288075 0.50715 0.152744 0.0494897
9.9982E-05 0.177741 9.9982E-05 0.440064 0.381996
9.9991E-05 0.226423 0.491819 0.139705 0.141953
9.9973E-05 9.9973E-05 0.25239 0.74731 9.9973E-05
0.0547951 0.0181323 0.0165195 0.910453 9.9991E-05
0.00534097 0.00556005 0.598411 0.390588 9.9991E-05
9.9982E-05 0.127012 0.600429 0.272359 9.9982E-05
0.0780912 9.9982E-05 0.501907 0.419802 9.9982E-05
9.9991E-05 0.0177753 0.579116 0.391686 0.011323
0.0596989 0.0396514 0.631465 0.269085 9.9991E-05
0.0544932 0.0479543 0.0777065 0.00537656 0.814469
0.149155 0.0975022 9.9991E-05 0.0010672 0.752176
0.0544056 0.0697953 9.9982E-05 9.9982E-05 0.875599
9.9973E-05 9.9973E-05 0.0610938 9.9973E-05 0.938606
9.9982E-05 9.9982E-05 0.668711 0.287696 0.0433925
0.118202 0.000318155 0.630393 0.169521 0.0815653
0.0785934 9.9982E-05 0.716164 0.205043 9.9982E-05
0.0927584 0.0391969 0.658711 0.0539612 0.155372
0.163108 0.0752431 0.615045 0.0792003 0.0674029
0.163051 9.9991E-05 0.439303 0.378506 0.0190399
0.035271 0.0377598 0.790675 0.136194 9.9991E-05
9.9982E-05 9.9982E-05 0.527884 0.444587 0.0273295
0.023314 0.157102 0.516302 0.0179962 0.285285
0.118427 0.0834648 0.549743 0.248265 9.9991E-05
0.169654 9.9982E-05 0.559716 0.27043 9.9982E-05
9.9982E-05 0.0350538 0.751058 0.213688 9.9982E-05
0.10555 0.0132593 0.566255 0.307964 0.00697222
0.0289337 0.020939 0.777512 0.167617 0.00499863
9.9991E-05 0.0251092 0.746677 0.126712 0.101402
9.9973E-05 9.9973E-05 0.360468 0.639232 9.9973E-05
0.0825195 9.9982E-05 0.470145 0.447135 9.9982E-05
0.153898 9.9982E-05 0.489558 0.356343 9.9982E-05
9.9973E-05 9.9973E-05 0.145133 0.854567 9.9973E-05
0.136625 9.9991E-05 0.56181 0.269754 0.0317115
0.0227803 9.9982E-05 0.29728 0.67974 9.9982E-05
0.0367227 9.9991E-05 0.125143 0.828316 0.00971852
0.0281384 0.100657 0.694092 0.158198 0.0189152
0.180089 9.9991E-05 0.440719 0.376665 0.00242727
0.129365 0.015185 0.598731 0.214689 0.0420299
0.0649082 0.0789514 0.666823 0.0610686 0.128249
0.0727344 0.00111426 0.694991 0.231061 9.9991E-05
0.307281 0.120943 0.372927 0.198749 9.9991E-05
0.0623378 0.0643399 0.60049 0.272733 9.9991E-05
0.136706 9.99989E-05 0.634748 0.197313 0.0311336
0.0684518 9.9982E-05 0.53199 0.399358 9.9982E-05
9.9991E-05 0.0313691 0.688757 0.193331 0.0864424
0.295331 9.9982E-05 9.9982E-05 0.024896 0.679573
0.110261 9.9991E-05 0.110735 0.00848269 0.770422
0.131983 9.9982E-05 9.9982E-05 0.0205609 0.847256
0.145987 9.9982E-05 9.9982E-05 0.0290252 0.824788
0.274539 9.9982E-05 0.0157093 9.9982E-05 0.709552
0.27591 9.9991E-05 0.3697 0.326167 0.0281233
0.184937 9.9991E-05 0.315086 0.45519 0.0446867
9.9973E-05 9.9973E-05 0.401755 0.597945 9.9973E-05
0.108159 0.199932 0.487738 0.107905 0.0962665
0.10745 0.142713 0.618491 0.0345306 0.0968147
9.9982E-05 9.9982E-05 0.520473 0.410967 0.0683597
9.9982E-05 0.0786819 0.656983 0.264135 9.9982E-05
9.9991E-05 0.0230935 0.56658 0.363612 0.0466137
0.0186159 9.9991E-05 0.712524 0.219597 0.0491633
0.119137 0.0853083 0.694799 0.019029 0.0817264
0.157898 9.9982E-05 0.483271 0.35863 9.9982E-05
0.136089 9.9991E-05 0.591528 0.271225 0.0010584
0.244727 9.9982E-05 0.530128 0.224945 9.9982E-05
9.9991E-05 0.0266181 0.669778 0.0733793 0.230124
0.107611 9.9991E-05 0.632105 0.254591 0.00559274
0.0551231 0.0642949 0.640869 0.239613 9.9991E-05
0.047209 0.521486 0.33614 9.9991E-05 0.0950651
0.00879283 0.486346 0.33277 0.0356377 0.136453
9.9982E-05 0.502738 0.382474 9.9982E-05 0.114588
9.9991E-05 0.556106 0.294442 0.0469587 0.102392
0.010296 0.362848 0.418646 0.0859923 0.122218
9.9991E-05 0.0235018 0.6288 0.310334 0.0372638
9.9991E-05 0.653055 0.0280585 0.0291551 0.289632
0.023674 0.590217 0.212389 0.0163352 0.157385
9.9991E-05 0.180213 0.512045 0.120171 0.187471
9.9991E-05 0.00432843 0.671614 0.105792 0.218166
0.128298 0.0594156 0.465365 0.169074 0.177847
0.0540979 9.9991E-05 0.713519 0.0685739 0.163709
0.0276572 0.0176506 0.747867 0.0771197 0.129706
9.9982E-05 0.445701 0.361934 9.9982E-05 0.192165
0.0674454 0.399272 0.374936 0.0600072 0.0983396
9.9982E-05 0.566383 0.331114 9.9982E-05 0.102304
0.142472 0.425816 0.337349 0.0135697 0.0807935
9.9991E-05 0.557247 0.251143 0.0701187 0.121391
0.0513574 0.417714 0.386932 0.0687728 0.0752239
9.9991E-05 0.532484 0.272169 0.0356032 0.159643
0.00414711 0.375842 0.470373 9.9991E-05 0.149538
0.0371695 0.0425027 0.624952 0.18533 0.110045
0.085568 0.356055 0.365709 0.0406214 0.152047
9.9982E-05 0.693593 0.101861 9.9982E-05 0.204346
0.0759856 0.336832 0.398311 0.00455281 0.184319
0.291671 9.9991E-05 0.259244 0.259334 0.189651
0.169357 0.153555 0.583679 0.0631136 0.0302951
9.9991E-05 0.333751 0.44096 0.107012 0.118178
0.0819706 0.0647466 0.626699 0.0918631 0.134721
0.00373671 9.9991E-05 0.636464 0.143819 0.21588
9.9991E-05 0.362053 0.385241 0.0453019 0.207304
9.9991E-05 0.342133 0.289731 0.150579 0.217458
0.157587 0.152801 0.539523 0.0599407 0.090149
0.0332217 0.309427 0.449147 0.0391068 0.169098
9.9982E-05 0.477563 0.387769 9.9982E-05 0.134468
9.9991E-05 0.632469 0.0717193 0.0530719 0.24264
0.10885 0.0855389 0.57719 0.0789651 0.149456
0.146563 0.0118049 0.546694 0.141867 0.153072
9.9991E-05 0.0275275 0.214912 0.575586 0.181874
0.0663952 0.0322355 0.679456 0.0370804 0.184832
0.227986 0.105402 0.453695 0.152926 0.0599914
0.000763181 0.147127 0.474273 0.160778 0.217059
0.110847 0.20003 0.435509 0.157558 0.0960557
9.9982E-05 0.231809 9.9982E-05 0.421674 0.346317
9.9982E-05 0.126042 9.9982E-05 0.517787 0.355971
0.0836112 0.198127 0.252102 0.278163 0.187996
9.9982E-05 0.238936 9.9982E-05 0.391317 0.369546
9.9982E-05 0.256069 9.9982E-05 0.266028 0.477702
9.9991E-05 0.198065 0.338966 0.295307 0.167563
9.9991E-05 0.13819 0.422101 0.183955 0.255653
0.0137303 0.126119 0.234161 0.300456 0.325534
9.9991E-05 0.232952 0.0587073 0.386715 0.321526
9.9991E-05 0.0822733 0.481659 0.178214 0.257754
9.9991E-05 0.172914 0.142273 0.410121 0.274592
9.9982E-05 0.10562 9.9982E-05 0.411129 0.483051
0.051285 0.242672 0.562972 9.9991E-05 0.142971
0.0466242 0.342033 0.235583 0.198097 0.177663
0.0278214 0.164625 0.460682 0.0455252 0.301346
9.9982E-05 0.318425 0.508818 9.9982E-05 0.172556
9.9982E-05 0.253857 0.566151 9.9982E-05 0.179793
9.9991E-05 0.275911 0.540567 0.0950021 0.0884199
0.0455456 0.268473 0.335462 9.9991E-05 0.350419
0.0317711 0.22516 0.528888 0.00683553 0.207345
0.0576354 0.250617 0.424661 9.9991E-05 0.266987
9.9991E-05 0.23758 0.358069 0.134526 0.269725
0.0712351 0.211944 0.330368 0.202842 0.183611
0.0662391 0.156479 0.468407 0.135857 0.173018
0.0756328 0.218906 0.508481 0.0906301 0.10635
9.9991E-05 0.091296 0.6387 0.0950367 0.174868
9.9982E-05 0.31808 0.39577 9.9982E-05 0.28595
9.9982E-05 0.188735 0.568752 9.9982E-05 0.242313
9.9991E-05 0.285509 0.100076 0.224205 0.39011
0.131987 0.232116 0.460696 9.9991E-05 0.175101
9.9991E-05 0.361169 0.134615 0.224076 0.28004
0.117809 9.9991E-05 0.00995846 0.0264873 0.845645
0.748535 9.9991E-05 0.170013 0.0304988 0.0508529
0.9996 9.997E-05 9.997E-05 9.997E-05 9.997E-05
0.995399 9.9973E-05 9.9973E-05 9.9973E-05 0.00430098
0.971308 0.00724028 0.0212522 9.9982E-05 9.9982E-05
0.936784 0.0252665 0.0320332 9.9991E-05 0.00581667
0.966031 9.9973E-05 0.0336686 9.9973E-05 9.9973E-05
0.99641 9.9973E-05 9.9973E-05 9.9973E-05 0.00328969
0.791482 0.01816 9.9982E-05 9.9982E-05 0.190158
0.0163983 0.0165777 0.0331343 9.9991E-05 0.93379
0.106549 0.0325336 0.00730109 0.0511319 0.802485
9.9982E-05 0.0559001 0.0504677 9.9982E-05 0.893432
0.133676 9.9982E-05 0.0196672 9.9982E-05 0.846457
0.0189838 0.0335417 0.029553 9.9991E-05 0.917822
0.0907326 0.0137853 9.9982E-05 9.9982E-05 0.895282
0.156819 0.148259 9.9982E-05 9.9982E-05 0.694722
0.0411961 0.0854437 9.9991E-05 0.0256798 0.84758
0.165173 0.0804493 0.0454901 0.0152169 0.693671
9.9982E-05 0.0724932 0.00412719 9.9982E-05 0.92318
0.0149661 9.9982E-05 9.9982E-05 0.00512935 0.979705
0.0299701 0.0197941 0.0862642 9.9991E-05 0.863872
0.000105565 9.9973E-05 9.9973E-05 9.9973E-05 0.999595
9.9982E-05 0.0184216 0.0659543 9.9982E-05 0.915424
0.070397 0.0296978 0.0515918 9.9991E-05 0.848213
9.9982E-05 0.0960419 0.0436914 9.9982E-05 0.860067
9.9982E-05 0.165007 0.039662 9.9982E-05 0.795131
9.9982E-05 0.11649 0.111859 9.9982E-05 0.771451
9.9982E-05 0.0507774 0.110213 9.9982E-05 0.83881
0.0402838 0.0213272 0.493771 0.213241 0.231376
9.9982E-05 9.9982E-05 0.774973 0.0794312 0.145396
0.0593551 0.125976 0.615821 0.0672301 0.131618
0.00577806 0.0401067 0.162814 0.689434 0.101867
0.111901 9.9991E-05 0.618797 0.0954396 0.173763
9.9991E-05 0.00391265 0.178891 0.57049 0.246607
9.9991E-05 0.0226148 0.745226 0.113718 0.118341
0.182882 9.9991E-05 0.518654 0.200468 0.0978953
0.00576493 9.9991E-05 0.663425 0.223427 0.107283
0.197575 0.0378365 0.534908 0.179682 0.0499982
0.134858 9.9991E-05 0.56282 0.143521 0.158702
0.0195133 0.0385828 0.7008 0.163183 0.0779209
0.11822 9.9991E-05 0.678283 0.103619 0.0997771
0.476968 0.0784352 0.0749885 0.369509 9.9991E-05
0.00533507 9.9982E-05 9.9982E-05 0.859682 0.134783
9.9991E-05 0.0378888 0.166592 0.643614 0.151805
0.0926593 0.0537218 0.709146 0.0237402 0.120733
0.016609 9.9991E-05 0.668389 0.145687 0.169215
0.0383911 9.9991E-05 0.604865 0.192124 0.16452
9.9991E-05 0.034884 0.753488 0.0865563 0.124972
0.0180243 0.180941 0.561133 0.0358525 0.20405
0.0062117 0.205742 0.588416 9.9991E-05 0.19953
0.0735831 0.154206 0.164024 0.149123 0.459064
0.152561 0.126985 0.584839 0.0632661 0.0723486
0.138715 0.174363 0.442618 9.9991E-05 0.244204
9.9982E-05 0.182035 9.9982E-05 0.374388 0.443377
9.9991E-05 0.171734 0.347545 0.16885 0.311771
0.0877553 0.194648 0.293388 0.0374939 0.386714
0.143543 0.0847751 0.409583 0.0222693 0.33983
0.0635004 0.243551 0.443312 0.0507717 0.198865
0.0239195 0.212266 0.544352 9.9991E-05 0.219362
0.0559172 0.187204 0.590639 9.9991E-05 0.166139
0.0113218 0.223611 0.395908 0.193562 0.175598
0.0186009 0.163618 0.324673 0.00904933 0.484059
