0.0463482 0.0383593 0.915193 9.9991E-05
0.00733046 0.0474262 0.945143 9.9991E-05
0.0350957 9.9991E-05 0.862716 0.102089
0.0637832 0.00331834 0.872042 0.0608564
0.102298 0.0175061 0.859403 0.0207933
0.0560024 0.174016 0.665939 0.104042
9.999E-05 0.0796545 0.8656 0.0546459
0.0320528 0.166843 0.801004 9.9991E-05
9.9982E-05 0.164076 0.835724 9.9982E-05
0.0885348 0.0171086 0.756493 0.137864
9.9991E-05 0.128727 0.817445 0.0537276
0.0519996 0.514239 0.0626831 0.371078
0.0524774 0.216574 0.0813223 0.649626
0.074419 0.473612 0.0685573 0.383412
0.182283 0.345186 0.0865493 0.385981
0.188826 0.233631 0.16652 0.411023
0.110232 0.143565 0.115055 0.631148
0.152367 0.302986 0.0132666 0.53138
0.0517824 0.334918 0.165814 0.447486
0.0328857 0.715845 0.138366 0.112903
0.0351944 0.328413 0.127982 0.50841
0.0446132 0.358256 0.0562614 0.540869
0.0721027 0.197629 0.120005 0.610263
0.0943388 0.428628 0.0746765 0.402357
9.9991E-05 0.108002 0.125827 0.766071
0.0668521 0.185078 0.093577 0.654493
0.0758932 0.493376 0.162096 0.268635
0.194209 0.429238 0.0898756 0.286678
0.0920879 0.558797 0.0402528 0.308862
0.0792272 9.9991E-05 0.841003 0.0796697
0.0318493 9.9991E-05 0.813197 0.154854
0.012164 9.9991E-05 0.823178 0.164558
0.111671 9.9991E-05 0.771397 0.116831
0.0226154 0.289516 0.0106794 0.67719
0.0145582 0.137322 0.115218 0.732902
0.0120102 0.186638 0.0848498 0.716502
9.9991E-05 0.574053 0.139573 0.286274
0.0681135 0.414425 9.9991E-05 0.517362
0.0949799 0.174426 0.0687542 0.66184
0.0783993 0.0283476 0.0610551 0.832198
9.9991E-05 0.126983 0.155485 0.717432
9.9991E-05 0.118927 0.1763 0.704673
9.9991E-05 0.540538 0.021215 0.438147
0.0752265 0.196917 0.0835326 0.644324
0.185428 0.148782 0.0444542 0.621336
0.0987133 0.132539 0.125959 0.642789
9.9982E-05 0.405947 9.9982E-05 0.593853
0.0644625 0.150618 0.0170481 0.767871
0.05181 0.189394 0.167298 0.591498
9.9991E-05 0.849109 0.0819739 0.0688168
9.9991E-05 0.683771 0.0107575 0.305371
0.10875 0.746747 0.0102059 0.134297
0.121355 0.176723 0.113287 0.588635
0.127269 0.0999519 0.122885 0.649894
0.166281 0.268611 0.0311581 0.533949
9.9991E-05 0.545493 0.135447 0.31896
9.9991E-05 0.290633 0.0292197 0.680048
0.215572 0.127283 0.111722 0.545424
9.9991E-05 0.353425 0.141218 0.505257
0.0441904 0.537725 0.269235 0.148849
0.0567424 0.21535 0.13003 0.597878
0.0605178 0.258245 0.176338 0.5049
9.9991E-05 0.69827 0.148841 0.15279
0.0870432 0.319765 9.9991E-05 0.593091
0.136203 0.233719 0.000947432 0.62913
0.106711 0.11618 0.164874 0.612235
0.095798 0.499395 0.0529265 0.35188
0.0630752 0.274649 0.0691983 0.593077
0.0987002 0.0722394 0.16986 0.6592
9.9991E-05 0.594671 0.0724277 0.332802
9.9982E-05 0.24451 9.9982E-05 0.75529
9.9982E-05 0.540077 9.9982E-05 0.459723
0.0631284 0.134026 0.105922 0.696924
9.9982E-05 0.705998 9.9982E-05 0.293802
9.9982E-05 0.726616 9.9982E-05 0.273184
9.9982E-05 0.481932 9.9982E-05 0.517868
9.9991E-05 0.331444 0.0206987 0.647757
0.0822853 0.138622 0.163939 0.615154
0.0965377 0.264961 9.9991E-05 0.638401
9.9991E-05 0.437284 0.0496675 0.512949
9.9991E-05 0.468595 0.0382347 0.493071
0.147833 0.186144 0.0753879 0.590636
9.9991E-05 0.419305 0.0328187 0.547776
9.9991E-05 0.277232 0.0619375 0.660731
9.9982E-05 0.332183 9.9982E-05 0.667617
0.0324418 0.795954 9.9991E-05 0.171504
9.9991E-05 0.0641024 0.138185 0.797613
0.0179608 9.9991E-05 0.840017 0.141922
9.9982E-05 9.9982E-05 0.939119 0.0606814
0.0934603 9.9991E-05 0.866097 0.0403431
0.0380646 0.000263594 0.93501 0.0266613
0.037793 9.9991E-05 0.886345 0.0757615
0.0571197 9.9991E-05 0.888256 0.0545241
0.00638112 9.9991E-05 0.961581 0.0319383
0.0739991 0.146728 0.158305 0.620968
0.130556 0.13221 0.119161 0.618073
9.9991E-05 0.668793 0.0436678 0.287439
0.0625796 0.0995778 0.110858 0.726984
9.9991E-05 0.288943 0.0438962 0.66706
0.0494905 0.112297 0.109443 0.72877
0.00256925 0.193291 0.0629127 0.741227
0.108664 0.232173 9.9991E-05 0.659063
9.9991E-05 0.719388 0.0670327 0.213479
0.104772 0.0987277 0.214879 0.581621
9.9991E-05 0.127143 0.120493 0.752264
0.0709084 0.07756 0.171603 0.679929
0.0735971 0.424047 0.00819155 0.494164
0.0119586 0.256753 0.0272253 0.704063
9.9991E-05 0.329318 0.0421776 0.628404
0.0453619 0.353445 9.9991E-05 0.601093
9.9991E-05 0.22038 0.0730459 0.706474
0.104292 0.160681 0.0867922 0.648235
0.0622655 0.55696 0.104551 0.276223
0.0662569 0.232785 0.22663 0.474327
0.0832414 0.16473 0.161119 0.590909
0.0895705 0.124588 0.123171 0.66267
0.0498753 0.323194 0.077249 0.549682
0.130069 0.271992 0.0128615 0.585077
0.0881102 0.298284 0.0692768 0.544329
0.0466485 0.328514 0.0415633 0.583275
0.108852 0.161665 0.0792178 0.650265
0.0260401 0.169461 0.0585202 0.745979
9.9991E-05 0.314091 0.0838066 0.602002
0.100662 0.17602 0.0742419 0.649075
0.19389 0.0983789 0.108834 0.598897
0.072559 0.233733 9.9991E-05 0.693608
0.108733 0.254132 0.0410508 0.596084
0.163189 0.201578 9.9991E-05 0.635134
0.0553741 0.343739 0.149902 0.450985
0.0717882 0.178795 0.0393822 0.710034
0.183919 0.125426 0.0274642 0.663191
0.0914587 0.540045 0.0263841 0.342112
0.121627 0.747321 0.00512551 0.125926
0.0901973 0.223133 0.0739362 0.612733
0.101604 0.75134 9.9991E-05 0.146956
9.9991E-05 0.505369 0.107744 0.386788
9.9991E-05 0.333535 0.0501608 0.616205
9.9991E-05 0.457434 0.10628 0.436187
0.0586174 0.52408 0.000825099 0.416477
0.0585116 0.18671 0.0603379 0.694441
0.0866297 0.0785335 0.183252 0.651585
0.0839381 0.158705 0.0867786 0.670579
0.115951 0.628171 0.0499284 0.20595
0.0455794 0.128908 0.218438 0.607075
0.107924 0.206202 0.110041 0.575833
0.00982291 0.719323 0.216858 0.0539963
0.101956 0.0783579 0.129895 0.689792
0.119128 0.41323 0.0804928 0.38715
0.10387 0.206907 0.119217 0.570006
0.127386 0.484618 0.0960668 0.291929
9.9991E-05 0.586605 0.119627 0.293668
0.0205406 0.378327 0.0785761 0.522556
0.135707 0.247019 0.101395 0.515879
0.115278 0.294055 0.187279 0.403388
0.21089 0.621078 0.0820661 0.0859661
0.112571 0.15532 0.103971 0.628138
9.9991E-05 0.472391 0.00417768 0.523331
0.03361 0.435795 9.9991E-05 0.530495
0.103973 0.151103 0.0831874 0.661736
0.324489 0.223466 0.346384 0.105661
0.215872 0.155264 0.628764 9.9991E-05
0.228729 0.270122 0.501049 9.9991E-05
0.389657 0.165096 0.426975 0.018272
0.0900983 0.117647 0.0118581 0.780397
0.139515 0.149126 0.110948 0.600411
0.709569 9.9982E-05 9.9982E-05 0.290231
0.490112 0.14122 0.0102457 0.358422
0.41445 0.0465213 0.11231 0.426719
0.0802117 0.5379 9.9991E-05 0.381789
0.182264 0.298021 0.0306956 0.489019
0.149468 0.646338 0.00388973 0.200304
0.080928 0.227243 0.0574031 0.634426
0.0325831 0.41984 9.9991E-05 0.547477
0.133981 0.252119 0.0571736 0.556726
0.0681901 0.664731 0.00167136 0.265408
0.117894 0.124955 0.0923536 0.664797
0.105752 0.181207 0.0558141 0.657227
0.991846 9.9982E-05 9.9982E-05 0.00795447
0.929887 9.9982E-05 9.9982E-05 0.069913
0.686084 0.045824 0.0022379 0.265854
0.717875 9.9982E-05 9.9982E-05 0.281926
0.807988 0.0265446 9.9991E-05 0.165368
0.9997 9.998E-05 9.998E-05 9.998E-05
0.978962 0.0208377 9.9982E-05 9.9982E-05
0.908223 9.9982E-05 9.9982E-05 0.091577
0.998668 9.9982E-05 9.9982E-05 0.00113235
0.9997 9.998E-05 9.998E-05 9.998E-05
0.9997 9.998E-05 9.998E-05 9.998E-05
0.797094 9.9991E-05 0.0279322 0.174874
0.831611 9.9991E-05 0.039893 0.128396
0.9997 9.998E-05 9.998E-05 9.998E-05
0.432222 0.122616 0.0504771 0.394685
0.626939 0.0482376 0.0606369 0.264187
0.767153 0.0224338 0.0452724 0.165141
0.896466 9.9991E-05 0.0192119 0.0842223
0.969471 9.9991E-05 0.0216362 0.00879284
0.925574 0.00208082 0.0422191 0.0301265
0.9997 9.998E-05 9.998E-05 9.998E-05
0.637772 0.0598385 0.0769339 0.225456
0.890125 0.00460705 0.00848967 0.0967788
0.124702 0.504087 0.37111 9.9991E-05
0.0855557 0.220022 0.242839 0.451582
0.0623294 0.177137 0.244705 0.515829
0.244911 0.390652 0.232077 0.13236
0.154422 0.178009 0.172624 0.494944
0.225551 0.338463 0.259272 0.176714
0.149091 0.278071 0.13179 0.441048
0.285413 0.281022 0.189719 0.243846
0.246239 0.214323 0.15845 0.380988
0.293436 0.20109 0.12835 0.377124
0.1142 0.1662 0.245787 0.473813
9.9991E-05 0.0821288 0.873605 0.0441661
0.0657308 9.9982E-05 0.934069 9.9982E-05
9.9982E-05 0.0178698 0.98193 9.9982E-05
9.9982E-05 0.0379715 0.961829 9.9982E-05
0.0376119 0.0523177 0.90997 9.9991E-05
0.0834051 9.9982E-05 0.916395 9.9982E-05
0.0925335 9.9982E-05 0.907267 9.9982E-05
0.0559393 0.033574 0.910387 9.9991E-05
0.0373429 9.9991E-05 0.915066 0.0474909
0.120895 0.0116487 0.867356 9.9991E-05
0.0161604 0.328415 0.655324 9.9991E-05
9.9991E-05 0.319641 0.665183 0.0150754
9.9982E-05 0.417382 0.582418 9.9982E-05
9.9982E-05 0.440235 0.559565 9.9982E-05
9.9991E-05 0.237104 0.0973423 0.665454
0.0504428 0.225931 0.0665435 0.657082
0.0452219 0.203626 0.0836753 0.667477
9.9991E-05 0.344874 0.0649383 0.590087
9.9991E-05 0.671404 0.0460314 0.282464
0.117982 0.123548 0.0788897 0.67958
0.0593747 0.199472 9.9991E-05 0.741054
9.9991E-05 0.303108 0.0437141 0.653077
0.0554963 0.423891 9.9991E-05 0.520512
0.0391428 0.194575 0.0837071 0.682575
9.9991E-05 0.370727 0.0231159 0.606057
9.9982E-05 0.843444 9.9982E-05 0.156356
0.028155 0.208743 0.170334 0.592768
9.9982E-05 0.469131 9.9982E-05 0.530669
0.0288941 0.237087 0.00648275 0.727536
9.9991E-05 0.579597 0.0326507 0.387652
9.9991E-05 0.695053 0.253376 0.0514716
9.9991E-05 0.662762 0.24378 0.0933576
9.9991E-05 0.695506 0.179766 0.124628
9.9991E-05 0.706098 0.261193 0.0326085
9.9991E-05 0.655648 0.167491 0.176761
0.0103242 0.669241 0.187003 0.133431
0.0393655 9.9991E-05 0.901721 0.0588133
0.0993771 0.0110072 0.832331 0.0572845
0.118889 9.9991E-05 0.79661 0.0844006
0.0854228 0.00556664 0.820221 0.0887892
0.0985962 9.9991E-05 0.820921 0.0803832
9.9982E-05 0.51995 0.47985 9.9982E-05
9.9982E-05 0.46631 0.53349 9.9982E-05
0.0104313 0.468245 0.521223 9.9991E-05
0.0534631 9.9991E-05 0.837532 0.108905
0.0103907 0.505237 0.463347 0.0210259
0.444806 0.0427651 0.23199 0.280439
0.211237 0.0338657 0.0994655 0.655432
0.346536 9.9991E-05 0.174265 0.479099
0.170643 0.0403968 0.297206 0.491754
0.196168 0.0861005 0.119184 0.598547
0.352188 0.144768 0.502945 9.9991E-05
9.9991E-05 0.375758 0.0450728 0.579069
0.107516 0.519705 0.0122153 0.360564
9.9991E-05 0.442604 0.159274 0.398022
0.0099997 0.362558 0.0307836 0.596658
0.0119822 0.987818 9.9982E-05 9.9982E-05
0.0657262 0.284249 0.0754013 0.574624
0.0420741 0.276449 0.0584815 0.622995
9.9991E-05 0.417191 0.112563 0.470146
0.07632 0.0917367 0.152132 0.679811
0.0321977 0.708856 9.9991E-05 0.258846
0.138918 0.382299 9.9991E-05 0.478684
0.0331069 0.264762 0.0213017 0.680829
0.219681 0.150252 0.165331 0.464736
0.0641355 0.479999 9.9991E-05 0.455765
0.0449064 0.370209 0.0689678 0.515917
0.139933 0.315513 9.9991E-05 0.544453
0.0180531 0.315578 0.00175303 0.664616
0.107267 0.141725 0.098064 0.652944
0.110384 0.138334 0.109687 0.641596
0.147355 0.176248 0.090239 0.586158
0.148879 9.9991E-05 0.770802 0.0802196
0.0625907 9.9991E-05 0.869484 0.067825
0.0388407 0.109518 0.811093 0.0405485
0.0512045 0.0815491 0.829043 0.0382036
0.0420871 9.9991E-05 0.878544 0.0792693
0.0667075 0.600389 0.0707532 0.26215
0.134231 0.305358 0.0431124 0.517298
0.203267 0.146387 0.21659 0.433756
0.12788 0.191715 0.00586006 0.674545
0.010255 0.282444 0.083982 0.623318
0.158604 0.532149 9.9991E-05 0.309147
9.9991E-05 0.718835 0.217826 0.0632396
0.0298617 0.280401 0.0504105 0.639327
0.0644487 0.555887 0.152756 0.226908
0.12041 0.413354 0.0438792 0.422357
9.9991E-05 0.559309 0.218107 0.222483
0.12034 0.128397 0.188109 0.563154
9.9991E-05 0.531498 0.143909 0.324494
0.114742 0.43979 0.0695078 0.37596
0.113882 0.270243 0.035995 0.57988
0.0750321 0.551779 0.0641019 0.309087
0.0996557 0.284536 0.0342944 0.581513
0.0549953 0.154717 0.167586 0.622701
0.00875786 0.521544 0.0387372 0.430961
0.103607 0.260357 0.0898695 0.546167
9.9991E-05 0.25954 0.106744 0.633617
0.0506881 0.785919 9.9991E-05 0.163293
0.0484249 0.587643 0.00737766 0.356554
0.0739893 0.333995 0.0352209 0.556795
0.0255864 0.707813 0.0141123 0.252488
0.0112756 0.359076 0.00655971 0.623088
0.0296716 0.726015 0.0545956 0.189718
0.0765022 0.644416 9.9991E-05 0.278982
0.0849014 0.414499 0.0703888 0.430211
0.194702 0.195052 0.0109484 0.599297
9.9982E-05 0.553938 9.9982E-05 0.445862
0.0942906 0.198882 0.174801 0.532026
0.117748 0.180541 0.0963732 0.605338
0.137436 0.26825 9.9991E-05 0.594214
0.119944 0.286473 0.0633237 0.530259
0.0429641 0.304026 0.0489191 0.604091
0.0770546 0.591398 9.9991E-05 0.331447
0.171393 0.433393 9.9991E-05 0.395114
0.117006 0.216376 9.9991E-05 0.666518
0.0883804 0.198363 0.113635 0.599622
0.0354981 0.311775 0.097715 0.555012
0.159392 0.318205 9.9991E-05 0.522303
0.0267777 0.35151 0.144463 0.47725
0.0352775 0.143153 0.11813 0.70344
0.0606247 0.16145 0.0896274 0.688298
0.151387 0.226938 0.0864636 0.535211
0.212052 0.00123993 0.330687 0.456021
0.275766 0.0374965 0.179839 0.506898
0.13666 0.0784759 0.188985 0.595879
0.136367 0.0848855 0.173441 0.605307
0.268764 0.0915262 0.200679 0.43903
0.103605 0.354465 9.9991E-05 0.54183
0.155045 0.131502 0.160736 0.552717
0.224503 0.477528 0.256796 0.0411731
0.275604 0.163883 0.0598875 0.500626
0.255412 0.0708593 0.0813646 0.592364
0.280045 0.127149 0.115055 0.477751
0.167132 0.273421 0.212496 0.346951
0.237555 0.0803639 0.178361 0.50372
0.261414 0.0891569 0.136208 0.513221
0.251319 0.234627 0.513953 9.9991E-05
0.25349 0.0347118 0.206858 0.50494
0.276209 0.0350091 0.161491 0.52729
0.27763 0.0609632 0.0916652 0.569741
0.227577 9.9991E-05 0.235006 0.537317
0.19566 0.0357631 0.22849 0.540087
0.0713961 0.269636 0.0655665 0.593401
0.0949315 0.168805 0.083136 0.653128
0.0274666 0.808883 9.9991E-05 0.16355
0.0430684 0.835608 9.9991E-05 0.121223
0.183576 0.233355 0.0142359 0.568833
0.419858 0.0927257 0.0885874 0.398829
0.434837 0.118781 0.126692 0.31969
0.397161 0.274752 0.211648 0.116439
0.299914 0.148501 0.201579 0.350007
0.213234 0.626772 0.0779967 0.0819965
0.262779 0.491482 0.0808928 0.164846
0.135399 0.221676 0.0455507 0.597374
0.181485 0.282325 0.00356816 0.532622
0.236907 0.48766 0.0474675 0.227966
0.210106 0.245447 9.9991E-05 0.544346
0.227805 0.238528 0.0121656 0.521501
0.281495 0.236832 0.0641158 0.417556
9.9982E-05 0.480347 9.9982E-05 0.519453
0.0918741 0.478791 9.9991E-05 0.429235
0.0714853 0.282233 0.0801991 0.566083
0.14793 0.33073 0.0839236 0.437417
0.099218 0.267423 0.0816583 0.551701
0.0382197 0.38341 9.9991E-05 0.57827
0.00174442 0.638729 9.9991E-05 0.359426
0.0644819 0.188228 0.0371117 0.710179
0.0686661 0.602192 9.9991E-05 0.329042
0.104886 0.380996 0.00292012 0.511197
0.0820301 0.220642 0.0140198 0.683308
0.0309635 0.354705 0.0223381 0.591994
0.286697 0.126637 0.12728 0.459387
0.106984 0.148877 0.242959 0.501179
0.305733 0.133784 0.188556 0.371927
0.214682 0.230144 0.192029 0.363145
0.13943 0.0188607 0.287683 0.554026
0.2073 0.113144 0.187781 0.491775
0.261718 0.580475 0.157707 9.9991E-05
0.275944 0.0223014 0.0905462 0.611208
0.171627 0.399062 0.429211 9.9991E-05
0.310275 0.117678 0.0513062 0.52074
9.9982E-05 0.703204 9.9982E-05 0.296597
0.0629497 0.85697 0.000691706 0.0793884
0.0368969 0.385232 9.9991E-05 0.577771
0.120798 0.155863 0.0150554 0.708284
0.0243628 0.43128 9.9991E-05 0.544257
9.9982E-05 0.257682 9.9982E-05 0.742118
0.0622053 0.279462 9.9991E-05 0.658233
0.0616226 0.0669027 0.807269 0.064206
0.12743 0.119649 0.75282 9.9991E-05
0.049293 9.9982E-05 0.950507 9.9982E-05
9.9982E-05 9.9982E-05 0.953778 0.0460218
0.00368519 0.212061 0.0867288 0.697525
9.9991E-05 0.265328 0.0288753 0.705696
9.9991E-05 0.227094 0.023103 0.749703
9.9991E-05 0.0857617 0.121801 0.792337
0.111014 0.312117 0.0274351 0.549433
9.9991E-05 0.504164 0.0498228 0.445913
0.134043 0.188146 9.9991E-05 0.677711
9.9982E-05 0.386144 9.9982E-05 0.613656
0.142459 0.0982896 0.265124 0.494128
0.0893986 0.3469 9.9991E-05 0.563602
9.9991E-05 0.436204 0.00357145 0.560125
0.0616028 0.288822 0.00295157 0.646623
9.9991E-05 0.273429 0.00528647 0.721185
0.0201573 0.169936 0.0153057 0.794601
0.0671278 0.209552 0.0649323 0.658388
9.9982E-05 0.586098 9.9982E-05 0.413702
9.9982E-05 0.512431 9.9982E-05 0.487369
0.0421924 0.414744 0.0108826 0.532181
9.9982E-05 0.790511 9.9982E-05 0.209289
9.9991E-05 0.244749 0.0716428 0.683508
9.9982E-05 0.67855 9.9982E-05 0.32125
0.0294262 0.816267 9.9991E-05 0.154207
0.0558993 0.186226 0.0820323 0.675842
9.9991E-05 0.509852 0.0590666 0.430982
0.0216229 0.335219 9.9991E-05 0.643058
0.129594 0.196491 0.0907125 0.583202
9.9991E-05 0.268742 0.0133433 0.717815
0.136051 0.431205 9.9991E-05 0.432644
0.0586877 0.179376 0.0278065 0.73413
0.0292494 0.293921 0.0749679 0.601862
9.9982E-05 0.413544 9.9982E-05 0.586256
0.105532 0.261607 0.0661367 0.566725
9.9991E-05 0.294668 0.675737 0.0294951
0.0146497 0.14287 0.774402 0.0680779
9.9982E-05 0.134124 0.865676 9.9982E-05
9.9982E-05 0.140348 0.859452 9.9982E-05
9.9991E-05 0.152191 0.77025 0.0774588
9.9991E-05 0.495915 0.0312654 0.472719
9.9991E-05 0.537343 0.0456092 0.416948
9.9982E-05 0.525671 9.9982E-05 0.474129
0.156782 0.114964 0.118819 0.609436
0.0464261 0.152829 0.173723 0.627021
9.9991E-05 0.38847 0.038455 0.572975
0.0663645 0.0891371 9.9991E-05 0.844398
0.0562526 0.350863 9.9991E-05 0.592784
0.0161589 0.2626 0.00747073 0.713771
0.126265 0.0713864 0.10599 0.696359
9.9991E-05 0.422104 0.0315302 0.546265
9.9982E-05 0.420944 9.9982E-05 0.578856
9.9991E-05 0.389497 0.0142883 0.596115
0.0842912 0.17704 0.105797 0.632872
9.9991E-05 0.320172 0.025505 0.654224
9.9991E-05 0.260101 0.0348863 0.704912
0.564349 9.9991E-05 0.0473884 0.388163
0.509979 9.9991E-05 0.0786257 0.411295
0.486525 9.9991E-05 0.120283 0.393093
0.529193 0.0603989 0.131572 0.278836
0.382934 9.9991E-05 0.122377 0.494588
0.0812573 0.311021 0.0304127 0.577309
0.724736 0.0208615 0.254303 9.9991E-05
0.546618 9.9991E-05 0.178186 0.275096
0.199364 0.164859 0.156262 0.479516
0.0330104 0.127663 0.217465 0.621862
0.0323821 0.275541 0.151338 0.540738
0.0431646 0.0846002 0.216032 0.656204
0.0918709 0.13663 0.137422 0.634077
0.512945 9.9991E-05 0.194774 0.292182
0.40047 0.11556 0.108278 0.375692
0.584514 9.9991E-05 0.063478 0.351908
0.32605 0.128778 0.112231 0.43294
0.588801 9.9991E-05 0.136058 0.275041
0.417952 0.0652405 0.127986 0.388821
0.702629 0.0626094 0.0992237 0.135538
0.497946 0.0759891 0.0754519 0.350613
0.0426879 0.154026 0.125902 0.677384
0.313605 0.0269225 0.247117 0.412355
0.664283 9.9991E-05 0.224899 0.110718
0.422368 0.106491 0.112972 0.358168
0.00742139 0.476599 0.224459 0.29152
0.180154 0.156687 0.0301316 0.633028
0.310468 0.0224636 0.216188 0.450881
0.0353996 0.0419635 0.206836 0.715801
0.0161807 0.155308 0.218774 0.609737
0.254879 0.102579 0.256599 0.385943
0.359324 0.0980163 0.229985 0.312675
0.0440199 0.0818745 0.203024 0.671082
0.476905 0.0522949 0.117979 0.352821
0.510469 9.9991E-05 0.138264 0.351167
0.662778 0.0547768 0.206282 0.0761629
0.193598 0.159866 0.0884519 0.558084
9.9991E-05 0.2608 0.173117 0.565983
0.138365 0.51558 0.170919 0.175136
0.133087 0.102784 0.155941 0.608189
0.0649952 0.328215 0.205179 0.401611
0.151319 0.0947351 0.201573 0.552373
0.0690974 0.159648 0.174442 0.596813
0.280374 0.380951 0.338576 9.9991E-05
0.234714 0.394857 0.370329 9.9991E-05
0.23721 0.336702 0.159357 0.26673
0.302111 0.350211 0.347578 9.9991E-05
0.319924 0.198994 0.480982 9.9991E-05
0.22075 0.249713 0.123187 0.40635
0.25278 0.237437 0.226465 0.283318
0.238289 0.301185 0.312981 0.147544
0.257285 0.318753 0.320919 0.103043
0.205174 0.112514 0.188138 0.494173
0.219203 0.391141 0.2198 0.169856
0.179183 0.33081 0.489907 9.9991E-05
0.149124 0.164848 0.144584 0.541444
0.327603 0.197709 0.189911 0.284777
0.199306 0.0365511 0.32089 0.443253
0.316646 9.9991E-05 0.140399 0.542855
0.167539 0.0332108 0.150873 0.648377
0.272073 0.0826771 0.162268 0.482982
0.176026 9.9991E-05 0.431063 0.392811
0.19648 9.9991E-05 0.193124 0.610296
0.290504 9.9991E-05 0.275272 0.434124
0.233868 0.149451 0.279533 0.337148
0.159747 0.312532 0.178745 0.348975
0.0755582 9.9991E-05 0.267314 0.657028
0.154643 0.0149036 0.184017 0.646437
0.105294 0.0323362 0.177694 0.684676
0.27735 9.9991E-05 0.334785 0.387765
0.283283 0.0262045 0.164708 0.525805
0.232055 0.139995 0.434392 0.193558
0.194465 0.00799086 0.18407 0.613474
0.371085 0.183776 0.223024 0.222115
0.0377953 0.167822 0.794283 9.9991E-05
9.9991E-05 0.658004 0.154483 0.187412
9.9982E-05 0.830334 0.169466 9.9982E-05
9.9991E-05 0.732867 0.19811 0.0689223
9.9991E-05 0.763688 0.111696 0.124516
9.9991E-05 0.655877 0.18835 0.155673
9.9991E-05 0.676105 0.105364 0.218431
9.9991E-05 0.818809 0.154224 0.0268664
9.9991E-05 0.558421 0.356744 0.0847357
0.0427489 9.9991E-05 0.946194 0.0109573
9.9991E-05 0.0311017 0.868512 0.100286
0.0395012 9.9991E-05 0.930137 0.0302623
9.9991E-05 0.104727 0.860193 0.0349804
0.0781047 0.022405 0.89939 9.9991E-05
0.0240053 0.0325089 0.943386 9.9991E-05
0.164809 0.0155697 0.798181 0.0214406
0.113903 0.00382519 0.874938 0.00733418
0.0450663 0.113643 0.763982 0.0773087
0.0785403 9.9982E-05 0.92126 9.9982E-05
9.9991E-05 0.0421182 0.956174 0.00160737
0.0700291 0.0251235 0.875952 0.0288957
0.0266571 9.9982E-05 0.973143 9.9982E-05
0.0238153 9.9991E-05 0.929749 0.0463352
0.059179 9.9991E-05 0.868105 0.0726156
0.0590827 9.9991E-05 0.85954 0.081277
0.154187 9.9991E-05 0.777292 0.0684218
0.0959838 9.9991E-05 0.782804 0.121112
0.0675846 9.9991E-05 0.817043 0.115272
0.0696499 0.297602 0.169927 0.462821
9.9991E-05 0.102327 0.0957301 0.801843
0.0757432 0.117583 0.149966 0.656708
0.110913 0.684849 0.0508582 0.15338
0.0506374 0.192523 0.121672 0.635168
0.141703 0.595367 0.159438 0.103492
0.0958476 0.160128 0.120267 0.623757
9.9991E-05 0.295339 0.142531 0.56203
0.00311951 0.208976 0.145332 0.642573
0.0239407 0.25978 0.0891537 0.627126
0.0221523 0.313749 0.0916614 0.572437
0.0396433 0.127788 0.0855241 0.747044
0.0794585 0.128837 0.142024 0.649681
0.0970451 0.763999 9.9991E-05 0.138856
0.0687356 0.891086 0.0400788 9.9991E-05
0.0584272 0.548237 0.132798 0.260538
0.149048 0.141034 0.100224 0.609694
0.0618692 0.212246 0.12719 0.598694
0.0754712 0.185798 0.134166 0.604565
0.133547 0.156649 0.0760589 0.633744
0.199893 0.0829918 0.182226 0.534889
0.296974 0.0249121 0.186187 0.491927
0.160569 0.211822 0.434371 0.193238
0.050618 0.0915765 0.195586 0.66222
0.109541 0.0914054 0.278387 0.520667
0.24756 0.312894 0.439446 9.9991E-05
0.321796 0.155546 0.243503 0.279155
0.18462 0.0945874 0.408123 0.31267
0.116058 0.118431 0.321805 0.443707
0.273016 0.00862196 0.135662 0.582701
0.175111 9.9991E-05 0.25135 0.573439
0.229792 0.0191777 0.123727 0.627303
0.230683 0.190593 0.162574 0.41615
0.166547 9.9991E-05 0.510896 0.322457
