0.869525 9.9982E-05 0.036037 0.0942382 9.9982E-05
0.911293 0.00398396 9.9982E-05 0.0845229 9.9982E-05
0.828841 9.9991E-05 0.0454496 0.02252 0.10309
0.768787 9.9982E-05 0.118413 0.1126 9.9982E-05
0.853861 9.9991E-05 0.0357772 0.0353325 0.0749293
0.697823 0.15264 0.0386589 0.0172127 0.0936656
0.857645 0.0635744 9.9991E-05 0.0304001 0.0482805
0.723946 0.0743107 0.0619558 0.139687 9.9991E-05
0.82861 0.0933975 9.9982E-05 0.0777922 9.9982E-05
0.741082 0.00434008 0.0823304 0.0815518 0.0906954
0.786136 0.0403985 9.9991E-05 0.105831 0.0675349
9.9991E-05 0.128806 0.0722637 0.508272 0.290559
0.000160813 9.9991E-05 0.0751067 0.358023 0.56661
9.9991E-05 0.165475 0.0848881 0.453909 0.295628
0.0745309 0.0876172 0.15751 0.380649 0.299693
0.108865 0.0802633 0.136419 0.239257 0.435196
0.0580566 0.0774276 0.120454 0.154833 0.589229
0.00690945 0.118297 0.129887 0.295778 0.449129
0.123325 0.0983732 0.0947344 0.335872 0.347695
0.0350712 0.186851 0.0443502 0.655858 0.0778693
0.00355749 0.165624 0.138574 0.315727 0.376517
0.0223151 0.179803 0.0788393 0.223234 0.495808
0.0353451 0.135337 0.0596474 0.212482 0.557189
0.033078 0.173441 0.128529 0.364751 0.300201
0.136391 0.0383181 0.0991381 0.0522541 0.673898
0.0869219 0.0249476 0.0980232 0.197875 0.592233
0.0566738 0.192104 0.100372 0.450808 0.200042
0.0126263 0.0571009 0.212556 0.473375 0.244343
0.0356566 0.187183 0.0276847 0.452751 0.296725
0.835504 9.9982E-05 0.0854079 9.9982E-05 0.0788882
0.851851 9.9982E-05 0.0455074 9.9982E-05 0.102442
0.82118 9.9982E-05 0.0407999 9.9982E-05 0.13782
0.769744 0.0140192 0.0878579 9.9991E-05 0.128279
0.069907 0.23784 0.0232659 0.0121683 0.656818
0.149341 0.192186 9.9991E-05 0.0219438 0.636429
0.065172 0.172273 9.9991E-05 0.0140741 0.748381
0.0775997 0.116133 9.9991E-05 0.627721 0.178446
0.0182291 0.453156 0.0289063 0.0131757 0.486533
0.039977 0.136132 0.0627446 0.187146 0.574001
0.0580181 0.151416 0.0233077 0.00264174 0.764617
0.138386 0.182212 0.00179406 0.0404505 0.637157
0.140192 0.101025 0.0432473 0.089839 0.625698
9.9982E-05 0.532442 9.9982E-05 0.186397 0.280962
0.114728 0.174938 0.0618625 9.9991E-05 0.648371
0.0659333 0.164197 0.0831081 0.0355795 0.651182
0.117313 0.120618 0.0462903 0.0657513 0.650027
9.9973E-05 0.437672 9.9973E-05 9.9973E-05 0.562028
0.102877 0.153593 0.0744779 0.0244044 0.644647
0.120632 0.171646 0.0265888 0.0192469 0.661886
0.0810175 0.857317 9.9982E-05 0.0614652 9.9982E-05
9.9982E-05 0.289099 9.9982E-05 0.479187 0.231514
0.0305492 0.545564 0.0270915 0.248529 0.148267
0.106269 0.117448 0.00258288 0.173164 0.600535
0.0834301 0.0751043 0.135756 0.109505 0.596204
0.111255 0.235425 0.0287 0.0199767 0.604643
0.113541 0.22479 9.9991E-05 0.399525 0.262044
0.0539296 0.0661004 0.0115881 0.24127 0.627112
0.0829868 0.0674478 0.123766 0.194128 0.531671
0.134902 0.197014 9.9991E-05 0.229992 0.437991
0.223911 0.244726 0.088214 0.365624 0.077525
0.0910784 0.102913 0.14422 0.11141 0.550379
0.0828035 0.132592 0.0496688 0.317982 0.416954
0.0986004 0.334196 9.9991E-05 0.496233 0.0708713
0.0306906 0.109194 0.0366489 0.246913 0.576554
9.9991E-05 0.211617 0.0979674 0.0894479 0.600868
0.0525637 0.0361633 0.124632 0.273902 0.512739
0.0613039 0.243929 0.0677836 0.278354 0.348629
0.0124279 0.148592 0.0732289 0.191369 0.574382
0.0343712 0.0652847 0.151097 0.1721 0.577147
0.0157319 0.307174 9.9991E-05 0.40592 0.271075
9.9982E-05 0.209095 9.9982E-05 0.126508 0.664197
9.9982E-05 0.372699 9.9982E-05 0.195789 0.431312
0.0373067 0.126464 0.098385 0.055468 0.682377
9.9982E-05 0.817639 9.9982E-05 0.0243648 0.157796
9.9982E-05 0.762353 9.9982E-05 0.0889393 0.148508
9.9982E-05 0.509191 9.9982E-05 0.0805348 0.410074
0.0300078 0.282671 9.9991E-05 0.118891 0.56833
0.220042 0.0985782 9.9991E-05 0.0206473 0.660632
9.9991E-05 0.328315 0.0861722 0.0729013 0.512511
0.00215238 0.284898 0.012448 0.324506 0.375996
0.0221669 0.209315 9.9991E-05 0.331225 0.437193
0.137062 0.135791 0.0320218 0.080569 0.614556
0.00910442 0.429463 9.9991E-05 0.124852 0.43648
0.0544419 0.297263 9.9991E-05 0.0972793 0.550916
9.9973E-05 0.454563 9.9973E-05 9.9973E-05 0.545137
9.9982E-05 0.784904 9.9982E-05 0.114999 0.0998963
0.0219157 0.0591779 0.084512 0.155564 0.678831
0.787007 9.9991E-05 0.0531707 0.0608898 0.0988329
0.924848 9.9973E-05 9.9973E-05 9.9973E-05 0.0748526
0.871263 9.9991E-05 0.0479011 0.0298323 0.0509033
0.900855 0.0333485 0.0236327 9.9991E-05 0.0420635
0.887288 0.0187455 9.9982E-05 9.9982E-05 0.0937661
0.888032 0.00667911 0.0381251 0.00147672 0.0656868
0.942313 9.9973E-05 9.9973E-05 9.9973E-05 0.0573875
0.0615603 0.135687 0.120668 0.111893 0.570192
0.157638 0.0712459 0.148405 0.128165 0.494546
9.9982E-05 0.578807 9.9982E-05 0.232431 0.188561
0.12778 0.170316 0.138224 9.9991E-05 0.56358
0.0576001 0.212057 9.9991E-05 0.195903 0.53434
0.0993918 0.203139 0.0128849 9.9991E-05 0.684484
0.075884 0.275873 9.9982E-05 9.9982E-05 0.648043
0.0223023 0.315136 0.0777046 9.9991E-05 0.584758
0.0103546 0.549771 9.9991E-05 0.29947 0.140305
0.200063 0.199189 0.0122417 0.00870866 0.579798
0.0983895 0.12692 0.0224259 0.000484516 0.751781
9.9991E-05 0.0774605 0.150401 0.163255 0.608784
9.9982E-05 0.571972 0.0382632 9.9982E-05 0.389565
0.00401377 0.352985 9.9982E-05 9.9982E-05 0.642801
0.0363261 0.213042 0.0127649 0.155829 0.582038
9.9973E-05 0.477137 9.9973E-05 9.9973E-05 0.522563
0.109448 0.222279 9.9991E-05 0.0782134 0.58996
0.110326 0.131891 9.9991E-05 0.099447 0.658236
9.9991E-05 0.320706 0.0541945 0.351173 0.273826
0.110581 0.07911 0.108146 0.356169 0.345994
0.210784 0.0218913 9.9991E-05 0.0838967 0.683328
0.0638675 0.150811 0.0926276 0.124055 0.568639
0.0634596 0.0558441 9.9991E-05 0.305287 0.575309
0.0233702 0.0396874 0.0593787 0.239855 0.637709
9.9982E-05 9.9982E-05 0.0832864 0.448162 0.468352
0.0623562 0.142438 0.068247 0.172144 0.554815
0.0149156 0.00352833 0.125774 0.239841 0.615941
0.0578889 0.104137 9.9991E-05 0.210853 0.627022
9.9982E-05 0.0414983 9.9982E-05 0.361491 0.596811
0.0164725 0.0916711 0.101082 0.122154 0.66862
0.105895 0.0388307 0.0607267 0.127328 0.667219
9.9982E-05 9.9982E-05 0.100268 0.32792 0.571612
0.114951 0.137312 0.0414381 0.0763341 0.629965
0.0428662 0.0530137 0.0785087 0.182011 0.643601
0.12779 0.181382 0.0283025 0.245129 0.417396
0.0259651 0.0219623 9.9991E-05 0.193165 0.758808
0.0382982 9.9991E-05 0.122471 0.1968 0.64233
9.9991E-05 0.20477 0.088357 0.431929 0.274844
0.0141135 0.392977 0.0976634 0.369318 0.125929
0.0798962 0.0842566 0.0214908 0.206574 0.607782
9.9991E-05 0.475702 0.0667755 0.353342 0.10408
0.0579566 0.196551 9.9991E-05 0.441186 0.304206
9.9982E-05 0.0644386 9.9982E-05 0.396506 0.538855
0.0277935 0.0633075 9.9991E-05 0.476322 0.432477
9.9991E-05 0.127401 0.0448174 0.467393 0.360289
9.9991E-05 0.101027 0.0624868 0.209244 0.627142
0.0665466 0.155004 0.0923915 0.13108 0.554978
0.0328194 0.104888 9.9991E-05 0.217484 0.644709
9.9991E-05 0.364304 0.095685 0.381847 0.158064
0.1685 0.192393 0.0172914 0.041275 0.580541
0.0726577 0.2284 0.0717835 0.161067 0.466092
0.194066 0.581032 9.9991E-05 0.185673 0.0391293
0.128904 0.125886 0.0489442 9.9991E-05 0.696166
0.145409 0.425924 0.0621148 0.0128638 0.353689
0.166105 0.238319 0.0588453 0.0225184 0.514212
0.0989855 0.486226 0.087957 0.0960423 0.230789
0.137789 0.497079 9.9991E-05 0.109153 0.25588
0.0613141 0.28143 0.00900666 0.170576 0.477672
0.0584005 0.155467 0.194154 0.153549 0.43843
0.195285 0.192388 0.0892147 0.059735 0.463377
0.0893175 0.551711 0.2086 0.135889 0.0144817
0.128866 0.213761 0.0711397 0.117517 0.468716
9.9982E-05 0.368613 9.9982E-05 0.173194 0.457993
9.9991E-05 0.294014 0.065077 0.131434 0.509375
0.12683 0.183209 9.9991E-05 0.0894701 0.600391
0.354243 0.197798 0.323158 0.0129733 0.111828
0.571636 0.25881 0.169354 9.9982E-05 9.9982E-05
0.473667 0.340041 0.186092 9.9982E-05 9.9982E-05
0.439702 0.0910302 0.369559 0.0442992 0.0554094
9.9982E-05 0.271746 0.0760444 9.9982E-05 0.65201
0.128726 0.107264 0.113472 0.0598086 0.590729
9.9973E-05 9.9973E-05 0.695631 9.9973E-05 0.304069
9.9991E-05 0.0354029 0.458484 0.114387 0.391626
0.0896451 0.124705 0.441892 0.077166 0.266591
0.0280704 0.619013 0.028751 9.9991E-05 0.324066
0.0861502 0.25655 0.11835 0.0333039 0.505646
0.0270148 0.650956 0.0592416 0.0555491 0.207238
0.0538288 0.167104 9.9991E-05 0.0673072 0.71166
0.0485171 0.461674 0.0834262 9.9991E-05 0.406282
0.0145678 0.249306 0.150889 0.051259 0.533978
0.0510725 0.677394 9.9982E-05 9.9982E-05 0.271334
0.0302671 0.172324 0.0358922 0.0354361 0.726081
0.0611689 0.188385 0.115164 0.0972798 0.538003
0.00135475 0.0268562 0.945155 0.00596921 0.0206646
9.9982E-05 9.9982E-05 0.943454 0.0139366 0.0424095
9.9991E-05 0.0402069 0.64493 0.103552 0.211212
9.9982E-05 9.9982E-05 0.712904 0.00779751 0.279099
0.0359508 0.0206676 0.827081 0.015541 0.10076
9.997E-05 9.997E-05 0.9996 9.997E-05 9.997E-05
9.9973E-05 9.9973E-05 0.976152 0.0235484 9.9973E-05
9.9973E-05 9.9973E-05 0.892463 9.9973E-05 0.107237
9.9982E-05 9.9982E-05 0.95022 0.012594 0.0369866
9.997E-05 9.997E-05 0.9996 9.997E-05 9.997E-05
9.997E-05 9.997E-05 0.9996 9.997E-05 9.997E-05
0.0675853 9.9982E-05 0.803987 9.9982E-05 0.128228
0.0451994 9.9991E-05 0.806027 0.0153291 0.133344
9.997E-05 9.997E-05 0.9996 9.997E-05 9.997E-05
0.135222 0.140741 0.413002 9.9991E-05 0.310935
0.038452 9.9991E-05 0.626646 0.0669728 0.26783
0.0840324 9.9982E-05 0.772664 9.9982E-05 0.143103
0.00629041 9.9991E-05 0.93927 0.00173411 0.0526054
9.997E-05 9.997E-05 0.9996 9.997E-05 9.997E-05
0.054797 0.0299097 0.915093 9.9982E-05 9.9982E-05
9.997E-05 9.997E-05 0.9996 9.997E-05 9.997E-05
0.0787273 9.9991E-05 0.600482 0.0682285 0.252463
0.0537083 9.9982E-05 0.897994 9.9982E-05 0.048098
0.414949 0.536046 0.0488044 9.9982E-05 9.9982E-05
0.217416 0.140271 0.0614508 0.144208 0.436655
0.278033 0.237891 0.0854136 9.9991E-05 0.398563
0.274029 0.400274 0.100439 9.9991E-05 0.225158
0.160355 0.196782 0.135312 0.00908555 0.498465
0.279668 0.357378 0.207215 9.9991E-05 0.155639
0.152702 0.0676151 0.159671 0.196722 0.42329
0.185271 0.285083 0.182769 0.000885913 0.345991
0.176546 0.189535 0.168999 9.9991E-05 0.464821
0.166765 0.317 0.228135 9.9991E-05 0.288
0.193222 0.0851933 0.166509 0.0743718 0.480704
0.859652 0.0285769 0.00229765 0.0639536 0.0455195
0.923207 9.9982E-05 0.0707678 0.00582532 9.9982E-05
0.965216 0.0318388 9.9982E-05 9.9982E-05 0.00274533
0.925657 9.9982E-05 9.9982E-05 0.0586146 0.0155289
0.884941 9.9982E-05 0.0244371 0.0904223 9.9982E-05
0.916241 9.9973E-05 0.0834591 9.9973E-05 9.9973E-05
0.90531 9.9982E-05 0.0925499 9.9982E-05 0.00193987
0.924356 0.0655667 9.9982E-05 9.9982E-05 0.00987752
0.9039 0.00589663 0.0346308 9.9991E-05 0.0554725
0.851091 9.9982E-05 0.125254 0.0234552 9.9982E-05
0.607399 0.126816 0.00806479 0.25762 9.9991E-05
0.593388 0.0987196 9.9982E-05 0.307692 9.9982E-05
0.541692 0.115935 9.9982E-05 0.342173 9.9982E-05
0.501741 0.173131 9.9982E-05 0.324928 9.9982E-05
0.0664893 0.0932629 9.9991E-05 0.218237 0.621911
0.0294279 0.251815 0.033409 0.0672271 0.618121
0.0496549 0.069115 9.9991E-05 0.244258 0.636872
0.0419417 0.0871967 9.9991E-05 0.386223 0.484539
9.9991E-05 0.140943 0.00552642 0.648056 0.205375
0.0773318 0.121592 0.00791044 0.0388801 0.754285
0.00826198 0.216294 0.0576717 0.0945364 0.623236
9.9991E-05 0.218152 0.0192767 0.165173 0.597299
9.9982E-05 0.453165 9.9982E-05 0.0209327 0.525702
0.0671342 0.141458 9.9991E-05 0.14091 0.650398
9.9982E-05 0.247206 9.9982E-05 0.221798 0.530796
9.9982E-05 0.742758 9.9982E-05 0.190946 0.0660963
0.187497 0.0667809 9.9991E-05 0.1229 0.622722
9.9973E-05 0.567171 9.9973E-05 9.9973E-05 0.432529
9.9982E-05 0.307027 9.9982E-05 0.0225332 0.670239
9.9982E-05 0.365132 9.9982E-05 0.365334 0.269335
0.120815 0.13351 9.9982E-05 0.745475 9.9982E-05
0.141964 0.0454971 9.9991E-05 0.76985 0.0425889
0.0459557 9.9982E-05 9.9982E-05 0.884846 0.0689983
0.140472 0.0568444 9.9982E-05 0.802484 9.9982E-05
0.0288642 0.0320088 0.0441619 0.820517 0.0744482
0.0752884 0.00483214 0.0033541 0.809793 0.106732
0.902569 9.9982E-05 0.0212632 9.9982E-05 0.0759679
0.774742 9.9991E-05 0.0489898 0.109063 0.0671055
0.770719 9.9982E-05 0.106921 9.9982E-05 0.122161
0.770275 9.9991E-05 0.104611 0.0458592 0.0791545
0.816881 9.9991E-05 0.0940442 0.0154598 0.0735147
0.400075 0.0874058 9.9982E-05 0.51232 9.9982E-05
0.476921 0.11441 9.9982E-05 0.408469 9.9982E-05
0.457384 0.116987 9.9982E-05 0.425429 9.9982E-05
0.825664 9.9991E-05 0.0712023 0.0219759 0.081058
0.342839 0.110629 9.9982E-05 0.546332 9.9982E-05
0.223456 0.0936954 0.368659 0.0160719 0.298118
0.149743 9.9991E-05 0.257363 0.0176814 0.575113
0.141177 9.9982E-05 0.331435 9.9982E-05 0.527188
0.283447 0.0930301 0.183861 9.9991E-05 0.439561
0.203314 0.0332317 0.212276 0.0702225 0.480955
0.464236 0.219883 0.315681 9.9982E-05 9.9982E-05
0.00804596 0.0628114 9.9991E-05 0.365326 0.563717
9.9991E-05 0.279903 0.045683 0.30504 0.369274
0.0351837 9.9991E-05 0.0391899 0.595818 0.329708
9.9991E-05 0.262209 0.0482292 0.241946 0.447516
9.9973E-05 0.828647 9.9973E-05 0.171054 9.9973E-05
0.00945782 0.160408 0.135627 0.235295 0.459212
0.0402016 0.130754 0.0840709 0.214669 0.530304
0.0588393 0.0534598 9.9991E-05 0.430898 0.456703
0.111344 0.112717 0.131676 0.225225 0.419038
0.00784589 0.507567 0.0013098 0.300759 0.182518
0.0450085 0.268752 0.127158 0.0963035 0.462778
9.9991E-05 0.036677 0.0304646 0.357814 0.574945
0.139851 0.195658 0.240328 0.100198 0.323965
9.9991E-05 0.24935 0.0598492 0.301541 0.389159
9.9991E-05 0.134616 0.0534927 0.325209 0.486581
0.000839937 0.237468 0.141675 0.120804 0.499213
0.0465294 0.205265 0.0277135 0.13667 0.583822
0.102825 0.0757843 0.0786505 0.0414479 0.701293
0.0700995 0.14671 0.0743324 0.171848 0.53701
0.0824187 0.107927 0.13671 0.157993 0.514952
0.788913 9.9982E-05 0.101614 9.9982E-05 0.109273
0.876138 9.9973E-05 9.9973E-05 9.9973E-05 0.123562
0.793556 0.0512781 9.9991E-05 0.0927048 0.0623615
0.811591 9.9991E-05 0.0292207 0.0720665 0.0870222
0.867506 9.9982E-05 0.0238342 9.9982E-05 0.108459
9.9991E-05 0.0867357 0.0620966 0.663497 0.187571
0.053763 0.18222 0.0832646 0.126028 0.554724
0.20178 0.104979 0.215599 0.037911 0.439732
0.05204 0.00877173 0.0629621 0.18773 0.688496
0.10984 0.0281257 0.0128817 0.328827 0.520325
0.00258272 0.231286 0.153296 0.389513 0.223323
0.117135 0.16286 9.9991E-05 0.696188 0.0237164
9.9982E-05 9.9982E-05 0.0977203 0.359885 0.542195
0.0935501 0.122804 0.0583159 0.515464 0.209866
9.9991E-05 0.286698 0.124691 0.254467 0.334045
0.172096 0.172575 0.0322991 0.499622 0.123407
0.0894904 9.9991E-05 0.105005 0.204127 0.601278
0.0874733 0.0944763 0.0385874 0.549437 0.230026
0.0722068 0.25815 0.0454367 0.25761 0.366597
0.0672812 0.275019 0.0918783 9.9991E-05 0.565721
0.0503756 0.470874 0.0142291 0.115446 0.349076
0.0764968 0.223748 0.0084653 0.0174299 0.67386
0.108839 0.230739 0.0638497 0.0236426 0.57293
0.0265161 0.468209 9.9991E-05 0.111974 0.3932
0.0791792 0.220796 0.00961317 0.093362 0.59705
0.131122 0.259066 9.9982E-05 9.9982E-05 0.609612
9.9982E-05 0.74224 9.9982E-05 0.118337 0.139222
0.022064 0.631603 9.9991E-05 0.00508358 0.341149
0.0280169 0.328066 0.0149144 0.0596263 0.569377
0.0598719 0.589888 9.9991E-05 0.121337 0.228803
9.9982E-05 0.248328 9.9982E-05 0.204844 0.546628
0.0106531 0.154485 9.9991E-05 0.653114 0.181648
9.9991E-05 0.3006 0.0192158 0.423469 0.256616
0.00332431 0.0910822 0.0949532 0.468902 0.341739
0.0338641 9.9991E-05 0.144866 0.250818 0.570352
9.9991E-05 0.138436 0.0167271 0.544639 0.300099
0.0128928 0.222431 0.174954 0.132002 0.45772
0.0432713 0.0479117 0.134581 0.169027 0.605209
0.0690401 0.113159 0.012635 0.221629 0.583537
0.0439463 0.0819583 0.101277 0.357905 0.414913
9.9991E-05 0.0416222 0.126348 0.429273 0.402657
9.9991E-05 0.103361 0.0891381 0.566867 0.240534
9.9991E-05 0.0596289 0.0918204 0.469369 0.379082
9.9991E-05 0.0944488 0.0994465 0.195668 0.610337
0.115195 0.1471 0.0232185 0.105612 0.608875
0.0995504 0.203949 0.0289822 0.214511 0.453007
9.9991E-05 0.110577 0.0745649 0.283788 0.53097
0.0591079 9.9991E-05 0.0851511 0.46321 0.392431
0.0374234 9.9991E-05 0.139283 0.263913 0.559281
0.0217924 0.0317025 0.148723 0.275633 0.522149
0.0794185 0.184984 0.13856 0.15093 0.446108
0.348235 0.0224095 0.136679 9.9991E-05 0.492576
0.2075 0.104476 0.210574 9.9991E-05 0.47735
0.122406 0.10491 0.192486 0.0533902 0.526808
0.137867 0.0745399 0.13404 0.0772769 0.576276
0.190392 0.119686 0.270458 0.0529342 0.366529
9.9991E-05 0.274298 0.0931844 0.137799 0.494619
0.158118 9.9991E-05 0.163322 0.162171 0.516289
0.287733 0.535571 0.149715 9.9991E-05 0.0268804
0.184586 0.0428403 0.181778 0.087543 0.503253
0.15761 0.0506559 0.201139 0.0119941 0.5786
0.0403693 0.0370878 0.281735 0.157062 0.483745
0.215187 0.230829 0.21891 0.135518 0.199556
0.139664 0.117616 0.255532 0.072582 0.414606
0.177018 0.0590884 0.201631 9.9991E-05 0.562163
0.512813 0.266462 0.220524 9.9982E-05 9.9982E-05
0.149761 0.0520166 0.236398 0.0161758 0.545649
0.161156 0.0940528 0.250575 0.0447213 0.449495
0.10409 0.0748822 0.193239 0.018063 0.609726
0.20463 0.0885359 0.208421 9.9991E-05 0.498314
0.164908 0.175067 0.146618 0.0171066 0.496301
0.0519132 0.349429 9.9991E-05 0.0420476 0.55651
0.164667 0.195858 0.0282659 9.9991E-05 0.611109
9.9982E-05 0.736163 9.9982E-05 0.161369 0.102268
9.9982E-05 0.795059 9.9982E-05 0.099642 0.105099
0.0478989 0.226293 0.0611713 0.161264 0.503373
0.0971411 0.101577 0.360466 0.0565229 0.384293
0.101334 0.192173 0.367429 9.9991E-05 0.338964
0.165123 0.352229 0.376297 9.9991E-05 0.106251
0.137818 0.161833 0.313819 0.0834741 0.303056
0.131851 0.653994 0.0821786 9.9991E-05 0.131876
0.10589 0.632049 0.157212 9.9991E-05 0.104749
0.0080996 0.262101 0.131646 0.0336919 0.564462
0.0559682 0.307202 0.174926 9.9991E-05 0.461804
0.0723395 0.494552 0.141316 0.0533467 0.238446
0.0621296 0.221431 0.184548 0.09943 0.432461
9.9991E-05 0.2562 0.116953 0.0395156 0.587231
0.123202 0.143447 0.160815 0.0801086 0.492427
0.0227099 0.523012 9.9991E-05 0.0768121 0.377366
9.9991E-05 0.515271 0.0639452 0.0717824 0.348901
9.9982E-05 0.260698 0.157967 9.9982E-05 0.581135
0.177312 0.34257 0.0196715 0.065696 0.394751
0.0257206 0.17921 0.137156 0.23098 0.426933
9.9982E-05 0.361221 9.9982E-05 0.0590345 0.579544
9.9982E-05 0.556519 9.9982E-05 0.114549 0.328732
0.0817764 0.247089 0.0184108 9.9991E-05 0.652624
9.9982E-05 0.630035 9.9982E-05 0.0752152 0.29455
0.0372762 0.476031 0.00370475 0.0388332 0.444154
0.0614221 0.185657 0.106295 0.0902305 0.556396
0.0781432 0.359274 9.9982E-05 9.9982E-05 0.562383
0.12383 0.165694 0.127935 9.9991E-05 0.582442
0.155519 0.189489 0.235568 9.9991E-05 0.419325
0.138101 0.126036 0.337575 0.0866386 0.31165
0.203623 0.145277 0.262539 0.0970018 0.29156
0.165313 0.0916296 0.192032 0.114094 0.436931
0.211012 0.155237 0.205569 0.00310185 0.42508
0.22982 0.568016 0.201964 9.9982E-05 9.9982E-05
0.105263 0.0524379 0.195824 0.0179245 0.62855
0.424426 0.42585 0.149524 9.9982E-05 9.9982E-05
0.0140522 0.181334 0.294741 9.9991E-05 0.509773
9.9973E-05 0.798373 9.9973E-05 9.9973E-05 0.201327
9.9982E-05 0.880888 9.9982E-05 0.0877448 0.0311677
9.9991E-05 0.375807 0.0281991 0.0650868 0.530807
0.0141894 0.226938 0.0969788 9.9991E-05 0.661793
9.9973E-05 0.510275 9.9973E-05 9.9973E-05 0.489425
0.000567362 0.398956 0.0545157 0.0365292 0.509432
9.9991E-05 0.331611 0.0539857 0.0226219 0.591681
0.816539 0.0239572 0.0780416 0.0415823 0.0398804
0.719954 0.0101045 0.0968471 0.172994 9.9991E-05
0.875263 9.9982E-05 0.0694822 0.0550549 9.9982E-05
0.928809 9.9973E-05 9.9973E-05 9.9973E-05 0.0708907
0.00427994 0.262203 0.00628176 0.0775172 0.649718
0.114605 0.228148 9.9991E-05 0.0162814 0.640866
9.9982E-05 0.226053 9.9982E-05 0.150724 0.623023
0.103906 0.156555 9.9991E-05 0.0725428 0.666896
0.12769 0.0601775 0.0127761 0.131086 0.668271
0.0370594 0.409373 9.9991E-05 0.202788 0.350679
9.9991E-05 0.108603 0.0403471 0.111198 0.739752
0.0381585 0.517708 9.9982E-05 9.9982E-05 0.443934
0.213287 0.055995 0.170528 0.0335083 0.526682
9.9991E-05 0.344538 0.0232318 0.0938097 0.53832
0.0140335 0.334135 9.9991E-05 0.12515 0.526582
9.9982E-05 0.275679 9.9982E-05 0.037051 0.68707
9.9982E-05 0.372443 9.9982E-05 0.111826 0.515531
9.9973E-05 0.278276 9.9973E-05 9.9973E-05 0.721424
0.0632685 0.269675 0.0210996 9.9991E-05 0.645857
9.9973E-05 0.725662 9.9973E-05 9.9973E-05 0.274038
9.9982E-05 0.564971 9.9982E-05 0.0367137 0.398115
9.9991E-05 0.399483 0.00589719 0.0947323 0.499788
9.9973E-05 0.984517 9.9973E-05 9.9973E-05 0.0151831
9.9982E-05 0.264936 9.9982E-05 0.164487 0.570377
9.9982E-05 0.692552 9.9982E-05 0.067683 0.239565
0.00467544 0.86015 9.9991E-05 0.0174075 0.117667
0.0833509 0.185489 9.9982E-05 9.9982E-05 0.73096
0.0150945 0.367094 9.9991E-05 0.224627 0.393084
0.0269506 0.189541 0.0488192 0.202475 0.532214
0.119379 0.136942 0.0880932 9.9991E-05 0.655486
9.9991E-05 0.175471 0.0288718 0.167288 0.628269
9.9991E-05 0.254843 0.108679 0.268087 0.368291
0.0338229 0.213378 0.0297105 0.048007 0.675081
0.0476857 0.149763 0.0249769 0.213056 0.564518
9.9982E-05 0.490816 9.9982E-05 0.0105814 0.498402
0.102701 0.170693 0.0577082 0.102082 0.566816
0.64828 0.0808992 0.00999383 0.260727 9.9991E-05
0.774357 0.101817 9.9982E-05 0.123626 9.9982E-05
0.838041 0.0471132 9.9982E-05 0.114645 9.9982E-05
0.81444 0.032086 9.9982E-05 0.153274 9.9982E-05
0.759159 0.00573597 9.9991E-05 0.184042 0.0509629
0.0405908 0.392325 9.9991E-05 0.226296 0.340688
0.0316075 0.510846 9.9991E-05 0.168234 0.289213
9.9973E-05 0.688707 9.9973E-05 9.9973E-05 0.310993
0.121233 0.115735 0.126302 0.0234835 0.613246
0.143686 0.0971945 0.0331751 0.0134359 0.712508
0.0701763 0.498486 9.9982E-05 9.9982E-05 0.431137
0.0150596 0.161837 0.0960734 0.0287218 0.698308
0.0623232 0.411715 0.00164546 0.0351207 0.489196
0.0531377 0.192026 9.9991E-05 0.0496217 0.705115
0.0668053 0.173157 9.9991E-05 0.117596 0.642342
9.9982E-05 0.358621 9.9982E-05 0.225973 0.415206
9.9982E-05 0.309548 9.9982E-05 0.210282 0.47997
9.9982E-05 0.299099 9.9982E-05 0.202585 0.498116
0.154453 0.125588 9.9982E-05 9.9982E-05 0.71976
0.029525 0.252941 9.9991E-05 0.142205 0.575228
0.0207706 0.225192 0.0164865 0.166497 0.571054
0.0703449 0.0210647 0.460088 0.0796604 0.368842
0.147974 0.00506279 0.496588 9.9991E-05 0.350276
0.120421 9.9982E-05 0.446063 9.9982E-05 0.433317
0.150439 0.0142044 0.52861 9.9991E-05 0.306647
0.16548 0.00106778 0.3173 0.0460258 0.470126
0.0706237 0.35262 0.010284 9.9991E-05 0.566372
0.254906 0.0180143 0.72688 9.9982E-05 9.9982E-05
0.188212 9.9982E-05 0.455285 9.9982E-05 0.356303
0.13077 0.189645 0.133093 9.9991E-05 0.546391
0.182451 0.185935 9.9982E-05 9.9982E-05 0.631414
0.155987 0.210372 0.0239509 0.150919 0.458771
0.175035 0.132948 0.0640938 0.0311424 0.596781
0.161508 0.143605 9.9991E-05 0.0564057 0.638381
0.270816 9.9982E-05 0.429782 9.9982E-05 0.299202
0.0896682 9.9991E-05 0.387186 0.112495 0.410551
0.0205501 9.9982E-05 0.547639 9.9982E-05 0.431611
0.160756 0.0477835 0.314794 0.0270367 0.44963
0.128058 0.042254 0.549306 9.9991E-05 0.280282
0.16216 0.0328649 0.443399 0.0332284 0.328348
0.134872 9.9991E-05 0.587243 0.0246278 0.253157
0.0773769 9.9991E-05 0.461919 0.127592 0.333013
0.115241 0.257001 0.0379966 9.9991E-05 0.589661
0.166138 9.9991E-05 0.457324 0.0511183 0.32532
0.175896 0.00322255 0.694264 0.0106551 0.115962
0.0812609 0.0658365 0.4315 0.143681 0.277722
0.187245 0.250528 0.00504137 0.264177 0.293008
9.9991E-05 0.27359 0.166237 0.0667274 0.493346
0.164686 9.9991E-05 0.352057 0.0813326 0.401825
0.203742 0.0680744 9.9991E-05 0.0889111 0.639172
0.202622 0.205803 9.9991E-05 0.0613042 0.530171
0.294712 0.12578 0.250691 9.9991E-05 0.328718
0.201606 0.174782 0.330599 0.0265582 0.266454
0.0654471 0.144404 0.192727 0.0195771 0.577845
0.141895 0.125322 0.397839 9.9991E-05 0.334844
0.0370938 0.0460975 0.564348 9.9991E-05 0.352361
0.217566 9.9982E-05 0.633526 9.9982E-05 0.148707
0.16426 0.174475 0.041609 9.9991E-05 0.619556
0.185409 0.251697 9.9991E-05 0.0655732 0.497221
0.154256 0.596626 0.123798 9.9991E-05 0.12522
0.153163 0.108514 0.105376 0.0174483 0.615498
0.124303 0.108807 0.0334013 0.264246 0.469243
0.238357 0.104093 0.168762 9.9991E-05 0.488688
0.175174 0.0972803 0.0624866 0.0422401 0.622818
0.317858 0.432935 0.249007 9.9982E-05 9.9982E-05
0.366105 0.451999 0.181696 9.9982E-05 9.9982E-05
0.168628 0.339475 0.211546 0.0631483 0.217204
0.355621 0.375627 0.239442 0.0292103 9.9991E-05
0.448495 0.283496 0.267809 9.9982E-05 9.9982E-05
0.151099 0.280085 0.162345 9.9991E-05 0.406372
0.202845 0.172371 0.30214 9.9991E-05 0.322543
0.304331 0.249053 0.215221 0.0607776 0.170617
0.336515 0.380692 0.223779 9.9991E-05 0.0589143
0.165622 0.125833 0.202421 0.00736048 0.498764
0.245675 0.406644 0.136062 0.00685231 0.204767
0.516323 0.380082 0.103395 9.9982E-05 9.9982E-05
0.134168 0.0821241 0.309213 0.114334 0.36016
0.201027 0.0862116 0.341312 0.101415 0.270034
0.347993 0.0341285 0.112637 0.0210351 0.484206
0.178841 9.9982E-05 0.263883 9.9982E-05 0.557076
0.178342 0.0240412 0.294464 0.0066244 0.496528
0.188851 0.0463918 0.249696 9.9991E-05 0.514961
0.389458 9.9991E-05 0.226159 0.042305 0.341978
0.223808 9.9991E-05 0.182958 0.0291179 0.564016
0.26889 9.9991E-05 0.246343 0.0128325 0.471834
0.200153 0.160024 0.321481 0.0216422 0.2967
0.235608 0.256883 0.0924496 0.0548244 0.360236
0.162201 0.0333062 0.183483 0.159685 0.461325
0.233388 0.0067082 0.0926837 0.0228786 0.644342
0.139099 0.103155 0.108274 9.9991E-05 0.649372
0.288882 9.9991E-05 0.248148 0.0349033 0.427966
0.273907 0.116043 0.145003 9.9991E-05 0.464946
0.383216 0.185509 0.211005 9.9991E-05 0.22017
0.155297 9.9991E-05 0.228495 0.0882995 0.527808
0.270658 0.145373 0.388837 9.9991E-05 0.195033
0.773372 0.0609984 0.0215901 0.143939 9.9991E-05
0.0700407 9.9982E-05 9.9982E-05 0.818385 0.111374
9.997E-05 9.997E-05 9.997E-05 0.9996 9.997E-05
0.0229129 9.9973E-05 9.9973E-05 0.976787 9.9973E-05
9.997E-05 9.997E-05 9.997E-05 0.9996 9.997E-05
9.9982E-05 9.9982E-05 0.0308489 0.953457 0.0154945
9.9973E-05 9.9973E-05 9.9973E-05 0.921679 0.0780214
0.0182562 9.9973E-05 9.9973E-05 0.981444 9.9973E-05
0.192955 9.9973E-05 9.9973E-05 0.806745 9.9973E-05
0.958922 9.9982E-05 9.9982E-05 0.00749555 0.0333822
0.812938 9.9982E-05 9.9982E-05 0.117598 0.0692633
0.914434 0.0108787 0.0220652 9.9991E-05 0.0525223
0.849115 0.0379023 9.9991E-05 0.0782188 0.0346635
0.865878 0.0328791 0.0874242 0.0137187 9.9991E-05
0.914577 0.0157052 9.9982E-05 0.0695182 9.9982E-05
0.785488 9.9991E-05 0.165765 0.0200229 0.0286247
0.852331 0.0334756 0.10827 0.00582375 9.9991E-05
0.706299 9.9991E-05 0.0877292 0.146445 0.0594265
0.905711 9.9982E-05 0.0649394 9.9982E-05 0.0291493
0.947948 9.9982E-05 9.9982E-05 0.00901691 0.0428355
0.835211 0.0368727 0.0345344 0.0916394 0.00174263
0.95133 9.9991E-05 0.0160088 0.021521 0.0110403
0.939817 9.9991E-05 0.00256181 0.00631134 0.0512101
0.863935 9.9982E-05 0.0610458 9.9982E-05 0.0748189
0.833523 9.9982E-05 0.0793708 9.9982E-05 0.0869062
0.77537 9.9982E-05 0.135074 9.9982E-05 0.0893566
0.760611 9.9982E-05 0.111153 9.9982E-05 0.128036
0.801132 9.9982E-05 0.0449047 9.9982E-05 0.153763
0.182219 0.26209 0.020726 0.0883628 0.446602
0.12801 0.10865 9.9991E-05 0.0446435 0.718596
0.171762 0.103047 0.108041 0.0374924 0.579657
0.0843804 0.713647 0.0277774 9.9991E-05 0.174096
0.154997 0.158621 9.9991E-05 0.0470503 0.639232
0.216935 0.61998 0.0662751 9.9991E-05 0.0967095
0.106698 0.146957 0.0448176 9.9991E-05 0.701428
0.0980501 0.244275 9.9991E-05 0.147555 0.51002
0.100672 0.184469 0.0199986 0.0646941 0.630167
0.0498475 0.203786 9.9991E-05 0.101665 0.644602
0.141865 0.174706 9.9991E-05 0.174853 0.508476
0.109678 0.0232235 0.0356564 0.131878 0.699565
0.107605 0.14032 0.0308897 0.119252 0.601933
9.9991E-05 0.31696 0.1066 0.542404 0.0339361
0.0707673 0.860978 9.9982E-05 0.0680552 9.9982E-05
0.168853 0.61723 0.00857586 0.0180633 0.187278
0.092523 0.159223 0.0553492 0.0567684 0.636136
0.149494 0.229257 0.0192751 0.0108867 0.591088
0.177099 0.15456 9.9991E-05 0.0465925 0.621648
0.058294 0.198415 0.0604039 9.9991E-05 0.682787
0.2261 0.0678546 0.199095 9.9991E-05 0.50685
0.138938 9.9991E-05 0.259866 0.0780583 0.523037
0.412886 0.0932986 0.169421 0.183611 0.140784
0.163655 0.131995 0.0737263 0.0580771 0.572547
0.24106 0.0319456 0.151987 0.110016 0.464991
0.451916 0.353856 0.194028 9.9982E-05 9.9982E-05
0.287212 0.152773 0.231103 9.9991E-05 0.328812
0.359301 0.0154726 0.235489 0.113649 0.276088
0.290792 9.9991E-05 0.127193 0.209313 0.372602
0.222347 9.9991E-05 0.230052 0.0672122 0.480289
0.191224 0.0823469 0.166653 0.0133667 0.54641
0.195954 0.00201496 0.177981 0.00292877 0.621122
0.15151 0.210931 0.233603 0.00835155 0.395605
0.472899 9.9991E-05 0.167416 0.0446452 0.314939
