0.0856828 0.00845174 9.9982E-05 0.0473965 0.0280999 0.830169 9.9982E-05
9.9973E-05 9.9973E-05 9.9973E-05 0.0113294 0.0175659 0.918181 0.052624
0.0658399 0.0548229 0.0859857 0.0240572 9.9982E-05 0.769094 9.9982E-05
9.9973E-05 0.0996814 0.0264482 0.0905629 9.9973E-05 0.783008 9.9973E-05
9.9982E-05 0.097563 0.011844 0.0135773 9.9982E-05 0.813843 0.0629724
9.9982E-05 0.0662324 0.011285 9.9982E-05 0.0269568 0.627937 0.267388
9.9955E-05 9.9955E-05 9.9955E-05 9.9955E-05 9.9955E-05 0.815239 0.184261
9.9964E-05 9.9964E-05 9.9964E-05 0.0663146 9.9964E-05 0.749134 0.184152
0.173853 9.99729E-05 9.99729E-05 0.0754632 0.00245003 0.747934 9.99729E-05
9.9973E-05 0.100153 0.0421412 9.9973E-05 9.9973E-05 0.691962 0.165444
9.9964E-05 9.9964E-05 9.9964E-05 0.0889477 9.9964E-05 0.761774 0.148878
0.0721683 0.0595891 0.22149 0.4349 0.211653 9.9982E-05 9.9982E-05
0.0412746 0.025707 0.4678 0.33596 0.0682024 9.9991E-05 0.060956
0.125425 0.0276724 0.285745 0.396591 0.0883805 0.0138251 0.0623601
0.133048 0.0726826 0.369148 0.364619 0.0397036 9.9991E-05 0.0206989
0.0685553 0.119504 0.402386 0.135227 0.0702334 0.0788907 0.125204
0.106554 0.0750828 0.553825 0.108079 0.111168 0.0451909 9.9991E-05
0.0411261 9.9991E-05 0.474563 0.24172 0.13446 0.0426823 0.0653494
0.128861 0.00383799 0.404797 0.306833 0.0752992 0.0802718 9.9991E-05
0.0440399 0.0313205 0.0433298 0.601944 0.122541 0.0395205 0.117305
0.0584235 0.0721692 0.385737 0.195657 0.18788 0.012658 0.0874749
0.079326 0.069853 0.437614 0.0793388 0.133326 0.0344939 0.166049
0.0773118 9.9982E-05 0.575048 0.0926639 0.215352 0.0394244 9.9982E-05
0.146132 0.0379875 0.353873 0.269464 0.192343 9.9982E-05 9.9982E-05
0.1559 9.9982E-05 0.656419 0.0298085 0.108638 0.0490344 9.9982E-05
0.0254622 0.0713734 0.589691 0.243046 0.0557133 0.0146137 9.9991E-05
0.092322 0.0450992 0.178507 0.381223 0.220132 0.0826176 9.9991E-05
0.112898 0.115695 0.223087 0.397837 0.150283 9.9982E-05 9.9982E-05
0.101531 9.9991E-05 0.281383 0.415503 0.120772 0.0159534 0.0647572
9.9964E-05 0.0428254 0.126027 9.9964E-05 9.9964E-05 0.830748 9.9964E-05
9.9955E-05 9.9955E-05 0.168533 9.9955E-05 9.9955E-05 0.830968 9.9955E-05
9.9982E-05 0.0730519 0.090197 0.00165905 0.0285154 0.806377 9.9982E-05
0.0208614 0.10133 0.0891064 9.9982E-05 0.0672946 0.721208 9.9982E-05
9.9991E-05 0.0639964 0.489532 0.0604943 0.23875 0.0490382 0.0980888
9.999E-05 0.0822754 0.476103 0.052493 0.210618 0.0726661 0.105744
9.9982E-05 0.0228748 0.501309 9.9982E-05 0.343807 0.0597239 0.0720856
9.9973E-05 9.9973E-05 0.143934 0.611115 0.12614 0.118512 9.9973E-05
0.0136198 0.0048294 0.297503 9.9991E-05 0.609727 0.0184729 0.055748
0.0867237 0.0717566 0.414708 0.138116 0.288495 9.9982E-05 9.9982E-05
9.9973E-05 9.9973E-05 0.686905 9.9973E-05 0.124632 0.0425829 0.145579
9.9991E-05 0.00032562 0.600772 0.0257183 0.114348 0.130231 0.128504
9.9982E-05 9.9982E-05 0.596193 0.0431656 0.14353 0.1118 0.105112
0.0695587 9.9982E-05 0.128787 0.10654 0.654708 0.0402058 9.9982E-05
0.162657 0.0236889 0.58673 0.0331272 0.114618 0.0325426 0.0466358
9.999E-05 0.118743 0.482497 0.0111703 0.30804 0.0107531 0.0686964
0.0744115 0.00633122 0.564203 0.0130178 0.181639 0.160297 9.9991E-05
0.00196656 9.9973E-05 0.344512 9.9973E-05 0.582147 9.9973E-05 0.0710747
0.010832 0.00254835 0.612432 9.9991E-05 0.292265 0.0526085 0.0292143
0.0205517 0.115376 0.525339 9.9991E-05 0.120404 0.114111 0.104118
0.164979 9.9973E-05 9.9973E-05 9.9973E-05 0.612036 0.0188566 0.203829
0.0737098 9.9982E-05 0.176235 0.441936 0.232337 9.9982E-05 0.0755826
0.194556 9.9982E-05 0.0933256 0.232053 0.21281 9.9982E-05 0.267055
9.9991E-05 0.0871311 0.621472 0.138376 0.0296258 0.114125 0.00916958
0.0632767 9.9982E-05 0.647248 0.0821953 9.9982E-05 0.0649563 0.142123
9.9991E-05 0.0942238 0.599343 0.000839517 0.03286 0.0683635 0.20427
0.0408042 9.9991E-05 0.118705 0.30853 0.348464 0.109393 0.0740035
0.122276 9.9973E-05 0.594496 0.264651 0.0182768 9.9973E-05 9.9973E-05
0.192787 0.0736777 0.521046 0.066248 0.0385772 0.0514624 0.0562021
0.0422159 9.9991E-05 0.398959 0.244788 0.106833 0.104221 0.102882
0.235508 9.9991E-05 0.0591091 0.380793 0.170188 0.144656 0.00964621
0.213436 0.0049121 0.511449 0.109745 0.118106 9.9991E-05 0.0422515
0.101464 0.0294004 0.484799 0.302982 0.0225521 0.0587025 9.9991E-05
0.14687 9.9991E-05 0.041126 0.464341 0.25096 0.0419992 0.0546031
0.158083 9.9982E-05 0.526537 0.225737 0.0859566 9.9982E-05 0.00348608
0.164471 9.9982E-05 0.704305 0.0387797 0.0549559 9.9982E-05 0.0372883
0.0430083 0.0228227 0.551017 0.254639 0.0885073 0.0243248 0.0156817
0.0966831 9.9991E-05 0.335196 0.262261 0.205749 0.0299223 0.0700895
0.104356 9.9982E-05 0.5157 0.139581 0.194403 9.9982E-05 0.0457601
0.0334414 0.0465791 0.641855 0.0761862 9.9991E-05 0.0693262 0.132512
0.0912493 9.9982E-05 0.190729 0.388971 0.221725 9.9982E-05 0.107126
9.9964E-05 9.9964E-05 0.501642 0.0342307 0.463727 9.9964E-05 9.9964E-05
9.9982E-05 0.0470259 0.0619959 0.0555396 0.830494 0.00474449 9.9982E-05
9.9973E-05 9.9973E-05 0.565197 0.135387 0.196892 0.102224 9.9973E-05
0.0607432 9.9964E-05 9.9964E-05 9.9964E-05 0.881603 9.9964E-05 0.0572544
0.0492203 9.9973E-05 9.9973E-05 0.0171261 0.837306 9.9973E-05 0.0960481
0.00452443 9.9964E-05 0.22683 9.9964E-05 0.768246 9.9964E-05 9.9964E-05
9.9973E-05 9.9973E-05 0.442212 0.101484 0.415954 0.0400498 9.9973E-05
0.0536031 9.9973E-05 0.524921 9.9973E-05 0.205986 0.21519 9.9973E-05
9.9982E-05 0.0415183 0.401118 0.0410443 0.447489 0.0686301 9.9982E-05
9.9982E-05 0.0612377 0.116748 0.151938 0.609196 0.0606796 9.9982E-05
9.9982E-05 0.0206128 0.16872 0.196612 0.589861 0.0239939 9.9982E-05
0.0666355 0.0193094 0.559729 0.0552924 0.291347 0.00758735 9.9991E-05
9.9982E-05 0.0960183 0.143091 0.024416 0.672492 0.0637827 9.9982E-05
9.9982E-05 0.00435895 0.422675 0.0920738 0.40906 0.0716318 9.9982E-05
0.0108343 0.0410148 0.32622 9.9991E-05 0.597843 0.000561597 0.0234268
0.115608 9.9964E-05 9.9964E-05 9.9964E-05 0.675953 9.9964E-05 0.208038
0.0735116 0.0107228 0.584255 0.0590801 0.244319 0.0101548 0.0179567
9.9973E-05 0.0403012 0.122838 0.046723 9.9973E-05 0.789838 9.9973E-05
9.9964E-05 9.9964E-05 0.078482 9.9964E-05 0.00256414 0.918554 9.9964E-05
0.0764513 9.9964E-05 0.0992407 9.9964E-05 9.9964E-05 0.823908 9.9964E-05
0.142824 9.9973E-05 0.0363861 9.9973E-05 0.003014 0.817476 9.9973E-05
0.0670498 0.012758 0.102526 9.9973E-05 9.9973E-05 0.817366 9.9973E-05
0.0859537 0.0275847 0.0672208 9.9982E-05 9.9982E-05 0.815409 0.00363162
0.0649863 9.9964E-05 0.0444684 9.9964E-05 9.9964E-05 0.890145 9.9964E-05
9.9991E-05 0.14526 0.38006 0.0731615 0.284108 0.0629988 0.0543111
9.9973E-05 9.9973E-05 0.522533 0.0584117 0.28662 0.132135 9.9973E-05
0.00786567 9.9973E-05 9.9973E-05 0.123443 0.821301 0.0470897 9.9973E-05
0.0431076 0.0527074 0.531538 0.0178847 0.140603 0.0827795 0.131379
9.9973E-05 9.9973E-05 0.39807 0.104405 0.453583 0.0436418 9.9973E-05
0.0346667 0.00242443 0.53951 9.9982E-05 0.311501 0.111698 9.9982E-05
9.9982E-05 9.9982E-05 0.568176 0.00165065 0.275481 0.0372091 0.117283
9.9982E-05 0.10366 0.396306 9.9982E-05 0.465562 0.00153817 0.0327345
0.0293621 9.9973E-05 9.9973E-05 0.202741 0.706226 0.0613712 9.9973E-05
9.9991E-05 0.107342 0.437864 0.00648782 0.164994 0.188561 0.0946504
9.9982E-05 9.9982E-05 0.623272 0.0419692 0.22084 0.0916144 0.0221039
0.0398203 0.0464501 0.475195 0.173185 0.175251 0.0899983 9.9991E-05
0.082462 0.0159193 0.291888 9.9982E-05 0.525382 9.9982E-05 0.0841489
9.9973E-05 9.9973E-05 0.494372 9.9973E-05 0.390146 0.00155716 0.113625
9.9982E-05 9.9982E-05 0.406047 0.126156 0.39459 0.0605379 0.0124692
9.9964E-05 0.113019 0.227105 9.9964E-05 0.659477 9.9964E-05 9.9964E-05
9.9973E-05 9.9973E-05 0.409543 0.125507 0.442094 0.0225567 9.9973E-05
9.9973E-05 9.9973E-05 0.556239 0.00459227 0.225274 0.213595 9.9973E-05
0.176795 9.9991E-05 0.209353 0.363962 0.109566 0.00655189 0.133672
0.0675221 0.0311076 0.472296 0.297536 0.0206485 0.0715488 0.0393408
9.9991E-05 0.0902506 0.437564 0.143661 0.117824 0.1436 0.0669997
9.9991E-05 0.045463 0.53272 0.0858902 0.0546337 0.125427 0.155765
0.0691476 0.00169385 0.536298 0.335763 0.00964093 0.00413193 0.043324
9.9982E-05 0.0382915 0.509513 0.367525 0.0724315 0.0120389 9.9982E-05
9.9982E-05 0.0297333 0.504768 0.427452 0.0160056 0.0218419 9.9982E-05
0.194238 9.9982E-05 0.546954 0.110307 0.0966048 0.051697 9.9982E-05
0.0510306 9.9991E-05 0.581772 0.229439 0.0667655 0.0665774 0.00431549
0.0216459 9.9991E-05 0.643966 0.128236 0.0672628 0.0721014 0.0666883
0.05597 9.9973E-05 0.56237 0.328915 0.0524458 9.9973E-05 9.9973E-05
9.9982E-05 0.0980395 0.610266 0.114211 0.00721146 9.9982E-05 0.170073
0.0355045 0.110564 0.587756 0.0859135 0.00563793 0.0831297 0.091495
9.9982E-05 0.0735181 0.539314 0.292952 0.0714325 9.9982E-05 0.0225827
0.0606681 9.9982E-05 0.560715 0.156435 9.9982E-05 0.0952899 0.126692
0.0203043 0.0897664 0.544713 0.197345 0.0165294 9.9991E-05 0.131241
0.193922 9.9982E-05 0.442931 0.253211 9.9982E-05 0.0142687 0.0954676
0.102071 0.0162996 0.661939 0.200112 0.0165378 9.9991E-05 0.00294095
0.145461 0.0294207 0.64739 0.173578 9.9982E-05 9.9982E-05 0.0039493
0.0064331 0.0801774 0.246735 0.381838 0.160508 9.9991E-05 0.124208
0.22505 9.9982E-05 0.179969 0.320155 0.03266 9.9982E-05 0.241966
0.0245616 0.0393781 0.528709 0.170082 0.0608689 0.0563747 0.120025
0.0516009 0.033462 0.0957281 0.31812 0.139071 9.9991E-05 0.361918
0.00303209 9.9991E-05 0.295495 0.448272 0.127044 0.0680854 0.0579719
9.9973E-05 9.9973E-05 0.45364 0.29978 0.183782 9.9973E-05 0.0624984
9.9973E-05 9.9973E-05 0.335882 0.372185 0.232882 0.0587516 9.9973E-05
9.9991E-05 0.0272624 0.297341 0.437784 0.103161 0.0104779 0.123873
0.0385598 0.0206653 0.602674 0.181955 0.112104 0.0306303 0.0134111
0.135222 0.0730313 0.573371 0.143734 0.0536927 0.00478116 0.0161687
0.00911843 0.0501975 0.473067 0.168371 0.155549 0.103497 0.0402006
0.208072 0.00258723 0.148385 0.344704 0.154729 9.9991E-05 0.141422
0.0893691 9.9991E-05 0.539691 0.0860075 0.113346 0.14798 0.0235063
0.219237 9.9991E-05 0.524867 0.033056 0.104836 0.0148492 0.103056
0.343063 9.9982E-05 9.9982E-05 0.175981 0.142975 0.0363769 0.301404
0.055802 0.0261291 0.585502 9.9991E-05 0.0440903 0.124603 0.163774
0.151032 0.014325 0.274599 0.128713 0.155085 0.0842123 0.192034
0.210408 0.0228698 0.571057 9.9991E-05 0.0936001 0.0360949 0.0658698
0.299964 9.9982E-05 0.241525 0.129104 0.125223 9.9982E-05 0.203983
0.105778 9.9991E-05 0.241019 0.122521 0.0198603 0.0483067 0.462415
0.095386 9.9991E-05 0.397845 0.13709 0.186231 0.0300017 0.153346
0.0042985 9.9991E-05 0.512341 0.0758242 0.111584 0.076755 0.219098
0.0345517 0.0653794 0.402343 0.0909101 0.185651 0.0695267 0.151638
0.219343 0.143327 9.9991E-05 0.087334 0.312939 0.0222831 0.214674
0.0641947 0.00773666 0.593088 9.9991E-05 0.130882 0.0825375 0.121462
0.084378 9.9982E-05 0.406655 0.094422 0.183865 9.9982E-05 0.230481
0.00421971 9.9982E-05 0.515141 0.144571 0.12949 9.9982E-05 0.206379
0.0864571 0.0146722 0.622755 9.9991E-05 0.0934102 0.132956 0.049649
0.246148 0.245091 0.143262 9.9991E-05 0.0195767 0.238072 0.107749
0.507717 0.0828602 9.9973E-05 9.9973E-05 9.9973E-05 0.37292 0.0362029
0.615923 0.0943152 9.9973E-05 9.9973E-05 9.9973E-05 0.216724 0.0727383
0.329228 0.255376 0.0961402 0.0661165 9.9982E-05 0.25294 9.9982E-05
0.049859 9.9964E-05 0.612583 9.9964E-05 9.9964E-05 9.9964E-05 0.337158
9.9991E-05 0.0308494 0.590475 0.0405239 0.0550452 0.0959867 0.18702
9.9964E-05 0.736914 0.219955 0.0427313 9.9964E-05 9.9964E-05 9.9964E-05
0.0701209 0.415494 0.303086 0.0289503 0.117609 0.0401995 0.0245404
9.9991E-05 0.360975 0.39943 0.0551509 0.0561184 0.0877858 0.04044
0.0772494 0.0103725 0.305837 9.9991E-05 0.0202652 0.0217823 0.564393
0.0698001 9.9991E-05 0.624026 0.0666406 0.0324332 0.0690195 0.137981
0.194141 9.9973E-05 0.216297 9.9973E-05 0.0763565 9.9973E-05 0.512906
0.100259 9.9973E-05 0.623484 9.9973E-05 0.0623327 9.9973E-05 0.213625
0.143751 0.00882349 0.387824 9.9982E-05 0.162604 9.9982E-05 0.296798
0.120334 0.00909535 0.619684 9.9991E-05 0.00470864 0.0349087 0.21117
0.162144 9.9973E-05 0.219172 9.9973E-05 0.108043 9.9973E-05 0.510342
0.0158219 0.0863683 0.60582 0.0105115 0.175509 0.0285623 0.0774071
9.9991E-05 0.0222688 0.527878 0.0114112 0.0248617 0.113907 0.299574
9.9964E-05 0.939769 0.00405987 9.9964E-05 9.9964E-05 9.9964E-05 0.0557711
9.9973E-05 0.891816 0.0954777 9.9973E-05 0.00912206 9.9973E-05 0.0032842
9.9973E-05 0.670446 0.149702 9.9973E-05 0.127873 9.9973E-05 0.0516791
9.9973E-05 0.705277 0.287544 9.9973E-05 9.9973E-05 0.000844088 0.0060349
9.9982E-05 0.839926 0.0436348 9.9982E-05 0.0462262 0.00361305 0.0664003
0.0409555 0.958545 9.9955E-05 9.9955E-05 9.9955E-05 9.9955E-05 9.9955E-05
9.9973E-05 0.916964 9.9973E-05 0.0276018 9.9973E-05 0.0241774 0.0309567
9.9955E-05 0.834873 0.164627 9.9955E-05 9.9955E-05 9.9955E-05 9.9955E-05
9.9955E-05 0.930907 9.9955E-05 0.0685932 9.9955E-05 9.9955E-05 9.9955E-05
9.995E-05 0.9994 9.995E-05 9.995E-05 9.995E-05 9.995E-05 9.995E-05
9.995E-05 0.9994 9.995E-05 9.995E-05 9.995E-05 9.995E-05 9.995E-05
9.9964E-05 0.684584 0.201835 9.9964E-05 9.9964E-05 0.113181 9.9964E-05
0.0433837 0.753648 0.106958 9.9982E-05 0.0536265 0.0421837 9.9982E-05
9.9955E-05 0.982482 9.9955E-05 9.9955E-05 0.0170181 9.9955E-05 9.9955E-05
9.9982E-05 0.45781 0.259803 0.157964 0.0346063 0.0896169 9.9982E-05
9.9973E-05 0.645995 0.216729 0.0954112 9.9973E-05 0.0415649 9.9973E-05
0.0775873 0.700911 0.183959 9.9973E-05 9.9973E-05 0.0372423 9.9973E-05
9.9982E-05 0.889122 0.0518637 0.0128105 0.0110054 0.0349982 9.9982E-05
0.00134694 0.960456 0.0377974 9.9964E-05 9.9964E-05 9.9964E-05 9.9964E-05
0.0165399 0.849638 0.053494 0.0169368 9.9982E-05 0.0631909 9.9982E-05
9.9964E-05 0.978401 9.9964E-05 9.9964E-05 0.0173375 0.00386155 9.9964E-05
9.9973E-05 0.628169 0.241831 0.0462039 9.9973E-05 0.0834958 9.9973E-05
9.9982E-05 0.849911 0.0632445 0.0574914 9.9982E-05 0.0200306 0.00912243
0.318588 0.00315451 9.9982E-05 9.9982E-05 0.00191964 0.263516 0.412622
0.064687 0.0241811 0.421835 0.153637 9.9991E-05 0.192941 0.142619
0.122458 0.0297098 0.406967 0.0429224 0.0327153 0.199505 0.165722
0.290668 0.0646153 0.193078 9.9991E-05 0.0346153 0.134276 0.282646
0.123703 0.210621 0.33839 0.0275982 0.0469451 0.0721993 0.180543
0.274864 0.0767179 0.197495 9.9991E-05 0.0939391 0.198841 0.158044
9.9991E-05 0.0648801 0.312777 0.149308 0.179828 0.205009 0.0880981
0.148222 0.185652 0.23303 9.9991E-05 0.060256 0.104473 0.268266
0.11212 0.156842 0.428403 9.9991E-05 0.0173675 0.105166 0.180001
0.197885 0.154057 0.319011 9.9991E-05 0.0528212 0.119666 0.15646
0.0869919 0.105769 0.479636 0.0523178 0.0469044 0.113369 0.115011
0.0605013 9.9982E-05 0.0388408 0.0542472 9.9982E-05 0.810524 0.0356866
0.0856313 0.0622917 9.9964E-05 9.9964E-05 9.9964E-05 0.851677 9.9964E-05
0.0915759 9.9964E-05 9.9964E-05 0.0275039 9.9964E-05 0.88052 9.9964E-05
0.0435834 9.9973E-05 0.03243 0.00263718 9.9973E-05 0.92105 9.9973E-05
0.0909002 0.00317646 0.00325179 0.0760043 9.9982E-05 0.826467 9.9982E-05
0.163431 0.0499326 9.9964E-05 9.9964E-05 9.9964E-05 0.786237 9.9964E-05
9.9964E-05 0.0752446 0.028293 9.9964E-05 9.9964E-05 0.896062 9.9964E-05
0.0563139 9.9973E-05 9.9973E-05 9.9973E-05 0.0470868 0.859565 0.0367344
0.0915922 0.0066622 0.01045 9.9982E-05 0.0302333 0.860862 9.9982E-05
0.164104 0.087387 9.9964E-05 9.9964E-05 9.9964E-05 0.748109 9.9964E-05
0.00764887 9.9982E-05 9.9982E-05 0.237439 0.123717 0.595377 0.0356179
0.0687505 9.9982E-05 9.9982E-05 0.312467 0.0395044 0.56496 0.0141174
0.165943 9.9982E-05 9.9982E-05 0.303737 0.0410031 0.465824 0.0232923
9.9973E-05 9.9973E-05 9.9973E-05 0.301913 0.0914446 0.497631 0.108712
9.9973E-05 9.9973E-05 0.447509 0.0713476 0.360883 0.11996 9.9973E-05
9.9991E-05 0.0586542 0.416042 0.0478933 0.332532 0.0208313 0.123947
9.9982E-05 0.0230049 0.576382 0.165169 0.194093 9.9982E-05 0.041151
0.0724079 9.9982E-05 0.417832 0.303819 0.199929 0.00581173 9.9982E-05
9.9982E-05 0.0248453 0.181408 0.588994 0.141693 9.9982E-05 0.0628587
9.9982E-05 0.0939143 0.484958 9.9982E-05 0.24004 0.101602 0.0792851
0.0364788 9.9982E-05 0.584263 0.106878 0.269904 9.9982E-05 0.00227649
0.0668515 9.9982E-05 0.482314 0.0918722 0.333324 9.9982E-05 0.0254385
9.9982E-05 0.00776467 0.34086 0.0332051 0.535101 9.9982E-05 0.0828688
9.9982E-05 9.9982E-05 0.615985 0.040675 0.133849 0.0669137 0.142377
9.9982E-05 0.00264154 0.419762 0.148607 0.40532 9.9982E-05 0.0234692
9.9964E-05 9.9964E-05 9.9964E-05 0.0771755 0.744342 9.9964E-05 0.178083
0.0620708 9.9982E-05 0.507481 0.0689977 0.295424 0.065826 9.9982E-05
0.084649 0.0156423 0.259309 9.9982E-05 0.576576 9.9982E-05 0.063624
0.0461853 9.9973E-05 0.505088 0.0873224 0.361104 9.9973E-05 9.9973E-05
9.9973E-05 9.9973E-05 0.0483713 0.211881 0.702255 0.0371924 9.9973E-05
0.023739 9.9973E-05 9.9973E-05 0.669055 9.9973E-05 0.133065 0.173841
9.9964E-05 9.9964E-05 9.9964E-05 0.5759 9.9964E-05 0.140995 0.282706
9.9964E-05 9.9964E-05 9.9964E-05 0.71268 9.9964E-05 0.0607887 0.226131
9.9964E-05 9.9964E-05 9.9964E-05 0.669686 9.9964E-05 0.156212 0.173702
9.9973E-05 9.9973E-05 0.0497139 0.709929 9.9973E-05 0.0389221 0.201135
9.9973E-05 9.9973E-05 0.0824108 0.66925 9.9973E-05 0.110367 0.137672
0.00309302 0.0258988 0.0914079 9.9973E-05 9.9973E-05 0.8793 9.9973E-05
9.9973E-05 0.0277708 0.0746564 0.0983749 9.9973E-05 0.798898 9.9973E-05
0.0299117 0.0640606 0.1326 0.00245204 9.9982E-05 0.770775 9.9982E-05
9.9973E-05 0.0978371 0.0663868 0.0838425 9.9973E-05 0.751634 9.9973E-05
0.0558102 0.100602 0.0494566 0.021079 9.9982E-05 0.772852 9.9982E-05
0.104592 9.9973E-05 9.9973E-05 0.502808 0.034285 0.358015 9.9973E-05
9.9973E-05 9.9973E-05 9.9973E-05 0.389858 0.0255211 0.481392 0.102929
0.00355582 0.00842599 9.9991E-05 0.47628 0.0434902 0.427174 0.0409746
9.9973E-05 0.00455972 0.164772 0.00317524 9.9973E-05 0.827193 9.9973E-05
9.9973E-05 9.9973E-05 9.9973E-05 0.480108 0.0844143 0.364958 0.0702196
0.275333 0.258363 0.356923 9.99798E-05 9.99798E-05 0.109081 9.99798E-05
9.9991E-05 0.151263 0.574225 0.00138683 0.0763011 0.134404 0.0623198
0.0148311 0.232843 0.580707 9.9973E-05 9.9973E-05 0.171319 9.9973E-05
0.187131 0.187405 0.352925 9.9991E-05 0.081917 0.189515 0.00100584
0.0387685 0.208299 0.475207 0.0974104 0.0294435 0.138625 0.0122473
0.461654 0.23428 0.00321383 9.9973E-05 9.9973E-05 0.300552 9.9973E-05
9.9982E-05 9.9982E-05 0.469106 0.308797 0.165803 0.0075636 0.0485306
0.164368 9.9982E-05 0.378569 0.269595 0.112836 9.9982E-05 0.0744321
0.0116995 9.9982E-05 0.27805 0.459674 0.128631 0.121746 9.9982E-05
0.0135238 9.9991E-05 0.45691 0.18031 0.114166 0.0446224 0.190367
0.235227 9.9973E-05 9.9973E-05 0.158573 0.218757 9.9973E-05 0.387143
0.162368 9.9991E-05 0.53166 0.18858 0.0419244 0.0404032 0.0349657
9.9982E-05 9.9982E-05 0.463287 0.192215 0.152147 0.0681835 0.123967
0.0512544 9.9982E-05 0.39634 0.420458 0.128496 0.00325226 9.9982E-05
0.0493148 9.9991E-05 0.596483 0.0759698 0.0909214 0.131228 0.0559824
0.248281 9.9982E-05 0.139482 0.193669 0.275404 9.9982E-05 0.142965
0.00960844 0.0492719 0.364151 0.146345 0.142423 0.0403018 0.247899
0.00182265 9.9982E-05 0.505923 0.259479 0.187872 9.9982E-05 0.0447032
0.15622 0.125653 0.426222 0.0183007 0.193587 0.0799172 9.9991E-05
0.0731593 9.9982E-05 0.357985 0.282275 0.115793 9.9982E-05 0.170588
0.0146375 0.0177124 0.452068 0.229853 0.133416 9.9991E-05 0.152214
0.12855 0.0381329 0.503262 0.132757 0.108805 9.9991E-05 0.0883926
0.0819337 9.9991E-05 0.572471 0.131234 0.103552 0.00216619 0.108543
0.0171691 0.0356334 0.676627 0.123075 0.0182557 0.0798782 0.0493622
0.0702564 0.00652727 0.467634 0.175279 0.204778 0.0754252 9.9991E-05
0.0835558 0.0520269 0.501284 0.153274 0.0840376 0.07229 0.0535313
9.9973E-05 0.0955257 0.139944 9.9973E-05 0.000891493 0.763339 9.9973E-05
9.9982E-05 0.0368375 0.0411905 9.9982E-05 0.0431089 0.834641 0.0440221
0.126383 9.9991E-05 0.038977 0.0691985 0.0149566 0.710703 0.0396823
9.9973E-05 0.0775587 9.9973E-05 0.00987117 0.124522 0.787748 9.9973E-05
9.9973E-05 0.0220284 0.10397 9.9973E-05 9.9973E-05 0.869289 0.00441303
0.101373 0.0179721 0.190991 0.579917 0.109547 9.9982E-05 9.9982E-05
0.120229 0.147639 0.367808 0.184137 0.038576 0.0362392 0.105372
0.0562233 0.111352 0.445998 9.9991E-05 0.0753565 0.205877 0.105094
0.0412009 0.0390741 0.667814 0.209212 9.9982E-05 9.9982E-05 0.042499
0.0717498 9.9982E-05 0.533222 0.245497 0.127684 0.0216467 9.9982E-05
0.170612 0.0263205 0.286962 0.355183 0.040465 9.9991E-05 0.120357
0.177951 9.9973E-05 9.9973E-05 0.630822 0.139378 0.0515489 9.9973E-05
9.9982E-05 0.0321925 0.536912 0.312713 0.0656952 9.9982E-05 0.0522881
9.9991E-05 0.0720057 0.142372 0.512315 0.0459278 0.0596717 0.167608
0.0329507 0.0248654 0.365461 0.221602 0.0915761 0.0679294 0.195616
0.067166 9.9991E-05 0.142019 0.544243 0.105651 0.136181 0.00464105
0.0585832 0.0471102 0.557612 0.278562 0.016946 0.0388463 0.00234021
0.110863 9.9991E-05 0.218766 0.517161 0.0427624 0.0606455 0.0497019
9.9991E-05 0.0918168 0.26758 0.282685 0.118685 0.029124 0.21001
0.0629695 0.0165974 0.481682 0.0636969 0.058767 0.108039 0.208248
0.0567454 9.9982E-05 0.294177 0.0497634 9.9982E-05 0.0504188 0.548696
0.00101122 9.9991E-05 0.492003 0.0197463 0.117453 0.147193 0.222493
0.0559538 0.0366785 0.540149 9.9991E-05 0.145535 0.074777 0.146806
0.0870706 9.9982E-05 0.368367 0.0386286 0.0256754 9.9982E-05 0.480059
9.9991E-05 0.0651156 0.437042 0.0764859 0.141533 0.145154 0.134569
0.0942607 9.9982E-05 0.5491 9.9982E-05 0.0311055 0.0175675 0.307766
0.0650356 9.9982E-05 0.053267 0.0891044 0.103716 9.9982E-05 0.688677
0.217634 9.9973E-05 0.224762 9.9973E-05 0.0939718 9.9973E-05 0.463332
0.0167201 9.9982E-05 0.49266 0.0628049 9.9982E-05 0.0215577 0.406057
0.0474503 9.9991E-05 0.147536 0.108313 0.139036 0.0303816 0.527184
0.0851809 9.9982E-05 0.426192 0.111064 0.106467 9.9982E-05 0.270897
0.0918 0.0202382 0.0617504 0.589214 0.236798 9.9982E-05 9.9982E-05
0.0650267 9.9982E-05 0.252827 0.31676 0.121762 9.9982E-05 0.243425
9.9982E-05 0.0239794 0.366641 0.427247 0.168166 0.0137659 9.9982E-05
0.0705916 0.0767449 0.68309 0.169273 9.9973E-05 9.9973E-05 9.9973E-05
0.0285509 9.9982E-05 0.257346 0.471859 0.23573 9.9982E-05 0.00631386
0.15951 0.0333478 0.524426 0.133389 0.0202624 0.0610602 0.0680042
0.0841444 0.105489 0.465573 0.152303 0.115638 0.0466403 0.0302126
0.0481913 0.0526439 0.517482 0.242782 0.0889758 0.0498247 9.9991E-05
0.0479828 0.00946323 0.518184 0.329692 0.0604819 9.9991E-05 0.0340966
9.9982E-05 0.0635216 0.379623 0.336204 0.188659 0.0317926 9.9982E-05
9.9973E-05 0.0902121 0.226712 0.509259 0.173517 9.9973E-05 9.9973E-05
0.033373 0.0376999 0.395111 0.390323 0.0537102 9.9991E-05 0.0896825
9.9982E-05 0.0633045 0.575081 0.226919 0.102724 9.9982E-05 0.0317713
0.114289 9.9982E-05 0.632152 0.076354 0.110563 0.066442 9.9982E-05
0.165436 9.9982E-05 0.451026 0.255972 0.106651 0.0207156 9.9982E-05
0.0810186 9.9982E-05 0.627394 0.176311 0.0165661 9.9982E-05 0.0985099
0.107953 9.9982E-05 0.442554 0.384604 0.0559418 0.00874608 9.9982E-05
0.0675836 0.0568189 0.556768 0.227101 0.0778509 9.9991E-05 0.0137775
9.9991E-05 0.0507164 0.496231 0.205115 0.0991338 0.0537117 0.0949915
0.0131666 0.117932 0.475633 0.112934 0.0989201 0.0862223 0.0951925
0.138043 0.0556746 0.440332 9.9982E-05 0.0579859 0.307765 9.9982E-05
0.294007 0.172489 0.466304 9.9982E-05 9.9982E-05 0.0418917 0.0251076
0.198512 0.147816 0.516288 0.0722049 0.0633336 0.00174548 9.9991E-05
0.176776 0.0355385 0.629069 0.055872 0.0592311 0.0254422 0.0180718
0.167654 0.177904 0.444408 0.0356745 0.0730709 0.101188 9.9991E-05
9.9973E-05 0.00596967 0.490784 0.214562 9.9973E-05 9.9973E-05 0.288384
0.132865 0.176053 0.432531 0.133258 0.00929716 0.0977347 0.0182609
0.458663 0.0734766 0.0257377 0.0445192 0.170008 0.104298 0.123298
0.181157 0.128312 0.451094 0.193501 0.00360429 9.9991E-05 0.0422315
0.118028 0.0981875 0.519608 0.129348 0.0798531 0.0548752 9.9991E-05
0.154105 0.229603 0.495774 0.106067 0.0142507 9.9982E-05 9.9982E-05
0.456634 0.00195471 0.361144 0.0687319 0.0479733 0.063462 9.9991E-05
0.133012 0.152408 0.451749 0.0472024 0.0978836 0.0988313 0.0189133
0.0460115 0.0783032 0.584228 0.00564231 9.9991E-05 0.143588 0.142127
0.528031 0.137622 9.9982E-05 9.9982E-05 0.00478931 0.286529 0.0428291
0.151217 0.043896 0.602819 0.0255108 0.0355646 0.140892 9.9991E-05
0.0941503 0.14595 0.575706 9.9982E-05 9.9982E-05 0.121267 0.0627277
0.113764 0.154742 0.521111 0.0115157 0.0564236 0.0707495 0.0716939
0.184217 0.062239 0.614672 9.9973E-05 9.9973E-05 0.138572 9.9973E-05
0.0463083 0.143582 0.530879 0.103366 9.9982E-05 0.175665 9.9982E-05
9.9991E-05 0.112455 0.385395 0.0258579 0.157243 0.0114841 0.307465
0.038859 0.102653 0.457549 0.0357134 0.148146 0.0502547 0.166824
9.9982E-05 0.0213142 0.00506892 0.117107 0.121783 9.9982E-05 0.734527
9.9964E-05 9.9964E-05 9.9964E-05 0.0615528 0.114143 9.9964E-05 0.823905
0.107469 0.04595 0.494118 0.0872822 0.0811395 0.0171956 0.166845
0.199272 0.253339 0.455278 9.9982E-05 9.9982E-05 0.0455738 0.0463376
0.211477 0.290178 0.364491 9.9982E-05 9.9982E-05 0.0209605 0.112693
0.238879 0.250534 0.195411 0.0699712 9.9991E-05 0.114498 0.130607
0.230954 0.184371 0.411202 0.0774064 9.9991E-05 0.0609501 0.0350168
0.191528 0.0772217 0.145392 9.9973E-05 9.9973E-05 9.9973E-05 0.585558
0.248684 0.0752173 0.209478 9.9991E-05 0.0136372 0.0135191 0.439365
9.9982E-05 0.0511217 0.592142 0.0288572 0.112097 9.9982E-05 0.215582
9.9982E-05 0.141636 0.367589 9.9982E-05 0.00376979 0.0659642 0.420842
0.0588563 0.13764 0.235461 0.00279184 9.9991E-05 0.0144044 0.550746
9.9982E-05 0.0744109 0.492292 9.9982E-05 0.0716584 0.103547 0.257892
9.9982E-05 0.116197 0.478019 0.0100214 9.9982E-05 0.0209701 0.374593
0.109287 0.193245 0.331236 0.094679 0.0343901 0.000446299 0.236717
9.9973E-05 9.9973E-05 0.314843 0.0692979 0.108596 9.9973E-05 0.506964
9.9982E-05 0.0313331 0.348664 0.0953163 0.14216 9.9982E-05 0.382327
9.9991E-05 0.056961 0.526871 0.0886834 0.0140126 0.0504236 0.262948
0.0274604 0.0387817 0.312773 0.0484221 9.9991E-05 0.0763146 0.496148
0.114397 0.0877966 0.352538 0.051558 0.118676 0.0223672 0.252668
0.0215834 9.9964E-05 0.489112 9.9964E-05 9.9964E-05 9.9964E-05 0.488904
9.9964E-05 9.9964E-05 0.23487 0.0623448 9.9964E-05 9.9964E-05 0.702385
9.9982E-05 0.0634439 0.518763 9.9982E-05 0.160539 0.0122983 0.244756
9.9982E-05 0.0330183 0.156781 0.0505552 0.101525 9.9982E-05 0.65792
9.9973E-05 0.0706019 0.363905 9.9973E-05 0.0223113 9.9973E-05 0.542882
9.9991E-05 0.0872848 0.492814 0.0696042 0.0781182 0.0503621 0.221716
9.9982E-05 0.0548244 0.514765 9.9982E-05 0.162687 0.0458901 0.221634
0.0482504 0.127042 0.595184 9.9991E-05 0.0133465 0.0707551 0.145323
0.0663285 0.0852468 0.505654 0.0702246 9.9991E-05 0.106381 0.166065
0.134521 0.166485 0.434253 0.100167 9.9991E-05 0.136653 0.027821
0.0798154 0.137041 0.374812 0.0836129 9.9991E-05 0.166402 0.158217
9.9991E-05 0.137849 0.457783 0.0394952 0.121974 0.149161 0.0936368
0.0328055 0.19415 0.390536 0.0830233 0.0296952 0.156015 0.113775
0.0488111 0.162965 9.9973E-05 9.9973E-05 9.9973E-05 0.15245 0.635474
0.000581766 0.141537 0.650071 9.9982E-05 9.9982E-05 0.106402 0.101208
0.20163 0.101709 9.9973E-05 9.9973E-05 9.9973E-05 0.28631 0.410051
9.9973E-05 0.213185 0.479937 9.9973E-05 9.9973E-05 0.0574873 0.24909
9.9964E-05 9.9964E-05 0.0620559 9.9964E-05 0.193167 9.9964E-05 0.744377
9.9964E-05 9.9964E-05 9.9964E-05 9.9964E-05 0.13803 0.0182856 0.843284
9.9973E-05 9.9973E-05 0.426442 0.0137744 0.162184 9.9973E-05 0.3973
9.9973E-05 0.091993 0.566525 9.9973E-05 0.0971925 9.9973E-05 0.243989
9.9964E-05 9.9964E-05 0.396665 9.9964E-05 0.0867645 9.9964E-05 0.516171
9.9964E-05 9.9964E-05 0.490237 9.9964E-05 0.180581 9.9964E-05 0.328782
9.9973E-05 0.0433279 0.524454 9.9973E-05 0.0397736 9.9973E-05 0.392145
9.9982E-05 0.0863367 0.0293772 0.0492466 9.9982E-05 0.780002 0.0548372
0.0316191 0.104114 9.9973E-05 0.136384 9.9973E-05 0.727583 9.9973E-05
0.0152293 0.0647423 9.9973E-05 0.0599765 9.9973E-05 0.859752 9.9973E-05
9.9955E-05 9.9955E-05 0.0752991 9.9955E-05 9.9955E-05 0.924201 9.9955E-05
0.041156 9.9991E-05 0.523998 0.041389 0.296206 0.0197119 0.0774393
9.9982E-05 0.0567957 0.414773 0.0234442 0.436705 0.0680817 9.9982E-05
9.9964E-05 9.9964E-05 0.501403 0.013634 0.484563 9.9964E-05 9.9964E-05
0.0540604 0.0280015 0.600328 9.9982E-05 0.214644 0.102765 9.9982E-05
9.9982E-05 0.0860452 0.483103 9.9982E-05 0.159456 0.0585089 0.212687
0.0895736 9.9982E-05 0.210088 0.180377 0.496008 9.9982E-05 0.0237537
9.9973E-05 0.0706079 0.540972 0.0673393 0.320781 9.9973E-05 9.9973E-05
0.0255868 9.9973E-05 0.331316 9.9973E-05 0.468429 9.9973E-05 0.174369
0.0378459 0.0100141 0.586937 0.0474543 9.9991E-05 0.294537 0.0231123
9.9982E-05 0.0831488 0.379838 0.0237125 0.434461 9.9982E-05 0.0786394
9.9973E-05 9.9973E-05 0.324986 0.092923 0.543746 0.0380452 9.9973E-05
0.00372683 9.9973E-05 0.55153 0.0848365 0.359607 9.9973E-05 9.9973E-05
9.9973E-05 9.9973E-05 0.401777 0.056261 0.533229 0.00843359 9.9973E-05
0.0207759 0.00373373 0.623184 9.9973E-05 0.352007 9.9973E-05 9.9973E-05
0.0364586 0.0144851 0.555883 9.9991E-05 0.284209 0.104773 0.00409073
9.9964E-05 9.9964E-05 0.0767377 9.9964E-05 0.87906 9.9964E-05 0.0438026
0.0471745 9.9982E-05 0.173161 9.9982E-05 0.617773 0.0567342 0.104958
0.0854978 9.9982E-05 0.276309 0.0442458 0.571355 0.0223923 9.9982E-05
0.0682956 9.9964E-05 9.9964E-05 9.9964E-05 0.804895 9.9964E-05 0.12641
0.0744705 0.0023751 0.463941 0.14273 0.309874 0.00650955 9.9991E-05
0.0903385 9.9973E-05 0.0448412 9.9973E-05 0.633443 9.9973E-05 0.231077
0.238201 9.9964E-05 9.9964E-05 9.9964E-05 0.748338 9.9964E-05 0.0130609
0.0283348 0.0508665 0.539599 9.9982E-05 0.351754 0.0292457 9.9982E-05
9.9982E-05 0.0175466 0.179134 0.12541 0.652408 0.0253014 9.9982E-05
9.9991E-05 0.0481821 0.327167 0.0423184 0.460999 0.000522074 0.120712
0.124559 0.118922 0.50521 9.9991E-05 0.194133 0.04255 0.0145269
0.0204964 9.9973E-05 0.512387 0.177494 0.289322 9.9973E-05 9.9973E-05
0.111598 0.0126793 0.365134 0.34065 0.0180609 9.9991E-05 0.151778
9.9973E-05 9.9973E-05 0.552408 0.0385421 0.259497 9.9973E-05 0.149252
9.9973E-05 9.9973E-05 0.440266 0.0716212 0.425291 0.0625225 9.9973E-05
9.9964E-05 9.9964E-05 0.267274 9.9964E-05 0.649867 9.9964E-05 0.0824589
9.9982E-05 0.057598 0.479806 9.9982E-05 0.171601 0.111982 0.178814
0.0193055 9.9973E-05 9.9973E-05 0.264711 9.9973E-05 0.611913 0.10377
0.0304654 9.9991E-05 0.00235436 0.0798194 0.111421 0.742162 0.0336781
0.0428325 9.9973E-05 9.9973E-05 0.143506 0.00458805 0.808774 9.9973E-05
0.0477424 9.9982E-05 9.9982E-05 0.151773 0.00214946 0.783155 0.0149801
9.9982E-05 9.9982E-05 0.024678 0.150151 0.0290862 0.751617 0.0442684
0.0445543 0.0566335 0.0883407 0.098854 0.682949 0.028569 9.9991E-05
0.00255599 0.00415603 0.0503923 0.0982551 0.702737 0.0806968 0.0612068
0.0162873 0.0016813 0.101257 9.9982E-05 0.798887 9.9982E-05 0.0816873
0.073281 0.00758571 0.590353 9.9991E-05 0.0864252 0.095698 0.146557
9.9982E-05 0.0260188 0.542889 9.9982E-05 0.219636 0.106704 0.104552
0.0112891 0.00441758 0.208169 9.9991E-05 0.617102 0.0680249 0.0908981
9.9991E-05 0.0479596 0.504584 0.00310923 0.217308 0.00458466 0.222354
0.0425745 0.0179395 0.359909 9.9991E-05 0.480784 0.0412425 0.0574507
0.0100462 9.9982E-05 0.547762 9.9982E-05 0.326078 0.0682404 0.0476739
9.9991E-05 0.0338775 0.566631 0.019717 0.234397 0.0826122 0.0626653
9.9982E-05 0.0710929 0.143354 0.14566 0.613715 9.9982E-05 0.0259774
9.9973E-05 9.9973E-05 0.308677 0.0430658 0.642563 0.00539458 9.9973E-05
9.9964E-05 9.9964E-05 0.319385 0.185812 0.494403 9.9964E-05 9.9964E-05
0.058699 9.9973E-05 0.644542 9.9973E-05 9.9973E-05 0.0722587 0.2242
9.9973E-05 9.9973E-05 0.318644 0.0158247 0.629526 0.0357049 9.9973E-05
0.0381156 0.0202205 0.373342 0.0665916 0.454905 0.0467257 9.9991E-05
0.0766186 0.290843 0.466925 0.0779899 9.9991E-05 0.00355685 0.0839666
0.0381774 0.412769 0.318969 0.0494964 9.9991E-05 0.0871406 0.0933472
0.0203268 0.424166 0.374348 0.0223806 0.0328123 0.125866 9.9991E-05
0.176125 0.391669 0.358928 9.9973E-05 9.9973E-05 0.0729774 9.9973E-05
0.150822 0.257216 0.511384 9.9973E-05 9.9973E-05 0.0802786 9.9973E-05
0.0309868 0.0290964 0.402393 9.9991E-05 0.333254 0.04889 0.15528
0.180791 0.588169 0.0556015 9.9973E-05 9.9973E-05 0.175138 9.9973E-05
0.0876519 0.425398 0.339439 9.9982E-05 0.00927877 0.138033 9.9982E-05
0.197315 0.0541216 0.443455 9.9991E-05 0.13849 0.107072 0.059447
0.0286358 9.9973E-05 0.607816 9.9973E-05 9.9973E-05 0.154115 0.209133
0.0564834 9.9991E-05 0.448819 0.0140998 0.107802 0.12292 0.249775
0.032561 9.9991E-05 0.568967 0.00178883 0.06427 0.130179 0.202134
0.0705015 9.9991E-05 0.577837 0.0100164 0.0990543 0.14821 0.0942813
0.0238539 0.51421 0.266071 9.9982E-05 9.9982E-05 0.174058 0.0216069
0.0563355 0.305403 0.389858 0.120887 0.0291898 0.0982266 9.9991E-05
0.0500364 0.422921 0.440136 9.9973E-05 9.9973E-05 0.0866061 9.9973E-05
0.0228088 0.269677 0.406892 0.157972 9.9991E-05 0.0869233 0.0556271
0.168509 0.44322 0.287034 9.9973E-05 9.9973E-05 0.100936 9.9973E-05
0.0537313 0.336254 0.355425 0.00023769 0.108211 0.146041 9.9991E-05
0.121228 0.484193 0.315078 0.0214773 9.9982E-05 0.0578232 9.9982E-05
0.0589848 0.319442 0.457182 0.147432 9.9982E-05 9.9982E-05 0.0167589
0.130043 9.9982E-05 0.531102 9.9982E-05 0.126362 0.0804566 0.131836
0.0509718 0.264538 0.437756 0.00843741 0.0396327 0.198564 9.9991E-05
0.0966697 0.57 0.167154 9.9973E-05 9.9973E-05 0.165876 9.9973E-05
0.103257 0.366578 0.280779 0.0185321 0.0823906 0.148364 9.9991E-05
9.9991E-05 0.000580497 0.183372 0.199417 0.0977035 0.184739 0.334088
0.0315612 0.092175 0.560031 0.0509056 0.00564594 9.9991E-05 0.259581
0.111648 0.209754 0.477181 0.00807256 0.0482727 0.135291 0.00978006
0.0510498 9.9973E-05 0.520113 9.9973E-05 9.9973E-05 0.191383 0.237154
0.0870431 9.9991E-05 0.464873 0.0438371 0.118295 0.132706 0.153146
0.17784 0.173772 0.373983 0.0131943 0.106324 0.0961278 0.0587589
0.136923 0.19963 0.353044 9.9982E-05 9.9982E-05 0.165913 0.144289
0.0618917 0.108801 0.522787 0.121726 0.108638 0.064264 0.0118928
0.0898037 0.305632 0.400482 0.0154963 0.0269838 0.161502 9.9991E-05
0.107965 0.436067 0.368211 0.0118867 9.9982E-05 0.0756712 9.9982E-05
0.144975 0.531382 0.175181 9.9973E-05 9.9973E-05 0.148163 9.9973E-05
0.0327116 0.00676296 0.594336 9.9991E-05 0.0986787 0.111184 0.156226
9.9982E-05 9.9982E-05 0.431443 0.0253968 0.170563 0.129443 0.242954
0.182844 0.0385054 0.127914 9.9991E-05 0.0104073 0.120413 0.519815
0.0993606 0.0859478 0.571563 0.0318959 9.9991E-05 0.085988 0.125145
0.126113 9.9982E-05 0.431819 0.212474 9.9982E-05 0.110172 0.119223
0.249296 0.0583954 0.464495 0.0171372 0.100738 0.109838 9.9991E-05
0.2088 0.0707715 0.457068 0.00894408 0.0915809 0.132886 0.0299487
0.850794 0.0948725 9.9964E-05 0.0539338 9.9964E-05 9.9964E-05 9.9964E-05
0.991729 9.9955E-05 0.00777149 9.9955E-05 9.9955E-05 9.9955E-05 9.9955E-05
0.449677 9.9982E-05 0.376469 0.156059 9.9982E-05 0.00497011 0.0126246
0.720652 0.0489047 0.116661 0.0777946 9.9982E-05 0.0357873 9.9982E-05
0.805041 0.0474183 0.0175471 9.9973E-05 9.9973E-05 0.129694 9.9973E-05
0.421334 9.9973E-05 0.434682 0.0578704 9.9973E-05 9.9973E-05 0.0858141
0.203333 0.080206 0.38514 9.9982E-05 0.139734 0.191386 9.9982E-05
0.410552 0.0722367 0.225835 0.00967356 0.0992315 0.182371 9.9991E-05
0.750604 9.9964E-05 0.222529 9.9964E-05 9.9964E-05 0.0264668 9.9964E-05
0.246557 0.0399312 0.556937 0.0797845 9.9982E-05 9.9982E-05 0.0765909
0.610943 9.9982E-05 0.268276 0.023873 0.0827736 0.0139347 9.9982E-05
0.946807 9.9955E-05 9.9955E-05 9.9955E-05 9.9955E-05 0.0526932 9.9955E-05
0.181274 0.0918874 0.528507 0.113167 9.9982E-05 0.0849645 9.9982E-05
0.40078 0.10083 0.413589 0.0605304 0.00734826 0.0168231 9.9991E-05
0.0875899 0.132487 0.468856 9.9982E-05 0.0560543 0.254812 9.9982E-05
9.9964E-05 0.169969 0.581603 9.9964E-05 9.9964E-05 0.248028 9.9964E-05
0.141291 0.153935 0.579095 9.9991E-05 0.0424153 0.0737399 0.00942387
0.193551 0.250114 0.466652 0.0108028 0.0284086 0.0503704 9.9991E-05
0.136948 0.159316 0.381071 0.00865233 9.9982E-05 0.313813 9.9982E-05
0.041077 0.0711184 0.60118 0.0296519 0.0269341 0.195367 0.034672
0.142349 0.170527 0.438667 9.9982E-05 0.0241766 0.22408 9.9982E-05
0.122816 0.195262 0.286494 0.110348 0.0769594 0.208021 9.9991E-05
0.0855399 0.0769196 0.2603 0.11361 0.262456 0.201075 9.9991E-05
0.00260796 0.0656614 0.53105 0.0307846 0.170309 0.199488 9.9991E-05
0.101512 0.067239 0.585768 0.0378598 0.0212245 0.139527 0.04687
9.9991E-05 0.092895 0.518512 0.0108697 0.176466 0.135818 0.0653388
0.121632 0.279128 0.34067 0.0554945 9.9991E-05 0.197585 0.00538995
9.9991E-05 0.0305521 0.567359 0.0271774 0.0192921 0.255855 0.0996643
0.329457 0.104635 0.228964 9.9982E-05 0.0455271 0.291216 9.9982E-05
0.0922242 0.152111 0.530461 0.0873628 0.0137725 0.0774367 0.0466325
0.371484 0.232484 0.269693 9.9982E-05 0.0273532 0.0987854 9.9982E-05
0.0619731 9.9982E-05 9.9982E-05 0.121351 0.0580649 0.742709 0.0157024
0.0285424 9.9982E-05 0.0847239 0.774235 0.0503143 0.0619848 9.9982E-05
9.9955E-05 9.9955E-05 9.9955E-05 0.974061 9.9955E-05 0.0254389 9.9955E-05
9.9964E-05 9.9964E-05 0.000281432 0.950763 9.9964E-05 0.0485556 9.9964E-05
9.9955E-05 0.00972443 9.9955E-05 0.989776 9.9955E-05 9.9955E-05 9.9955E-05
9.9964E-05 0.0748238 9.9964E-05 0.919947 9.9964E-05 0.0048298 9.9964E-05
9.9964E-05 9.9964E-05 0.0883734 0.899872 9.9964E-05 0.0113544 9.9964E-05
9.9964E-05 9.9964E-05 9.9964E-05 0.907555 9.9964E-05 0.0645612 0.0274842
9.9955E-05 9.9955E-05 9.9955E-05 0.797084 9.9955E-05 0.202416 9.9955E-05
0.094401 0.029057 9.9973E-05 0.0308293 9.9973E-05 0.845413 9.9973E-05
0.000946364 9.9973E-05 0.0554225 0.134935 9.9973E-05 0.808396 9.9973E-05
9.9973E-05 0.0593201 0.0322673 0.0112308 9.9973E-05 0.896882 9.9973E-05
0.034326 9.9982E-05 0.0330562 0.0868606 9.9982E-05 0.80089 0.0446668
0.0761274 0.0317179 0.0144023 0.0434007 0.02481 0.809442 9.9991E-05
9.9964E-05 9.9964E-05 9.9964E-05 0.0158401 9.9964E-05 0.891304 0.0924555
0.0194099 0.142347 9.9982E-05 0.0930849 0.0185449 0.726413 9.9982E-05
0.00769388 0.114133 9.9973E-05 9.9973E-05 9.9973E-05 0.824337 0.053537
9.9991E-05 0.0709266 0.044076 0.131911 0.0122586 0.708994 0.0317339
9.9964E-05 0.081218 9.9964E-05 9.9964E-05 9.9964E-05 0.887994 0.0303885
9.9964E-05 9.9964E-05 0.0111378 9.9964E-05 9.9964E-05 0.934752 0.05371
0.0201824 0.0685341 9.9991E-05 0.0368903 0.026597 0.825875 0.0218215
9.9973E-05 0.0328958 0.000898043 9.9973E-05 9.9973E-05 0.942041 0.0238657
9.9973E-05 0.00633556 0.0557472 9.9973E-05 9.9973E-05 0.926502 0.0111151
0.0112977 0.0460547 0.0738552 9.9982E-05 0.0274452 0.841147 9.9982E-05
9.9964E-05 0.0249566 0.123842 9.9964E-05 9.9964E-05 0.850802 9.9964E-05
9.9964E-05 0.125456 0.103394 9.9964E-05 9.9964E-05 0.77075 9.9964E-05
9.9964E-05 0.115677 0.118896 9.9964E-05 9.9964E-05 0.765028 9.9964E-05
9.9964E-05 0.0569836 0.142992 9.9964E-05 9.9964E-05 0.799624 9.9964E-05
0.0804072 9.9991E-05 0.40011 0.0718295 0.0807943 0.145631 0.221128
9.9982E-05 9.9982E-05 0.591572 0.0252506 0.145469 0.117453 0.120055
9.9982E-05 0.0283283 0.545298 0.120119 9.9982E-05 0.133395 0.17266
0.132204 9.9982E-05 0.0969241 9.9982E-05 0.0821507 0.0430811 0.64544
0.0259847 9.9991E-05 0.546984 0.125328 0.015294 0.113487 0.172822
0.248518 9.9973E-05 0.143604 9.9973E-05 9.9973E-05 0.0548162 0.552763
0.210456 9.9973E-05 0.599087 9.9973E-05 9.9973E-05 0.0361153 0.154042
9.9982E-05 9.9982E-05 0.41907 0.127139 0.117901 0.105128 0.230562
9.9982E-05 9.9982E-05 0.503972 0.0447219 0.0575901 0.134241 0.259275
0.0465891 9.9982E-05 0.403367 9.9982E-05 0.519569 0.0208089 0.0094661
0.0772548 9.9991E-05 0.442091 0.112557 0.110217 0.0353402 0.22244
0.0586767 9.9973E-05 0.702299 9.9973E-05 9.9973E-05 0.0646342 0.17409
0.0361586 9.9982E-05 0.581887 0.0777248 9.9982E-05 0.130027 0.174003
0.118903 9.9982E-05 0.09206 0.432481 0.234356 9.9982E-05 0.122
0.106346 9.9973E-05 9.9973E-05 0.00708775 9.9973E-05 0.0145819 0.871684
0.240761 9.9973E-05 0.185826 0.0784097 9.9973E-05 9.9973E-05 0.494703
0.0196989 0.0236748 0.619152 0.0786549 9.9991E-05 0.0525221 0.206197
0.05982 9.9982E-05 0.509097 0.0333434 9.9982E-05 0.135647 0.261893
0.0564722 9.9991E-05 0.556181 0.0117471 0.0894572 0.141684 0.144359
0.00460215 9.9982E-05 0.59313 9.9982E-05 0.0902764 0.118517 0.193275
