9.9955E-05 0.0225443 9.9955E-05 0.220148 9.9955E-05 9.9955E-05 9.9955E-05 0.693634 0.0553552 0.00781872
9.9946E-05 9.9946E-05 0.0404987 0.121223 9.9946E-05 0.0113429 9.9946E-05 0.826335 9.9946E-05 9.9946E-05
9.9955E-05 9.9955E-05 9.9955E-05 0.0810397 0.0115445 9.9955E-05 0.114046 0.779526 0.0133432 9.9955E-05
9.9964E-05 0.0385925 9.9964E-05 0.165204 0.0692884 9.9964E-05 0.067038 0.605464 0.0540125 9.9964E-05
9.9955E-05 9.9955E-05 9.9955E-05 0.226793 0.0231877 9.9955E-05 0.015031 0.658597 0.0758912 9.9955E-05
9.9955E-05 9.9955E-05 0.0314638 0.885074 0.020451 0.056124 0.00638704 9.9955E-05 9.9955E-05 9.9955E-05
9.99201E-05 9.99201E-05 9.99201E-05 0.999101 9.99201E-05 9.99201E-05 9.99201E-05 9.99201E-05 9.99201E-05 9.99201E-05
9.9937E-05 9.9937E-05 9.9937E-05 0.982243 9.9937E-05 0.00464492 9.9937E-05 9.9937E-05 9.9937E-05 0.0124125
9.99549E-05 9.99549E-05 0.0820226 0.139373 0.0433054 9.99549E-05 9.99549E-05 0.699568 9.99549E-05 0.0352305
9.9937E-05 9.9937E-05 9.9937E-05 0.937475 9.9937E-05 9.9937E-05 0.0415488 9.9937E-05 0.0202768 9.9937E-05
9.99459E-05 0.0338695 9.99459E-05 0.838758 0.0489727 9.99459E-05 9.99459E-05 0.0778004 9.99459E-05 9.99459E-05
9.9964E-05 0.823258 0.013704 0.00973898 9.9964E-05 0.00598315 0.13537 9.9964E-05 0.0115457 9.9964E-05
9.9955E-05 0.410257 9.9955E-05 9.9955E-05 0.0340726 9.9955E-05 0.432384 9.9955E-05 0.0684855 0.0543008
0.0741851 0.683289 9.9964E-05 0.0105168 9.9964E-05 9.9964E-05 0.0830096 9.9964E-05 0.114586 0.034013
0.00185247 0.565043 9.9973E-05 0.0178904 9.9973E-05 9.9973E-05 0.237784 0.0263745 0.0891251 0.0616305
0.0234929 0.495057 9.99704E-05 0.0601268 9.99704E-05 0.0188498 0.291418 9.99704E-05 0.110656 9.99704E-05
9.9964E-05 0.262945 9.9964E-05 9.9964E-05 9.9964E-05 0.00660437 0.533102 0.0474499 0.0741155 0.0753838
0.0228081 0.345791 0.164436 0.0387301 0.0205158 0.0329606 0.320352 9.9982E-05 0.054207 9.9982E-05
9.9955E-05 0.570786 9.9955E-05 9.9955E-05 9.9955E-05 9.9955E-05 0.246645 0.124877 0.027028 0.030164
9.9946E-05 0.822051 9.9946E-05 9.9946E-05 0.0741867 0.0490959 9.9946E-05 0.054067 9.9946E-05 9.9946E-05
0.044723 0.423754 0.0733686 9.9973E-05 0.0418202 0.0112333 0.298369 9.9973E-05 0.106432 9.9973E-05
9.9964E-05 0.242712 0.0639632 9.9964E-05 0.0237423 0.097714 0.412245 9.9964E-05 9.9964E-05 0.159224
0.0544297 0.226747 0.0870249 9.9973E-05 0.0532763 0.0253931 0.499776 0.0530534 9.9973E-05 9.9973E-05
9.9964E-05 0.712782 0.0272204 0.0311639 9.9964E-05 0.0322135 0.102515 9.9964E-05 0.0937059 9.9964E-05
9.9982E-05 0.0954001 0.0155265 0.0621269 0.00311539 0.0762414 0.603107 0.0430493 0.101233 9.9982E-05
9.9955E-05 0.491886 9.9955E-05 0.0236326 9.9955E-05 9.9955E-05 0.349175 0.00590215 0.128904 9.9955E-05
0.00308207 0.871713 9.9955E-05 9.9955E-05 9.9955E-05 9.9955E-05 0.0225445 0.0213755 0.0807853 9.9955E-05
9.9937E-05 0.798895 9.9937E-05 9.9937E-05 9.9937E-05 9.9937E-05 9.9937E-05 9.9937E-05 0.177612 0.0227928
0.0280775 0.83166 9.9964E-05 0.0244359 9.9964E-05 0.0269345 0.0841175 0.00437441 9.9964E-05 9.9964E-05
9.9937E-05 9.9937E-05 9.9937E-05 9.9937E-05 9.9937E-05 9.9937E-05 0.0931386 0.842606 0.0635558 9.9937E-05
9.9928E-05 9.9928E-05 9.9928E-05 9.9928E-05 9.9928E-05 9.9928E-05 0.147673 0.851528 9.9928E-05 9.9928E-05
0.00746424 0.0176621 0.021165 9.9964E-05 9.9964E-05 9.9964E-05 0.114327 0.802841 0.036141 9.9964E-05
9.9955E-05 9.9955E-05 0.119534 0.0855505 9.9955E-05 9.9955E-05 0.0272032 0.636269 0.130944 9.9955E-05
0.0370702 0.0250822 0.185549 9.9973E-05 0.0205158 0.101899 0.541894 0.0876898 9.9973E-05 9.9973E-05
0.0244557 0.107262 0.218755 9.9973E-05 0.0569555 9.9973E-05 0.492199 0.0691868 0.0308858 9.9973E-05
9.9946E-05 0.00632671 0.370446 0.014347 9.9946E-05 9.9946E-05 0.608281 9.9946E-05 9.9946E-05 9.9946E-05
0.0137422 0.571598 0.0674498 0.0411023 0.188829 9.9991E-05 0.0487891 0.0349128 0.0245957 0.00888152
0.00117186 9.9973E-05 0.545691 0.0163889 0.0530867 9.9973E-05 0.316625 9.9973E-05 0.0103205 0.056417
0.0962717 0.125009 0.195119 9.9964E-05 9.9964E-05 9.9964E-05 0.458907 0.0531011 0.0711935 9.9964E-05
9.9946E-05 9.9946E-05 0.185048 0.00624184 9.9946E-05 0.104457 0.703654 9.9946E-05 9.9946E-05 9.9946E-05
0.0325565 0.0303081 0.0398782 0.0734741 9.9973E-05 0.258716 0.512248 0.0525191 9.9973E-05 9.9973E-05
9.9964E-05 0.0988864 0.175752 9.9964E-05 0.00380148 0.0474688 0.5667 0.106992 9.9964E-05 9.9964E-05
9.9964E-05 0.243626 0.55901 0.016058 0.0258451 9.9964E-05 0.085376 9.9964E-05 9.9964E-05 0.0696853
9.9973E-05 0.118846 0.00176835 0.0187555 9.9973E-05 0.216623 0.535189 9.9973E-05 0.0506341 0.0578844
0.0782742 9.9973E-05 0.145468 0.0424644 9.9973E-05 0.0624346 0.508322 0.086991 0.0757461 9.9973E-05
9.9964E-05 0.0850664 0.103047 9.9964E-05 9.9964E-05 9.9964E-05 0.517352 0.0705737 0.0841699 0.139392
9.9937E-05 9.9937E-05 0.611215 0.0543559 9.9937E-05 9.9937E-05 0.333729 9.9937E-05 9.9937E-05 9.9937E-05
9.9955E-05 9.9955E-05 0.294789 9.9955E-05 0.0154736 9.9955E-05 0.604526 0.0581847 9.9955E-05 0.0265269
9.9973E-05 9.9973E-05 0.262098 0.0497393 9.9973E-05 0.050404 0.455114 0.0465227 0.081509 0.0543131
0.0246125 9.9955E-05 0.759356 0.0117946 9.9955E-05 9.9955E-05 9.9955E-05 0.0204046 9.9955E-05 0.183333
0.0417846 0.389948 0.205333 0.0286413 0.149675 0.074508 0.0973014 9.9982E-05 9.9982E-05 0.0126086
0.05038 0.304126 0.184898 0.0149001 0.0829774 0.19416 9.9973E-05 9.9973E-05 9.9973E-05 0.168259
9.9964E-05 0.158737 0.0351859 9.9964E-05 0.101996 9.9964E-05 0.580574 0.0525103 9.9964E-05 0.0705979
0.0705016 0.058825 9.9964E-05 9.9964E-05 9.9964E-05 0.100742 0.648064 0.115935 9.9964E-05 0.00553344
9.9982E-05 0.100294 0.125282 0.0518387 0.0165942 0.00275408 0.579648 0.0500554 9.9982E-05 0.0733339
0.0219613 0.134444 0.23343 9.9991E-05 0.264094 0.0738886 0.139405 0.0994117 0.00104786 0.0322176
0.0170058 0.0586095 0.122486 9.9973E-05 0.152796 9.9973E-05 0.548454 0.0368059 9.9973E-05 0.0635434
9.9982E-05 0.0784363 0.00739626 9.9982E-05 0.0673506 0.066844 0.518414 0.0837738 0.0688707 0.108715
0.0218198 0.294207 0.147404 0.128871 0.0293844 0.0553172 0.292135 0.0225076 9.9991E-05 0.00825357
9.999E-05 0.378149 0.0406074 0.0285381 0.128394 0.120889 0.0354992 0.121084 0.0228965 0.123843
0.071656 0.00922883 0.132458 9.9964E-05 0.0290365 9.9964E-05 0.515889 9.9964E-05 9.9964E-05 0.241332
0.142637 0.235408 0.0442735 0.0409318 0.0777587 9.9973E-05 0.363376 9.9973E-05 9.9973E-05 0.0953159
9.9964E-05 0.618074 0.0621782 0.0524464 0.126783 0.0914777 9.9964E-05 9.9964E-05 9.9964E-05 0.0486411
0.0257121 0.240417 0.00353436 9.9964E-05 0.109174 9.9964E-05 0.499622 9.9964E-05 9.9964E-05 0.121141
0.130511 0.0509982 0.0356158 0.0613509 0.00646356 0.0179015 0.638955 9.9982E-05 9.9982E-05 0.0580042
9.9982E-05 0.121807 0.0333522 0.0227399 0.100997 0.017591 0.557723 9.9982E-05 0.0641881 0.0814009
0.0323933 0.411353 0.0522246 0.00180623 0.0825541 9.9982E-05 0.27894 9.9982E-05 0.0269816 0.113546
0.0154599 0.301568 0.0323785 0.0531458 9.9973E-05 0.0683077 0.461414 9.9973E-05 9.9973E-05 0.0674263
0.0151213 9.9982E-05 0.120928 0.068763 0.0737242 9.9982E-05 0.600747 0.0680964 0.0195341 0.0328855
0.0943808 0.464111 0.0749082 9.9982E-05 0.0824038 0.0374688 0.155317 0.0328725 9.9982E-05 0.0583376
9.9955E-05 0.0550158 0.317749 9.9955E-05 0.0115887 0.0704964 0.54465 9.9955E-05 9.9955E-05 9.9955E-05
9.9946E-05 0.160779 0.607059 0.0261801 9.9946E-05 9.9946E-05 0.205383 9.9946E-05 9.9946E-05 9.9946E-05
9.9973E-05 0.0283991 0.287808 0.0582444 0.0897416 9.9973E-05 0.496142 9.9973E-05 0.00774155 0.0316229
9.9955E-05 9.9955E-05 0.915534 0.00792953 9.9955E-05 0.0429527 9.9955E-05 9.9955E-05 0.0125397 0.0205438
0.0407874 0.120181 0.787583 9.9946E-05 9.9946E-05 0.0508486 9.9946E-05 9.9946E-05 9.9946E-05 9.9946E-05
9.99371E-05 9.99371E-05 0.683705 9.99371E-05 9.99371E-05 0.000622757 0.314972 9.99371E-05 9.99371E-05 9.99371E-05
9.9973E-05 0.106447 0.307988 9.9973E-05 0.0784953 0.00902759 0.456061 0.0199781 9.9973E-05 0.0217028
0.0683782 0.0515809 0.127864 9.9973E-05 9.9973E-05 0.0130997 0.544478 0.163626 9.9973E-05 0.0306736
9.9973E-05 0.101533 0.422396 9.9973E-05 0.000667738 9.9973E-05 0.386955 0.000215075 0.0589601 0.0289729
9.9973E-05 0.171919 0.508352 0.0258902 0.101533 9.9973E-05 0.152929 0.0262289 0.0128478 9.9973E-05
9.9955E-05 0.0801392 0.493264 0.0633589 0.139643 9.9955E-05 0.223096 9.9955E-05 9.9955E-05 9.9955E-05
0.075491 0.0551895 0.116278 0.0404875 0.0434683 9.9982E-05 0.502887 0.0530094 0.112989 9.9982E-05
9.9973E-05 0.0947083 0.569989 0.0240306 0.027497 9.9973E-05 0.244332 0.00220965 0.0369334 9.9973E-05
9.9955E-05 0.0939113 0.427333 0.0767916 9.9955E-05 0.0258485 0.375615 9.9955E-05 9.9955E-05 9.9955E-05
9.9946E-05 9.9946E-05 0.534922 0.0655846 9.9946E-05 0.0246611 0.374233 9.9946E-05 9.9946E-05 9.9946E-05
0.0803773 9.9973E-05 0.756841 9.9973E-05 0.00379592 0.0797608 9.9973E-05 0.00518165 0.00966338 0.0640801
0.00944396 9.9973E-05 0.222365 9.9973E-05 0.0501737 0.0360923 0.640684 0.0171917 9.9973E-05 0.0237489
9.9964E-05 0.0493306 0.0152652 0.0641284 9.9964E-05 9.9964E-05 0.0525147 0.748935 0.0694259 9.9964E-05
9.99371E-05 0.0253251 9.99371E-05 9.99371E-05 9.99371E-05 9.99371E-05 0.0811874 0.892788 9.99371E-05 9.99371E-05
9.9946E-05 9.9946E-05 9.9946E-05 9.9946E-05 9.9946E-05 9.9946E-05 0.0473714 0.880029 0.06488 0.00711943
9.9955E-05 9.9955E-05 0.0271852 9.9955E-05 9.9955E-05 9.9955E-05 0.0157553 0.887126 0.0491276 0.0203065
0.00369425 9.9973E-05 0.0100927 0.0746485 9.9973E-05 9.9973E-05 0.067587 0.776212 0.0250762 0.04239
0.0205496 9.9973E-05 9.9973E-05 0.0770685 0.000441946 9.9973E-05 0.0265234 0.794614 0.0396321 0.040871
9.99461E-05 9.99461E-05 9.99461E-05 0.14659 9.99461E-05 9.99461E-05 0.0779103 0.761766 0.0131342 9.99461E-05
9.9973E-05 9.9973E-05 0.258903 0.0892478 0.10747 0.00620604 0.438112 9.9973E-05 0.0313326 0.0684286
9.9973E-05 0.102982 0.161005 9.9973E-05 0.00860265 0.00732151 0.459973 0.0811673 0.178648 9.9973E-05
0.050309 0.193585 0.713902 9.9955E-05 9.9955E-05 9.9955E-05 0.00734325 0.0343608 9.9955E-05 9.9955E-05
0.0393718 0.0578507 0.126006 9.9982E-05 0.0601539 9.9982E-05 0.427338 0.105024 0.12785 0.0562054
9.9964E-05 0.120477 0.408566 0.0171617 9.9964E-05 0.0254596 0.394176 0.0337594 9.9964E-05 9.9964E-05
0.0458029 9.9955E-05 0.254263 9.9955E-05 9.9955E-05 0.00665633 0.669195 0.0235836 9.9955E-05 9.9955E-05
0.10249 0.00972337 0.26211 9.9973E-05 9.9973E-05 0.0145716 0.548293 0.0391902 0.0233224 9.9973E-05
0.040289 9.9964E-05 0.387327 0.0199577 9.9964E-05 9.9964E-05 0.492063 9.9964E-05 0.0342114 0.025752
9.9955E-05 0.217342 0.678295 0.00659864 0.0524125 9.9955E-05 9.9955E-05 0.0448515 9.9955E-05 9.9955E-05
0.0782749 0.0322446 0.224171 0.042552 0.0667127 9.9973E-05 0.512915 0.0428295 9.9973E-05 9.9973E-05
0.0202708 9.9973E-05 0.176057 0.0361096 0.0175997 9.9973E-05 0.63812 0.0407458 0.0707969 9.9973E-05
0.00107933 0.0189083 0.204595 9.9973E-05 0.0911449 9.9973E-05 0.57636 0.07445 0.0331623 9.9973E-05
0.0324339 9.9964E-05 0.573276 9.9964E-05 9.9964E-05 0.031155 0.250416 9.9964E-05 0.029259 0.0830608
0.0467839 9.9946E-05 0.437494 0.0253349 9.9946E-05 9.9946E-05 0.489788 9.9946E-05 9.9946E-05 9.9946E-05
9.9973E-05 0.0772655 0.343173 9.9973E-05 0.0672993 0.017458 0.455068 0.0286217 9.9973E-05 0.0108144
9.9937E-05 9.9937E-05 0.616956 9.9937E-05 9.9937E-05 9.9937E-05 0.274548 9.9937E-05 0.107797 9.9937E-05
9.9964E-05 0.113755 0.42459 0.0315156 0.0249596 9.9964E-05 0.373361 0.0314193 9.9964E-05 9.9964E-05
9.9982E-05 0.126753 0.0937532 9.9982E-05 0.0259684 0.019139 0.534244 0.100561 0.0271184 0.0722629
0.159505 0.365753 0.00181511 0.0305009 0.0929329 9.9991E-05 0.208004 0.0407365 0.00135881 0.0992934
0.00834549 0.147075 0.0316924 9.9991E-05 0.185414 0.0346198 0.406971 0.111253 0.0444866 0.0300437
0.0917202 0.0986587 9.9982E-05 0.00828731 0.0120427 0.0932955 0.515476 0.10826 0.0720596 9.9982E-05
0.0252777 0.00278559 0.142999 0.0154809 0.0282675 0.116406 0.484345 0.102962 0.0813763 9.9991E-05
0.040885 0.386018 9.9973E-05 0.048409 0.0712666 9.9973E-05 0.392877 0.0369271 9.9973E-05 0.0233172
0.0248977 0.191677 0.0286841 9.9964E-05 0.149132 9.9964E-05 0.521516 9.9964E-05 0.0836935 9.9964E-05
0.0512091 0.300687 9.9955E-05 9.9955E-05 0.218049 9.9955E-05 0.424574 0.00498149 9.9955E-05 9.9955E-05
0.0274062 9.9973E-05 0.0741958 9.9973E-05 0.139612 0.0413562 0.567557 0.108934 9.9973E-05 0.0406389
9.9982E-05 0.0117509 0.089535 9.9982E-05 0.137119 0.113645 0.483337 0.0330206 0.0747215 0.0566706
9.9964E-05 0.173119 0.0707383 9.9964E-05 9.9964E-05 0.0532267 0.595501 0.0634167 9.9964E-05 0.0435979
0.0192039 0.220725 0.0340485 9.9955E-05 0.26066 9.9955E-05 0.464863 9.9955E-05 9.9955E-05 9.9955E-05
9.9973E-05 0.00527408 0.0716136 9.9973E-05 0.135735 0.0407981 0.596704 9.9973E-05 0.0906688 0.0589058
0.0789205 9.9991E-05 0.0480083 0.0789532 0.0868498 0.0320067 0.555385 0.0565089 0.024955 0.0383132
0.0556468 0.208836 9.9964E-05 9.9964E-05 0.0945824 9.9964E-05 0.593373 9.9964E-05 0.0419268 0.00523516
0.108681 9.9973E-05 9.9973E-05 0.0219959 0.0911708 0.0690685 0.616023 0.0644493 9.9973E-05 0.0283117
0.0499753 0.0796642 9.9973E-05 0.0386769 0.16615 0.0768327 0.498253 9.9973E-05 0.0901485 9.9973E-05
0.0775567 0.200468 9.9973E-05 9.9973E-05 0.122705 0.0858636 0.29006 0.119218 9.9973E-05 0.103828
0.0106711 0.054478 9.9973E-05 0.0140686 0.140342 9.9973E-05 0.659586 9.9973E-05 0.0541376 0.0664169
0.0409037 0.0360936 9.9964E-05 9.9964E-05 0.0929262 9.9964E-05 0.633178 9.9964E-05 0.020871 0.175628
0.0711311 0.235622 0.153698 0.0534147 0.226005 9.9973E-05 0.242163 9.9973E-05 0.0176656 9.9973E-05
0.121695 0.131351 0.0354752 9.9982E-05 0.182326 0.0915071 0.225542 9.9982E-05 0.00135524 0.210548
0.0562733 0.118358 0.0341253 9.9991E-05 0.099216 0.0774975 0.50331 0.00859868 0.101962 0.000559559
0.223913 0.0691312 0.141571 9.9982E-05 0.270426 0.0730706 0.0450258 9.9982E-05 0.0414627 0.1352
0.0826257 0.433914 0.0300469 9.9973E-05 0.135801 0.0488798 0.257213 0.0112197 9.9973E-05 9.9973E-05
0.01208 0.365236 0.0444506 9.9973E-05 0.10118 0.0744721 0.388595 9.9973E-05 9.9973E-05 0.0136865
0.00162998 0.37041 0.103491 9.9964E-05 0.149633 9.9964E-05 0.329996 0.0444399 9.9964E-05 9.9964E-05
0.0097993 0.408243 0.0845957 9.9982E-05 0.206747 0.0373361 0.203086 0.0262996 0.0236937 9.9982E-05
9.9982E-05 0.0892832 0.0396518 0.036952 0.0699102 0.11254 0.578992 0.0403922 0.0320789 9.9982E-05
9.9982E-05 0.00246449 0.0778059 0.0949532 0.0981846 0.00965091 0.613655 0.0157959 9.9982E-05 0.08729
0.0838247 0.220711 0.0146288 9.9973E-05 0.040816 9.9973E-05 0.508856 0.111592 0.019272 9.9973E-05
0.101766 0.247998 0.0838204 9.9973E-05 0.190944 0.0879442 0.0942804 9.9973E-05 9.9973E-05 0.192947
0.0174041 9.9982E-05 0.159304 0.0389434 0.0289436 0.0727112 0.45127 0.180609 9.9982E-05 0.0506148
0.0713377 0.0322792 0.0434954 0.0447438 0.0240062 0.275613 0.384108 0.0639704 0.0603459 9.9991E-05
0.169375 0.0358517 0.0955388 0.0123184 0.0995126 0.337461 9.9982E-05 0.0876579 9.9982E-05 0.162085
0.0950623 9.9964E-05 0.0110601 9.9964E-05 9.9964E-05 0.0998021 0.630275 0.153724 0.00967691 9.9964E-05
0.012711 9.9973E-05 0.240415 9.9973E-05 0.0234483 0.15371 0.334371 0.0133563 9.9973E-05 0.221688
0.0489638 0.0127429 0.0765429 9.9982E-05 0.0546613 9.9982E-05 0.548552 0.0703974 0.0307017 0.157238
0.0496277 0.0224901 0.0984995 0.0455958 0.075379 0.232613 0.229903 9.9982E-05 9.9982E-05 0.245691
0.0538588 0.130784 0.119693 9.9982E-05 0.0712009 0.360126 0.139071 0.0611917 9.9982E-05 0.0638739
0.11994 9.9973E-05 0.068951 9.9973E-05 0.132897 0.0974464 0.436854 0.0521522 9.9973E-05 0.0914598
0.114908 0.0931048 0.00683323 0.0251721 0.0647797 0.0622497 0.436533 0.0528662 0.0644015 0.0791517
9.9964E-05 0.194651 9.9964E-05 9.9964E-05 9.9964E-05 0.186047 0.359467 0.175716 0.031853 0.0518665
0.0593221 0.156659 0.245561 9.9973E-05 9.9973E-05 0.199337 9.9973E-05 0.0336052 0.110035 0.19518
0.111405 0.023269 0.0149145 0.0471463 9.9991E-05 0.0321612 0.548635 0.0746221 0.0267343 0.121013
0.00306961 0.124039 0.132783 9.9973E-05 0.0274541 0.320861 0.349394 9.9973E-05 9.9973E-05 0.0420998
0.0526308 0.144552 0.128194 9.9973E-05 0.00848625 0.180353 0.480318 9.9973E-05 9.9973E-05 0.0051669
9.9973E-05 0.0222413 0.113765 9.9973E-05 0.0759385 0.0110286 0.575408 0.15165 9.9973E-05 0.0496685
9.9973E-05 0.0311988 0.0226922 9.9973E-05 9.9973E-05 0.222629 0.0795978 0.253596 0.26905 0.120937
9.9964E-05 9.9964E-05 9.9964E-05 0.102167 0.00708705 0.057215 9.9964E-05 0.344771 0.0672326 0.421127
9.9955E-05 9.9955E-05 9.9955E-05 0.0926099 9.9955E-05 0.129081 9.9955E-05 0.246687 0.0859741 0.445148
9.9973E-05 0.0424832 9.9973E-05 0.108624 9.9973E-05 0.0384419 0.0826851 0.237672 0.268516 0.221278
9.9928E-05 9.9928E-05 9.9928E-05 9.9928E-05 9.9928E-05 0.394169 0.605032 9.9928E-05 9.9928E-05 9.9928E-05
0.0658387 9.9964E-05 0.0209661 0.0204437 9.9964E-05 0.16148 0.55409 0.176782 9.9964E-05 9.9964E-05
0.0227902 9.9946E-05 9.9946E-05 9.9946E-05 0.0209102 9.9946E-05 0.305659 9.9946E-05 0.650041 9.9946E-05
0.00839094 0.160814 0.0293746 9.9982E-05 0.0187563 0.000916357 0.387776 9.9982E-05 0.383842 0.00992922
0.0366383 0.0332101 0.0776713 0.0453142 0.0361091 0.00312514 0.409862 0.0331782 0.324791 9.9991E-05
0.159807 0.0321361 0.135978 0.0734309 9.9973E-05 0.345443 0.220106 9.9973E-05 9.9973E-05 0.0327996
0.036206 0.00737862 0.0274251 0.047735 0.0654274 0.205914 0.492942 9.9991E-05 0.053565 0.0633067
0.193903 0.0350799 9.9955E-05 9.9955E-05 9.9955E-05 0.505001 0.152651 9.9955E-05 9.9955E-05 0.112865
9.9964E-05 0.132552 0.0271812 0.00547105 9.9964E-05 0.212206 0.569155 9.9964E-05 9.9964E-05 0.0530339
0.0827834 0.151827 0.0540075 0.0121843 9.9973E-05 0.144501 0.449998 9.9973E-05 9.9973E-05 0.104399
0.0727019 9.9991E-05 0.026914 0.0181703 0.00553335 0.280865 0.52198 0.011134 0.0149923 0.0476099
0.130246 0.154453 0.0565585 9.9973E-05 9.9973E-05 0.447374 0.0818083 9.9973E-05 0.00521439 0.124046
0.0255842 0.157862 0.123666 9.9982E-05 9.9982E-05 0.0135647 0.488684 0.11737 0.0498137 0.0232545
0.115478 0.0218725 0.0330467 0.0175525 0.00617986 0.154748 0.60493 0.00563144 9.9991E-05 0.0404617
0.0305128 9.9946E-05 0.00343897 9.9946E-05 9.9946E-05 0.0114307 9.9946E-05 9.9946E-05 0.954018 9.9946E-05
9.9937E-05 9.9937E-05 9.9937E-05 9.9937E-05 0.0314878 9.9937E-05 0.112198 9.9937E-05 0.855614 9.9937E-05
0.00671 0.0922627 0.0527571 0.0183502 9.9973E-05 9.9973E-05 0.293435 0.0390545 0.49713 9.9973E-05
9.9928E-05 9.9928E-05 9.9928E-05 9.9928E-05 9.9928E-05 9.9928E-05 0.329035 9.9928E-05 0.670166 9.9928E-05
9.9955E-05 0.0336965 9.9955E-05 9.9955E-05 0.00477267 0.0272755 0.0838742 9.9955E-05 0.849881 9.9955E-05
9.99201E-05 9.99201E-05 9.99201E-05 9.99201E-05 9.99201E-05 9.99201E-05 9.99201E-05 9.99201E-05 0.999101 9.99201E-05
9.9946E-05 9.9946E-05 9.9946E-05 0.006858 0.0528238 9.9946E-05 9.9946E-05 9.9946E-05 0.931225 0.00849383
9.9928E-05 9.9928E-05 9.9928E-05 9.9928E-05 9.9928E-05 9.9928E-05 0.18426 9.9928E-05 0.814941 9.9928E-05
9.9946E-05 0.0460397 0.00515149 9.9946E-05 0.011647 9.9946E-05 9.9946E-05 9.9946E-05 0.936562 9.9946E-05
9.99201E-05 9.99201E-05 9.99201E-05 9.99201E-05 9.99201E-05 9.99201E-05 9.99201E-05 9.99201E-05 0.999101 9.99201E-05
9.9928E-05 9.9928E-05 9.9928E-05 9.9928E-05 9.9928E-05 9.9928E-05 9.9928E-05 0.024187 0.975014 9.9928E-05
0.064937 9.9955E-05 9.9955E-05 9.9955E-05 9.9955E-05 0.0154209 0.138163 0.0321157 0.748864 9.9955E-05
9.9973E-05 0.00861075 9.9973E-05 9.9973E-05 0.00751075 0.0314818 0.116254 0.0316386 0.768303 0.0359019
9.9928E-05 9.9928E-05 0.0571653 9.9928E-05 9.9928E-05 9.9928E-05 9.9928E-05 9.9928E-05 0.942035 9.9928E-05
0.00342685 0.0856481 9.9964E-05 9.9964E-05 0.131477 9.9964E-05 0.291063 9.9964E-05 0.382116 0.105869
0.0124902 9.9973E-05 0.00785509 9.9973E-05 0.038808 9.9973E-05 0.258831 0.0624425 0.618877 0.000395996
0.00318158 9.9964E-05 9.9964E-05 0.0277807 9.9964E-05 9.9964E-05 0.210212 0.000893665 0.70905 0.0484827
9.9937E-05 9.9937E-05 9.9937E-05 9.9937E-05 9.9937E-05 9.9937E-05 0.121642 0.0362123 0.841446 9.9937E-05
9.9928E-05 9.9928E-05 9.9928E-05 9.9928E-05 9.9928E-05 9.9928E-05 9.9928E-05 9.9928E-05 0.960637 0.0385639
9.9955E-05 9.9955E-05 9.9955E-05 0.0544841 9.9955E-05 9.9955E-05 0.096482 0.00598788 0.819673 0.0228728
9.9928E-05 9.9928E-05 9.9928E-05 0.0224733 9.9928E-05 9.9928E-05 9.9928E-05 9.9928E-05 0.976727 9.9928E-05
9.9964E-05 9.9964E-05 0.0759978 9.9964E-05 0.0173501 9.9964E-05 0.220214 0.0044229 0.638213 0.0434025
0.0493626 0.0521039 9.9946E-05 9.9946E-05 9.9946E-05 9.9946E-05 0.0290653 9.9946E-05 0.868869 9.9946E-05
0.0322173 0.0239417 9.9964E-05 0.0553153 9.9964E-05 0.443507 9.9964E-05 0.196022 9.9964E-05 0.248596
9.9982E-05 0.00383388 9.9982E-05 0.0575654 0.0921517 0.158437 0.40164 0.102829 0.0633911 0.119952
9.9982E-05 9.9982E-05 0.0457835 0.0813309 0.0126232 0.279154 0.395076 0.129827 0.0470043 0.00900126
9.9973E-05 9.9973E-05 9.9973E-05 0.0322335 0.0482464 0.333025 0.146353 0.140073 0.0932607 0.206509
0.0590715 9.9982E-05 0.0313553 0.159913 0.00291015 0.117791 0.408048 9.9982E-05 0.0868929 0.133818
0.0056688 0.0527636 0.0374942 0.00676611 9.9991E-05 0.266197 0.137998 0.157177 0.096063 0.239772
0.0206741 0.073405 0.0677209 0.0932691 0.0456235 0.103428 0.38675 0.104244 9.9991E-05 0.104785
0.0102702 9.9973E-05 0.0201284 0.153926 9.9973E-05 0.361668 0.155968 9.9973E-05 0.202253 0.0954862
0.065853 9.9982E-05 9.9982E-05 0.151212 0.00491142 0.148921 0.345344 0.0112899 0.178755 0.0935135
9.9973E-05 9.9973E-05 0.00171918 0.0687212 9.9973E-05 0.275118 0.269875 0.0610801 0.167785 0.155401
9.9982E-05 0.0342721 9.9982E-05 0.0469365 0.0248039 0.174854 0.451975 0.111703 0.000518983 0.154737
0.021148 9.9973E-05 0.00795243 0.0712541 0.0325979 0.0427353 0.0580514 0.765961 9.9973E-05 9.9973E-05
9.9955E-05 0.0227093 9.9955E-05 9.9955E-05 9.9955E-05 0.01281 9.9955E-05 0.894962 0.0372665 0.0317529
9.9946E-05 0.0181794 0.00728174 9.9946E-05 9.9946E-05 9.9946E-05 9.9946E-05 0.905693 9.9946E-05 0.0682462
9.9946E-05 9.9946E-05 9.9946E-05 0.0248343 0.060567 9.9946E-05 0.0241236 0.889875 9.9946E-05 9.9946E-05
9.9955E-05 0.0525582 9.9955E-05 0.0859616 9.9955E-05 9.9955E-05 9.9955E-05 0.795017 0.0175369 0.048427
0.0234577 9.9955E-05 9.9955E-05 0.00881908 9.9955E-05 9.9955E-05 9.9955E-05 0.84117 0.0586157 0.0674375
9.9946E-05 9.9946E-05 9.9946E-05 0.169303 9.9946E-05 9.9946E-05 0.028382 0.738432 0.0632832 9.9946E-05
0.0635984 9.9955E-05 9.9955E-05 0.0831714 9.9955E-05 0.0116063 9.9955E-05 0.766943 9.9955E-05 0.0741816
0.0363212 0.0428613 0.0089871 0.0316813 9.9973E-05 9.9973E-05 0.00730386 0.85499 9.9973E-05 0.0175554
9.9946E-05 0.0262603 9.9946E-05 9.9946E-05 9.9946E-05 9.9946E-05 9.9946E-05 0.83351 0.0843807 0.0552488
0.0152688 0.230613 0.0707979 0.0357652 0.0839617 9.9964E-05 9.9964E-05 0.563193 9.9964E-05 9.9964E-05
9.9964E-05 0.19667 9.9964E-05 0.0682725 0.196133 9.9964E-05 9.9964E-05 0.498119 0.00415343 0.0362523
0.0298124 0.279976 0.0113674 9.9964E-05 0.100629 9.9964E-05 9.9964E-05 0.51276 9.9964E-05 0.0650553
9.9964E-05 0.330557 0.0140996 0.166655 0.0483715 0.0733582 9.9964E-05 0.366558 9.9964E-05 9.9964E-05
0.000869555 0.115289 0.246 0.116114 0.0238922 9.9973E-05 0.462223 9.9973E-05 9.9973E-05 0.035313
0.104646 0.080229 0.228259 0.0222377 0.0515364 9.9973E-05 0.48386 0.0289324 9.9973E-05 9.9973E-05
0.0242819 0.0379521 0.121969 0.0559055 0.0832464 0.0764818 0.490257 9.9991E-05 0.0833303 0.0264763
9.9955E-05 0.243229 0.209798 9.9955E-05 0.152362 9.9955E-05 0.341928 9.9955E-05 9.9955E-05 0.0521833
0.0325686 0.433883 0.0739472 9.9982E-05 0.30297 0.0384059 0.0732125 9.9982E-05 0.0373594 0.00745291
0.0196012 0.0981802 0.178235 0.0713342 0.0488564 9.9982E-05 0.45902 0.0263345 0.0982386 9.9982E-05
9.9955E-05 0.0508056 0.276809 9.9955E-05 0.0738373 9.9955E-05 0.531514 9.9955E-05 9.9955E-05 0.066534
0.0350163 0.0123839 0.302159 0.000433245 0.117694 9.9973E-05 0.501124 9.9973E-05 9.9973E-05 0.0308897
0.0597824 9.9955E-05 0.511412 9.9955E-05 9.9955E-05 0.0183363 0.372108 9.9955E-05 0.0378614 9.9955E-05
0.0260179 9.9964E-05 0.146755 0.0437177 0.20564 9.9964E-05 0.492135 9.9964E-05 0.0853339 9.9964E-05
0.0165087 0.0910511 0.386738 9.9955E-05 0.093419 9.9955E-05 0.411784 9.9955E-05 9.9955E-05 9.9955E-05
0.157586 0.0342616 0.715377 9.9964E-05 0.0152883 0.070864 9.9964E-05 9.9964E-05 0.00622313 9.9964E-05
0.056178 0.169434 0.0808212 0.0174088 0.125061 0.0251986 0.486479 0.0392202 9.9982E-05 9.9982E-05
0.0828623 9.9955E-05 0.522524 9.9955E-05 9.9955E-05 0.0947428 0.231068 9.9955E-05 9.9955E-05 0.0683031
0.0503074 9.9964E-05 0.391207 9.9964E-05 9.9964E-05 0.0274309 0.481198 9.9964E-05 0.0304482 0.0190082
9.9955E-05 0.230087 0.560461 9.9955E-05 0.0657196 9.9955E-05 0.101607 0.041625 9.9955E-05 9.9955E-05
9.9964E-05 9.9964E-05 9.9964E-05 0.0436651 0.745415 0.126285 9.9964E-05 0.0662652 0.0135341 0.00443604
9.9946E-05 9.9946E-05 9.9946E-05 0.0639832 0.724336 0.209298 0.00178238 9.9946E-05 9.9946E-05 9.9946E-05
9.9937E-05 9.9937E-05 9.9937E-05 0.0856653 0.739593 0.174043 9.9937E-05 9.9937E-05 9.9937E-05 9.9937E-05
9.9946E-05 9.9946E-05 9.9946E-05 0.0264288 0.722546 0.220013 9.9946E-05 0.0304129 9.9946E-05 9.9946E-05
9.9946E-05 9.9946E-05 9.9946E-05 9.9946E-05 0.7776 0.195871 0.00084366 9.9946E-05 0.0250853 9.9946E-05
9.9955E-05 9.9955E-05 9.9955E-05 0.0351686 0.7405 0.106761 0.0411822 9.9955E-05 0.0758883 9.9955E-05
9.9946E-05 9.9946E-05 9.9946E-05 0.045249 9.9946E-05 9.9946E-05 0.0956793 0.830226 0.0282458 9.9946E-05
9.9973E-05 0.0212772 9.9973E-05 0.137298 0.0388673 9.9973E-05 0.0465509 0.681839 0.0506277 0.0232399
9.9964E-05 0.00846466 9.9964E-05 9.9964E-05 9.9964E-05 0.0147628 0.105206 0.713844 0.132367 0.0249559
9.9973E-05 0.0619949 9.9973E-05 0.0343109 0.00509129 9.9973E-05 0.0518363 0.663268 0.14913 0.0340687
9.9964E-05 9.9964E-05 9.9964E-05 0.0769358 0.000508925 0.0378768 0.115291 0.687165 0.0818233 9.9964E-05
9.9964E-05 0.0451695 0.0436124 0.164916 0.471817 9.9964E-05 9.9964E-05 0.266394 9.9964E-05 0.00769148
0.0199151 9.9955E-05 0.105669 0.262712 0.330661 9.9955E-05 9.9955E-05 0.280543 9.9955E-05 9.9955E-05
0.072127 9.9955E-05 0.0612793 0.184132 0.401138 9.9955E-05 9.9955E-05 0.280825 9.9955E-05 9.9955E-05
9.9946E-05 0.0252441 9.9946E-05 9.9946E-05 0.00879649 9.9946E-05 0.126008 0.839351 9.9946E-05 9.9946E-05
9.9955E-05 9.9955E-05 0.132833 0.0650881 0.460904 9.9955E-05 9.9955E-05 0.316871 9.9955E-05 0.023805
9.9964E-05 9.9964E-05 9.9964E-05 0.0259489 0.00593786 9.9964E-05 0.348267 0.100953 0.26826 0.250234
9.9973E-05 0.0632844 9.9973E-05 0.0380356 9.9973E-05 0.00971712 0.629282 0.0746295 0.130406 0.0543458
9.9955E-05 0.0161446 9.9955E-05 9.9955E-05 9.9955E-05 9.9955E-05 0.547838 0.174957 0.242972 0.0175893
9.9973E-05 0.0172167 0.0507787 0.189025 9.9973E-05 9.9973E-05 0.331428 0.0698486 0.209664 0.131739
0.0188177 0.0169099 9.9982E-05 9.9982E-05 0.0457792 0.150874 0.483966 0.119645 0.137913 0.0258963
9.9955E-05 9.9955E-05 9.9955E-05 0.0811363 9.9955E-05 0.121706 9.9955E-05 0.30357 0.22056 0.272529
0.0711932 0.212815 0.0918876 0.0429812 0.187066 0.0658201 0.327937 9.9973E-05 9.9973E-05 9.9973E-05
0.12864 0.128485 0.144364 9.9973E-05 0.0529627 0.0694911 0.324307 9.9973E-05 9.9973E-05 0.151451
9.9955E-05 0.588993 9.9955E-05 0.118202 0.0723931 9.9955E-05 0.208008 0.0119042 9.9955E-05 9.9955E-05
0.236435 0.0977613 0.0754121 9.9973E-05 0.108834 0.0345979 0.408912 9.9973E-05 9.9973E-05 0.0377477
0.397289 0.100978 0.236401 9.9964E-05 0.0384091 0.0592153 9.9964E-05 9.9964E-05 9.9964E-05 0.167309
9.9973E-05 0.150256 0.0477345 0.0235555 9.9973E-05 0.00618469 0.55117 0.028505 9.9973E-05 0.192294
0.138699 0.0227066 0.0161014 9.9973E-05 0.188882 9.9973E-05 0.463868 0.0102121 9.9973E-05 0.159231
0.0592964 0.446405 0.0758368 9.9964E-05 0.106545 9.9964E-05 0.247812 0.0637042 9.9964E-05 9.9964E-05
0.0367044 0.0977965 0.0325594 0.0683138 0.109852 0.0895663 0.483871 9.9982E-05 0.0811372 9.9982E-05
0.118715 0.541967 0.0808335 9.9955E-05 9.9955E-05 0.106594 9.9955E-05 9.9955E-05 9.9955E-05 0.15139
0.198896 0.0822062 0.0630039 9.9991E-05 0.10703 0.0868286 0.363404 0.00557854 0.045379 0.0475746
0.057815 0.0504825 0.0410198 0.0117996 0.254019 9.9982E-05 0.522591 9.9982E-05 0.0105624 0.051511
9.9991E-05 0.0478818 0.0855324 0.094146 0.0585231 0.0508521 0.414765 0.0254656 0.1145 0.108233
0.131844 0.293797 0.0503924 9.9973E-05 0.0478773 0.0375045 0.337208 9.9973E-05 9.9973E-05 0.101077
0.0996449 0.194381 0.0316668 9.9982E-05 0.113367 0.0149416 0.46151 0.00209451 9.9982E-05 0.082195
0.105497 0.133188 0.102238 0.0136691 9.9973E-05 0.117604 0.458307 9.9973E-05 0.069196 9.9973E-05
0.0414743 0.0485315 0.0555391 9.9973E-05 0.140849 0.10069 0.57029 9.9973E-05 9.9973E-05 0.0423267
0.0633335 0.02724 0.0923315 0.0094797 0.109148 0.0132665 0.556571 0.0140878 0.114442 9.9991E-05
9.9973E-05 0.132252 0.135369 0.034459 0.000725052 0.0986424 0.551517 0.0467357 9.9973E-05 9.9973E-05
0.0144004 0.125029 0.0380011 9.9973E-05 0.0920342 9.9973E-05 0.532485 0.0912934 9.9973E-05 0.106457
9.9946E-05 9.9946E-05 9.9946E-05 9.9946E-05 9.9946E-05 0.013844 0.123435 0.798698 0.0634236 9.9946E-05
0.0203803 9.9955E-05 0.0461674 9.9955E-05 9.9955E-05 9.9955E-05 0.0811392 0.834148 0.017665 9.9955E-05
9.9982E-05 0.0165505 0.0394764 0.0565007 0.0573413 0.0286637 0.03837 0.706844 9.9982E-05 0.0560535
0.0382607 9.9955E-05 0.108556 9.9955E-05 0.0238117 9.9955E-05 9.9955E-05 0.773516 0.055356 9.9955E-05
9.9937E-05 9.9937E-05 9.9937E-05 9.9937E-05 9.9937E-05 0.00843442 0.150787 0.840079 9.9937E-05 9.9937E-05
9.9964E-05 0.574388 0.0161758 9.9964E-05 0.158196 9.9964E-05 0.12957 9.9964E-05 0.00299057 0.118279
0.0855307 0.165392 9.9982E-05 9.9982E-05 0.0809193 0.0504802 0.461328 0.0292624 0.0417944 0.0850926
0.160013 9.9964E-05 9.9964E-05 0.0356413 9.9964E-05 9.9964E-05 0.412247 0.189707 0.0821246 0.119868
0.0411044 0.171587 9.9982E-05 0.00917707 0.0456318 0.0225943 0.627952 9.9982E-05 0.035401 0.0463519
0.0433634 0.116664 0.101551 9.9964E-05 0.174967 9.9964E-05 0.515422 0.0476334 9.9964E-05 9.9964E-05
0.197205 0.280183 9.9964E-05 9.9964E-05 0.134349 9.9964E-05 0.237562 9.9964E-05 0.00804465 0.142256
9.9955E-05 0.465575 0.0932877 9.9955E-05 0.237036 9.9955E-05 9.9955E-05 0.104075 9.9955E-05 0.0995269
9.9964E-05 0.137655 0.0171 9.9964E-05 0.24002 9.9964E-05 0.511657 0.0425502 9.9964E-05 0.0506187
0.101148 0.342898 0.0591923 9.9973E-05 0.249892 9.9973E-05 0.144573 0.0989067 0.00308921 9.9973E-05
0.122038 0.159884 0.119946 0.0448886 0.026714 0.0829558 0.340476 9.9991E-05 0.0481241 0.0548743
0.165462 0.413801 9.9964E-05 9.9964E-05 0.209391 9.9964E-05 0.0624401 0.105997 9.9964E-05 0.0425088
9.9982E-05 0.158528 0.0269029 0.0337263 0.0989223 9.9982E-05 0.566349 0.10516 0.00753556 0.00267604
0.0490874 0.427813 0.0838226 0.0503193 0.213021 0.0281899 0.12099 0.0265568 9.9982E-05 9.9982E-05
0.0426003 0.323604 9.9973E-05 9.9973E-05 0.13051 0.141876 0.304605 0.00539393 0.051111 9.9973E-05
0.0904782 0.0961291 0.0275127 9.9991E-05 0.0513012 0.256394 0.307938 0.0647203 0.0995249 0.00590177
0.0894154 0.0450371 9.9973E-05 9.9973E-05 0.0588569 0.555856 0.193745 0.0397349 9.9973E-05 0.0170548
9.9955E-05 0.0439911 9.9955E-05 0.033909 9.9955E-05 0.330789 0.526361 0.0644498 9.9955E-05 9.9955E-05
0.0764452 0.074503 9.9964E-05 9.9964E-05 9.9964E-05 0.203869 0.537365 0.0977087 0.0097089 9.9964E-05
0.035421 0.0993771 0.0227155 9.9973E-05 0.0401338 0.544333 0.246794 0.0109258 9.9973E-05 9.9973E-05
0.0719138 0.0551204 0.100616 0.0736057 0.0741467 0.153108 0.358776 0.0217945 0.0908186 9.9991E-05
0.0600439 9.9964E-05 0.0347384 9.9964E-05 9.9964E-05 0.265501 0.510444 0.0428039 9.9964E-05 0.0860686
0.149897 0.0157418 0.121407 9.9973E-05 0.0327187 0.626194 0.00205974 9.9973E-05 9.9973E-05 0.0516815
0.0946672 0.0098793 0.0219064 9.9964E-05 9.9964E-05 0.547839 0.175202 9.9964E-05 9.9964E-05 0.150107
0.0577406 9.9955E-05 9.9955E-05 9.9955E-05 0.0745037 0.478094 0.3427 9.9955E-05 0.046462 9.9955E-05
0.0997925 0.128763 0.128293 0.0138285 0.0213576 0.550626 0.0570397 9.9973E-05 9.9973E-05 9.9973E-05
9.9955E-05 0.185201 0.0281378 9.9955E-05 9.9955E-05 0.294944 0.367332 9.9955E-05 9.9955E-05 0.123885
0.00626386 0.423528 0.090957 9.9964E-05 0.310602 9.9964E-05 0.104099 9.9964E-05 9.9964E-05 0.0641501
0.237316 0.185306 0.0993048 9.9973E-05 0.183554 9.9973E-05 0.220385 9.9973E-05 0.0124411 0.0613933
0.0105954 0.244396 0.0594101 9.9973E-05 0.257264 9.9973E-05 0.277069 0.0109574 0.140009 9.9973E-05
9.9946E-05 0.175016 9.9946E-05 9.9946E-05 0.157935 9.9946E-05 0.585498 9.9946E-05 9.9946E-05 0.0809507
0.0436589 0.426122 0.111625 9.9955E-05 0.241312 9.9955E-05 0.176783 9.9955E-05 9.9955E-05 9.9955E-05
0.105116 9.9973E-05 0.00721663 0.0291452 0.118527 9.9973E-05 0.54368 9.9973E-05 0.0622673 0.133748
0.0187047 9.9973E-05 0.0929237 9.9973E-05 0.128222 9.9973E-05 0.525769 0.0931114 0.0550464 0.0859227
0.035455 0.180831 0.00571061 0.00345802 0.19188 9.9973E-05 0.462398 9.9973E-05 0.119967 9.9973E-05
0.0172414 0.0575275 0.0572586 0.060678 0.263322 9.9982E-05 0.435021 9.9982E-05 0.0379534 0.0707978
9.9973E-05 0.10509 0.100372 9.9973E-05 0.258961 0.04538 0.428194 0.0285416 0.0331613 9.9973E-05
9.9955E-05 0.365231 0.0961794 9.9955E-05 0.242446 9.9955E-05 0.233392 9.9955E-05 0.0622513 9.9955E-05
0.0981807 0.260588 0.0519421 9.9964E-05 0.212777 9.9964E-05 0.301175 9.9964E-05 0.074938 9.9964E-05
0.0715896 0.0949052 0.033633 9.9964E-05 0.118052 9.9964E-05 0.62147 9.9964E-05 0.0599506 9.9964E-05
0.0242427 0.141793 9.9964E-05 0.0214738 0.119712 9.9964E-05 0.605244 9.9964E-05 9.9964E-05 0.087135
0.13142 0.0631735 9.9964E-05 9.9964E-05 0.212746 0.0579516 0.425794 9.9964E-05 9.9964E-05 0.108515
0.0645438 0.0399507 0.00747391 9.9973E-05 0.261952 9.9973E-05 0.453125 9.9973E-05 0.0603386 0.112316
9.9955E-05 0.139493 9.9955E-05 9.9955E-05 0.280335 9.9955E-05 0.427752 0.0472526 9.9955E-05 0.104667
0.0202529 0.274184 0.0128626 0.0191219 0.113781 9.9973E-05 0.555666 9.9973E-05 9.9973E-05 0.00383134
0.162467 0.0378131 9.9964E-05 9.9964E-05 0.180247 9.9964E-05 0.453264 0.0857312 0.0800789 9.9964E-05
0.144442 0.138706 9.9964E-05 9.9964E-05 9.9964E-05 0.0419428 0.503678 0.128469 0.0423618 9.9964E-05
9.9973E-05 0.131213 9.9973E-05 0.0419518 9.9973E-05 0.0245132 0.367145 0.302829 0.0532479 0.0788011
9.9964E-05 9.9964E-05 0.104454 9.9964E-05 9.9964E-05 0.00217701 0.448242 0.100657 0.212182 0.131888
9.9991E-05 0.00281074 0.0607136 0.0833742 0.0126984 0.0923004 0.395205 0.133669 0.170744 0.0483853
0.0310542 0.0410465 0.115861 0.0647361 9.9973E-05 9.9973E-05 0.61628 9.9973E-05 0.0459813 0.0847406
9.9964E-05 0.0959029 9.9964E-05 0.0976245 9.9964E-05 9.9964E-05 0.434318 0.0892884 0.186362 0.0961038
0.133663 0.192351 9.9973E-05 9.9973E-05 0.0687103 0.0765205 0.483292 9.9973E-05 0.0090007 0.0361632
9.9991E-05 0.100647 0.0197792 0.0852431 0.0191357 0.0494201 0.513071 0.104072 0.106526 0.00200583
9.9964E-05 0.0988513 0.148197 9.9964E-05 9.9964E-05 0.226775 9.9964E-05 0.108469 0.101534 0.315773
9.9973E-05 0.0789197 9.9973E-05 0.0389589 9.9973E-05 0.0595405 0.518573 0.0878617 0.117045 0.0988018
0.0156321 9.9982E-05 0.037044 9.9982E-05 0.0521114 0.0673901 0.579494 0.140839 0.0790954 0.0281942
0.0613815 0.0015595 0.0167747 9.9991E-05 0.0779045 0.0552044 0.432614 0.063012 0.209231 0.0822181
0.0528894 0.182427 9.9982E-05 0.0296388 0.0307276 9.9982E-05 0.351577 0.133772 0.0216798 0.197089
9.9973E-05 0.0236001 9.9973E-05 0.000107656 9.9973E-05 0.0723481 0.547621 0.200973 0.0929633 0.0620871
9.9955E-05 9.9955E-05 9.9955E-05 9.9955E-05 9.9955E-05 0.123175 0.586808 0.131352 0.147433 0.0107311
0.00830908 9.9973E-05 0.0537137 0.0469144 9.9973E-05 0.0113794 9.9973E-05 0.296176 0.137425 0.445782
0.111647 9.9964E-05 9.9964E-05 9.9964E-05 9.9964E-05 0.00501453 0.486155 0.146375 0.146117 0.104291
9.9982E-05 9.9982E-05 0.0433197 0.0339398 0.0212039 0.0029156 0.508449 0.125802 0.146592 0.117578
0.0656801 0.059192 0.0553809 0.0137095 9.9991E-05 0.0091992 0.524336 0.15976 0.0957396 0.0169025
0.00322611 9.9973E-05 9.9973E-05 0.0602944 9.9973E-05 0.0269767 0.539132 0.12664 0.0863229 0.157107
0.00903273 0.0920908 0.0148885 9.9973E-05 9.9973E-05 0.107661 0.55085 0.134308 0.0908702 9.9973E-05
0.288381 9.9973E-05 0.100054 0.0337761 0.0960929 0.0477653 0.353341 9.9973E-05 0.0802889 9.9973E-05
0.225514 0.0265081 0.0120612 0.122977 9.9991E-05 0.0429932 0.474783 0.0015567 0.0428701 0.0506363
0.828752 0.114783 0.0290459 9.9946E-05 9.9946E-05 0.0268186 9.9946E-05 9.9946E-05 9.9946E-05 9.9946E-05
0.923741 9.99369E-05 9.99369E-05 9.99369E-05 0.0358094 9.99369E-05 9.99369E-05 0.0397502 9.99369E-05 9.99369E-05
0.222018 0.0663779 0.0330929 0.0683915 0.0566862 0.0922169 0.380868 9.9982E-05 0.0801487 9.9982E-05
0.0630054 0.0761842 9.9973E-05 9.9973E-05 9.9973E-05 0.0695279 0.368316 0.114392 0.213774 0.0945004
0.129211 9.9955E-05 9.9955E-05 0.0948221 9.9955E-05 9.9955E-05 0.308834 9.9955E-05 0.276958 0.189675
0.148591 0.0291087 9.9982E-05 0.0241864 9.9982E-05 0.0454273 0.116315 0.136627 0.249217 0.250327
0.131163 0.0297137 9.9964E-05 9.9964E-05 9.9964E-05 9.9964E-05 0.31129 0.154431 0.296189 0.0768132
0.592816 9.9955E-05 9.9955E-05 0.0527457 9.9955E-05 9.9955E-05 0.0817255 9.9955E-05 0.0284144 0.243799
0.563112 9.9955E-05 9.9955E-05 9.9955E-05 9.9955E-05 9.9955E-05 0.159521 0.034224 0.00390021 0.238744
0.306944 9.9955E-05 9.9955E-05 0.0407336 9.9955E-05 9.9955E-05 0.529265 9.9955E-05 0.0794334 0.0431249
0.397736 9.9946E-05 9.9946E-05 0.120554 9.9946E-05 9.9946E-05 0.411442 9.9946E-05 0.0696684 9.9946E-05
0.625131 9.9955E-05 9.9955E-05 9.9955E-05 9.9955E-05 9.9955E-05 0.216647 0.0448415 0.0404536 0.0724268
0.3279 9.9964E-05 9.9964E-05 0.0548734 9.9964E-05 9.9964E-05 0.455838 0.0500786 0.088268 0.0226427
0.24855 9.9964E-05 9.9964E-05 0.0264137 9.9964E-05 0.108877 0.592032 9.9964E-05 0.0209578 0.00276998
0.186102 0.0188626 9.9982E-05 9.9982E-05 0.0301601 0.103353 0.403242 0.131624 0.0965879 0.0298695
0.52135 0.198206 9.9955E-05 0.0203604 9.9955E-05 0.0198205 0.239763 9.9955E-05 9.9955E-05 9.9955E-05
0.431982 0.123235 9.9964E-05 0.0307066 0.0368235 9.9964E-05 0.351749 9.9964E-05 0.025103 9.9964E-05
0.179994 0.115794 0.0125483 0.0546894 9.9982E-05 0.074585 0.467887 0.0654288 0.0288736 9.9982E-05
0.328741 0.0302375 0.105348 9.9973E-05 0.0348807 0.0121368 0.404612 0.0837429 9.9973E-05 9.9973E-05
0.0527722 0.0146439 0.186624 0.0454184 0.0564019 0.0136125 0.411019 0.0337409 0.0489518 0.136815
0.405834 0.0391496 0.0147467 9.9964E-05 9.9964E-05 0.0918309 0.390245 9.9964E-05 9.9964E-05 0.0577945
0.764749 0.00378435 9.9955E-05 0.057281 0.00327533 9.9955E-05 0.170411 9.9955E-05 9.9955E-05 9.9955E-05
0.33677 9.9964E-05 0.0195632 0.0415158 9.9964E-05 9.9964E-05 0.554787 0.00246231 9.9964E-05 0.0445014
0.704057 0.0508086 0.0269361 9.9964E-05 0.0118739 9.9964E-05 0.196366 9.9964E-05 0.00955918 9.9964E-05
0.516807 9.9955E-05 9.9955E-05 9.9955E-05 0.0295087 0.0789019 0.352407 0.0218749 9.9955E-05 9.9955E-05
0.275725 9.9973E-05 0.0252855 0.0136842 0.0696012 9.9973E-05 0.470863 0.0951445 0.0493959 9.9973E-05
0.309356 0.0811402 0.0573184 9.9964E-05 9.9964E-05 0.0127613 0.476466 0.0625583 9.9964E-05 9.9964E-05
0.0480278 0.0272477 0.0477033 0.0156753 9.9991E-05 0.0737042 0.391394 0.116188 0.170399 0.109561
0.151268 0.0488565 9.9973E-05 9.9973E-05 0.154058 9.9973E-05 0.400487 0.1245 0.104627 0.0159034
9.9991E-05 0.0217985 0.0598037 0.0211731 0.0163211 0.105219 0.273759 0.0806843 0.267749 0.153392
0.0598963 0.0437612 9.9991E-05 0.0370114 0.0359875 0.104223 0.307239 0.159061 0.169556 0.083165
9.9973E-05 0.0695578 9.9973E-05 0.157719 0.114519 0.0887381 0.233993 0.0355188 0.299654 9.9973E-05
0.0726166 9.9991E-05 0.0296338 0.0684466 0.0131717 0.132462 0.453372 0.0144922 0.158762 0.0569431
0.534842 9.9964E-05 9.9964E-05 0.138204 0.0143547 9.9964E-05 9.9964E-05 0.0258605 0.129969 0.15637
0.06664 9.9973E-05 9.9973E-05 0.127037 0.0340925 0.0296329 0.526771 9.9973E-05 0.205737 0.00979003
0.34836 9.9955E-05 9.9955E-05 0.267656 9.9955E-05 9.9955E-05 9.9955E-05 0.0748838 0.0693151 0.239285
0.267883 9.9964E-05 9.9964E-05 0.027566 9.9964E-05 9.9964E-05 0.535261 0.00497293 0.159802 0.00411481
0.736898 9.9946E-05 0.0891805 9.9946E-05 9.9946E-05 0.0582657 0.115056 9.9946E-05 9.9946E-05 9.9946E-05
0.883784 0.0389655 0.0765511 9.9937E-05 9.9937E-05 9.9937E-05 9.9937E-05 9.9937E-05 9.9937E-05 9.9937E-05
