0.0144392 0.0894988 9.9973E-05 0.00244575 9.9973E-05 0.0279874 0.82056 9.9973E-05 0.0447685
0.0514126 0.017832 9.9955E-05 9.9955E-05 9.9955E-05 9.9955E-05 0.919806 9.9955E-05 0.0104496
9.9964E-05 0.0939257 9.9964E-05 9.9964E-05 0.0843239 0.0138164 0.759218 9.9964E-05 0.0483161
9.9973E-05 0.0770961 9.9973E-05 0.0415911 0.0120221 0.0940615 0.690582 9.9973E-05 0.0843475
0.00764275 0.00770536 9.9973E-05 9.9973E-05 9.9973E-05 0.0692614 0.84271 0.0430921 0.0292886
0.0796875 0.00757595 0.0760964 0.0313424 0.0469423 0.029131 0.634078 0.0434373 0.051709
9.9964E-05 0.0369852 0.0347364 0.107965 0.0190332 9.9964E-05 0.80088 9.9964E-05 9.9964E-05
9.999E-05 0.0573451 0.0623966 0.0235898 0.00799958 0.0354128 0.675299 0.0197248 0.118133
0.0488353 0.0217525 0.0484034 0.0336241 9.99729E-05 9.99729E-05 0.809962 9.99729E-05 0.037123
9.9982E-05 0.036908 0.0219129 9.9982E-05 0.107517 0.0644376 0.647377 0.0723392 0.049308
9.9973E-05 9.9973E-05 0.067764 0.0494708 0.0513024 9.9973E-05 0.735547 0.0100324 0.0855833
9.9955E-05 9.9955E-05 9.9955E-05 0.819908 0.119637 0.039458 0.020497 9.9955E-05 9.9955E-05
9.9982E-05 0.0652392 0.0391832 0.328612 0.470393 0.00323439 0.00535106 9.9982E-05 0.0877868
9.9973E-05 0.00857639 0.0290498 0.76012 0.0877081 0.0985437 9.9973E-05 0.0157019 9.9973E-05
9.9964E-05 0.01138 9.9964E-05 0.541987 0.258833 0.0918647 0.0955357 9.9964E-05 9.9964E-05
0.0126661 9.9982E-05 0.0487036 0.341551 0.322657 0.127555 0.104971 0.0416963 9.9982E-05
0.0589401 0.109075 0.048583 0.187335 0.460188 0.0705949 9.9991E-05 0.0329492 0.0322349
0.0686617 0.0325761 0.0218751 0.427708 0.268486 0.114691 0.0197832 0.0461184 9.9991E-05
0.0136483 0.00174791 9.9973E-05 0.555833 0.239427 0.042331 0.146713 9.9973E-05 9.9973E-05
9.9964E-05 0.0338314 0.0693768 0.774921 9.9964E-05 0.00116114 9.9964E-05 9.9964E-05 0.12031
9.9964E-05 9.9964E-05 0.0482862 0.344478 0.342176 0.0360795 9.9964E-05 0.22858 9.9964E-05
0.048034 0.0267142 0.137293 0.327638 0.383126 0.0673057 9.9982E-05 0.00968779 9.9982E-05
0.0726973 9.9982E-05 0.00611267 0.284627 0.474516 0.0378954 0.0463971 0.0775551 9.9982E-05
9.9955E-05 0.0334094 9.9955E-05 0.698787 0.178264 0.0890402 9.9955E-05 9.9955E-05 9.9955E-05
0.0284925 0.075858 0.0512325 0.198729 0.495387 0.0819843 0.0595786 9.9991E-05 0.00863772
9.9982E-05 0.0230949 0.00357912 0.389143 0.362656 0.144696 9.9982E-05 0.00133369 0.0752975
9.9937E-05 9.9937E-05 9.9937E-05 0.869796 9.9937E-05 0.129504 9.9937E-05 9.9937E-05 9.9937E-05
9.9946E-05 9.9946E-05 9.9946E-05 0.750558 0.0656584 0.183184 9.9946E-05 9.9946E-05 9.9946E-05
9.9964E-05 9.9964E-05 0.0446897 0.768762 0.15754 9.9964E-05 0.025259 0.00335017 9.9964E-05
9.993E-05 0.999201 9.993E-05 9.993E-05 9.993E-05 9.993E-05 9.993E-05 9.993E-05 9.993E-05
9.993E-05 0.999201 9.993E-05 9.993E-05 9.993E-05 9.993E-05 9.993E-05 9.993E-05 9.993E-05
0.0553813 0.338325 9.9964E-05 9.9964E-05 0.0865425 0.0163705 0.502981 9.9964E-05 9.9964E-05
0.052434 0.287235 9.9973E-05 9.9973E-05 0.0541547 0.0638378 0.503375 9.9973E-05 0.038664
0.284118 0.0963315 9.9973E-05 0.0918285 0.45593 9.9973E-05 9.9973E-05 0.0343271 0.0371643
0.254919 0.0130658 9.9991E-05 0.0642838 0.500298 0.0226957 0.105053 0.0387596 0.000825327
0.345059 0.00463406 9.9973E-05 0.0175414 0.537634 9.9973E-05 0.0887671 9.9973E-05 0.00606472
0.0592992 9.9973E-05 9.9973E-05 0.583052 0.0808803 9.9973E-05 0.142862 0.0281566 0.10545
0.551025 0.020669 9.9964E-05 9.9964E-05 0.323614 0.0704093 0.033883 9.9964E-05 9.9964E-05
0.178294 9.9982E-05 9.9982E-05 0.134775 0.460062 0.044776 0.0468202 0.099146 0.0359267
0.242281 0.0335952 0.0924434 9.9991E-05 0.537675 0.0746711 0.00972405 0.00939575 0.000113929
0.122998 0.0598543 0.0573931 0.0573287 0.58594 9.9991E-05 0.0417137 0.00385408 0.0708182
0.168899 0.0290753 9.9991E-05 0.0719953 0.528868 0.044499 0.0777453 0.0505343 0.0282831
0.533711 9.9955E-05 9.9955E-05 0.300087 0.10409 9.9955E-05 0.0616122 9.9955E-05 9.9955E-05
0.105833 9.9973E-05 0.133036 0.115608 0.55806 9.9973E-05 0.0846499 9.9973E-05 0.00251291
0.213444 9.9973E-05 9.9973E-05 9.9973E-05 0.498234 0.149781 0.0759078 0.0282572 0.034076
0.0997126 0.0877479 0.00367572 0.0516614 0.532083 0.0696881 0.0251726 0.130158 9.9991E-05
0.590851 9.9946E-05 9.9946E-05 9.9946E-05 0.351855 9.9946E-05 9.9946E-05 0.0566945 9.9946E-05
0.276934 0.0356268 9.9973E-05 9.9973E-05 0.563187 0.0335127 0.0544761 0.0359637 9.9973E-05
0.151237 0.0428873 0.149993 9.9991E-05 0.550192 0.0605711 0.0123598 0.00620234 0.0264573
0.66297 9.99599E-05 0.236733 0.0339067 9.99599E-05 9.99599E-05 0.0658898 9.99599E-05 9.99599E-05
0.179429 9.9982E-05 0.00690416 0.384948 0.157577 0.00354835 9.9982E-05 0.0860293 0.181364
0.196971 9.9973E-05 0.309242 0.346401 9.9973E-05 0.0206671 9.9973E-05 0.0955801 0.0308391
0.0775045 0.0208828 0.00954442 0.0450005 0.585478 0.0437964 0.0913669 0.0519631 0.0744636
9.9982E-05 9.9982E-05 0.168441 0.0399432 0.514495 0.106974 0.0370416 0.110022 0.0228831
0.0473495 0.0116014 9.9991E-05 0.121362 0.529749 0.0774103 0.0577083 0.0621239 0.0925957
0.165753 0.0470813 0.105153 0.23185 0.128114 9.9991E-05 0.0540106 0.0827954 0.185142
0.0199123 0.00855062 0.0496391 0.273987 0.503149 9.9982E-05 9.9982E-05 0.0435482 0.101014
9.9982E-05 0.0329808 0.151791 0.155296 0.492352 0.142243 0.0174828 9.9982E-05 0.00765478
0.154456 0.0298155 0.0286885 0.205599 0.361668 9.9991E-05 0.13001 0.0476069 0.0420557
0.0877883 0.0361876 0.164451 0.364288 0.0510185 0.0454476 0.147978 9.9991E-05 0.102741
0.115234 0.0721149 0.120311 0.0891667 0.499902 0.00553182 9.9982E-05 9.9982E-05 0.097539
0.00887628 0.00814386 0.0222394 0.333363 0.386313 0.0197186 0.0868215 0.103237 0.0312869
0.0412793 0.0549957 0.0769969 0.635416 9.9973E-05 9.9973E-05 9.9973E-05 0.069225 0.121787
9.9973E-05 0.00395906 0.0146215 0.447951 0.445335 9.9973E-05 9.9973E-05 0.0814112 0.00642231
9.9964E-05 9.9964E-05 0.07535 0.157845 0.661077 9.9964E-05 9.9964E-05 0.0944122 0.0109159
9.9982E-05 0.0426395 0.055182 0.190163 0.5067 0.0881041 9.9982E-05 0.0882108 0.0287999
0.106853 0.0319223 0.0325012 0.423505 0.262319 9.9991E-05 0.0534177 0.0679311 0.0214509
0.0619205 0.0118985 0.0794266 0.340862 0.4384 9.9973E-05 9.9973E-05 0.0671927 9.9973E-05
0.0113432 0.0943961 0.0587214 0.0466728 0.563521 0.0454639 9.9991E-05 0.0568193 0.122962
0.00114842 0.0343961 0.0855161 0.54924 0.115963 9.9982E-05 9.9982E-05 0.139993 0.0735438
0.426941 0.0155525 9.9964E-05 0.0810313 0.451066 9.9964E-05 9.9964E-05 0.0250092 9.9964E-05
0.606641 0.0294206 9.9955E-05 0.208482 0.154956 9.9955E-05 9.9955E-05 9.9955E-05 9.9955E-05
0.123643 9.9982E-05 0.0501206 0.111252 0.584061 0.022158 0.00196045 0.106605 9.9982E-05
0.889714 9.9937E-05 0.109586 9.9937E-05 9.9937E-05 9.9937E-05 9.9937E-05 9.9937E-05 9.9937E-05
0.805642 9.9946E-05 9.9946E-05 0.134319 9.9946E-05 9.9946E-05 9.9946E-05 0.0594389 9.9946E-05
0.663952 9.9946E-05 0.00204412 9.9946E-05 0.333404 9.9946E-05 9.9946E-05 9.9946E-05 9.9946E-05
0.440385 9.9964E-05 9.9964E-05 0.0258521 0.425483 0.00139159 9.9964E-05 9.9964E-05 0.106488
0.125363 0.0996843 0.0446852 0.0477691 0.481814 0.0188859 0.0535305 0.0553665 0.0729012
0.428447 0.000342504 9.9973E-05 0.0797547 0.420595 0.0436089 0.026952 9.9973E-05 9.9973E-05
0.511955 0.0237452 9.9973E-05 0.159571 0.18418 9.9973E-05 0.0386065 9.9973E-05 0.081642
0.430258 0.000543607 9.9973E-05 0.0639097 0.287438 9.9973E-05 0.00764983 9.9973E-05 0.209902
0.256778 0.0017604 9.9982E-05 9.9982E-05 0.476596 0.0783111 0.0452383 0.0386337 0.102483
0.624681 9.9964E-05 9.9964E-05 0.0749421 0.152231 0.138222 0.00952349 9.9964E-05 9.9964E-05
0.457527 0.0195311 9.9964E-05 9.9964E-05 0.410933 9.9964E-05 0.0607898 9.9964E-05 0.0508201
0.413739 0.0171086 0.0131893 9.9973E-05 0.42849 9.9973E-05 9.9973E-05 0.106381 0.0207917
0.712476 9.9964E-05 0.15425 9.9964E-05 9.9964E-05 9.9964E-05 0.0246471 0.0919439 0.0162829
0.287119 9.9973E-05 0.0543257 0.0127742 0.572629 0.00126532 9.9973E-05 9.9973E-05 0.0715875
9.9973E-05 0.0286922 9.9973E-05 0.00690517 0.120153 0.0344201 0.806821 9.9973E-05 0.00270935
9.9946E-05 0.112955 9.9946E-05 9.9946E-05 0.0897023 9.9946E-05 0.796743 9.9946E-05 9.9946E-05
9.9955E-05 0.130473 9.9955E-05 9.9955E-05 0.0662482 0.0507257 0.752053 9.9955E-05 9.9955E-05
9.9964E-05 0.135164 0.0410316 9.9964E-05 0.0161682 0.0226715 0.784565 9.9964E-05 9.9964E-05
9.9964E-05 0.104478 9.9964E-05 9.9964E-05 0.0504219 0.0358018 0.771093 0.0378056 9.9964E-05
9.9964E-05 0.0384255 9.9964E-05 9.9964E-05 0.0808108 0.0185166 0.842411 0.0194361 9.9964E-05
9.9964E-05 0.0336091 9.9964E-05 9.9964E-05 0.0689866 0.0315883 0.855423 0.00999364 9.9964E-05
0.300358 0.0822994 9.9973E-05 0.010602 0.501138 9.9973E-05 0.0786711 9.9973E-05 0.0266323
0.21485 0.0554899 9.9982E-05 0.0614852 0.446836 0.09178 0.1153 0.0140592 9.9982E-05
0.741385 9.9955E-05 9.9955E-05 0.1513 9.9955E-05 9.9955E-05 0.0400682 0.0667473 9.9955E-05
0.123136 0.0128185 0.0153129 0.160046 0.409426 0.0789833 0.0526521 0.125751 0.0218749
0.39568 0.0457782 9.9964E-05 0.144168 0.371 9.9964E-05 9.9964E-05 9.9964E-05 0.0429752
0.325516 9.9973E-05 0.000350939 9.9973E-05 0.570609 9.9973E-05 0.0188056 0.0233744 0.0610443
0.332165 0.0306158 9.9991E-05 0.000938831 0.461498 0.0433904 0.0264226 0.0993486 0.00552131
0.4706 0.0101665 9.9982E-05 0.0175932 0.368671 0.0976848 0.00511201 0.029972 9.9982E-05
0.712285 9.9955E-05 9.9955E-05 0.20886 9.9955E-05 9.9955E-05 0.0556652 9.9955E-05 0.0226904
0.208743 0.0584127 9.9991E-05 0.0164331 0.420568 0.0840136 0.0965385 0.0156108 0.0995804
0.280369 9.9991E-05 0.0236251 0.00543678 0.576095 0.018258 0.0202153 0.0660244 0.00987666
0.0526895 0.114737 0.0931324 0.0216555 0.567268 0.0101796 0.0281701 0.060609 0.0515594
0.540079 9.9964E-05 0.0972858 9.9964E-05 0.2505 0.0555381 9.9964E-05 0.0561979 9.9964E-05
0.363081 0.039732 9.9955E-05 9.9955E-05 0.499854 9.9955E-05 9.9955E-05 0.0968337 9.9955E-05
0.37708 0.0205459 9.9982E-05 0.112862 0.400939 9.9982E-05 0.00279632 0.00254761 0.0830297
0.620104 9.9955E-05 9.9955E-05 9.9955E-05 0.21588 0.149128 9.9955E-05 0.014389 9.9955E-05
0.416679 0.00784252 9.9973E-05 0.0596334 0.374794 9.9973E-05 0.0743759 9.9973E-05 0.0663755
0.126996 9.9982E-05 9.9982E-05 0.223285 0.507016 0.0643668 0.044816 0.0004673 0.032853
0.0251819 0.0280122 0.105768 0.36431 0.186697 0.0222002 9.9991E-05 0.207974 0.0597577
9.9973E-05 0.0648285 0.0593688 0.159664 0.46914 9.9973E-05 0.0390971 9.9973E-05 0.207602
9.9982E-05 0.05204 0.0174064 0.173678 0.502317 0.0658755 0.131429 9.9982E-05 0.0570539
0.0611799 9.9982E-05 0.0265053 0.0962568 0.674692 9.9982E-05 0.0417231 0.00178452 0.0976582
0.0118928 0.00739441 9.9982E-05 0.2876 0.432245 9.9982E-05 0.0514721 0.0869099 0.122286
0.0416374 9.9982E-05 9.9982E-05 0.202322 0.531982 0.0145515 0.0421389 0.0654541 0.101714
9.9964E-05 9.9964E-05 9.9964E-05 0.377212 0.415918 0.0263626 9.9964E-05 0.0313162 0.148791
0.139187 0.0314612 0.0450622 0.0373047 0.524048 9.9991E-05 0.0740657 0.000356899 0.148414
0.0898024 0.00694306 0.0514594 0.0642371 0.560603 0.0080216 0.0785434 9.9991E-05 0.14029
0.00924808 0.0856596 0.101064 0.111428 0.518972 9.9982E-05 9.9982E-05 0.0879553 0.0854723
0.0451591 0.0333331 9.9973E-05 0.205571 0.508733 9.9973E-05 9.9973E-05 0.00625342 0.20065
0.0712185 0.0319937 0.11922 0.0205068 0.626064 0.0160365 0.0131384 9.9991E-05 0.101722
0.0187178 0.00393345 0.127466 9.9991E-05 0.522671 0.0403348 0.058742 0.100083 0.127953
0.0162905 0.00203805 9.9982E-05 0.203942 0.519456 0.0541844 9.9982E-05 0.0411638 0.162725
9.9955E-05 9.9955E-05 0.118166 9.9955E-05 0.617062 9.9955E-05 9.9955E-05 0.143344 0.120928
0.0899778 0.00994925 9.9982E-05 0.208242 0.476931 0.0993711 9.9982E-05 0.0458323 0.0694959
9.9973E-05 9.9973E-05 0.164822 0.277894 0.389106 9.9973E-05 0.0766813 0.0355651 0.0556313
9.9982E-05 9.9982E-05 0.0403294 0.154289 0.633269 0.0373484 0.0197342 0.0258364 0.088994
9.9982E-05 0.0233299 0.0806005 0.083815 0.646143 0.00922168 9.9982E-05 0.0869148 0.0697751
0.0732442 9.9982E-05 0.0052729 0.454055 0.18166 0.0448331 9.9982E-05 0.0670418 0.173693
9.9982E-05 0.012745 0.202636 0.327876 0.165191 0.00838224 9.9982E-05 0.224227 0.0587429
9.9982E-05 0.0123078 0.0631307 0.182084 0.525457 0.0125461 0.00626724 9.9982E-05 0.198008
0.203832 9.9973E-05 0.12871 0.087229 9.9973E-05 0.0436578 9.9973E-05 0.305528 0.230743
0.113134 0.0143682 9.9973E-05 0.486093 0.19162 9.9973E-05 9.9973E-05 0.0992062 0.0952783
0.109818 9.9973E-05 9.9973E-05 0.312114 0.385198 9.9973E-05 0.0328542 0.0699607 0.0897551
0.161001 0.0207276 9.9982E-05 0.338078 0.248194 9.9982E-05 0.0176946 0.0709272 0.143178
0.0404856 9.9991E-05 0.00450725 0.537166 0.200805 0.0475286 0.0211542 0.0185176 0.129736
0.13697 0.0546313 9.9982E-05 0.0666835 0.580667 0.0604428 0.0499 9.9982E-05 0.0505059
0.116937 9.9982E-05 9.9982E-05 0.0285148 0.494582 0.138125 0.0876781 0.0330244 0.100938
0.0650138 0.0266034 0.00597185 0.322787 0.494595 9.9991E-05 0.0100561 0.0330246 0.0418486
0.0639777 9.9982E-05 0.212433 0.36028 0.0815974 0.0600671 9.9982E-05 0.108066 0.113379
0.0769252 0.0124979 0.0398622 0.0299848 0.60416 9.9991E-05 0.146341 0.0597657 0.0303633
0.065542 0.0240034 0.192066 0.0575142 0.528022 0.0417212 9.9991E-05 0.0573168 0.033714
0.136094 0.0400605 0.348466 0.118756 0.0139261 9.9991E-05 0.087265 0.194614 0.060719
0.125856 0.0812746 0.0752634 0.0385054 0.504735 0.0704078 0.0118368 0.0920214 9.9991E-05
0.160737 9.9982E-05 0.242971 9.9982E-05 0.355949 0.0164286 0.0962681 0.0421539 0.0852925
0.0596067 9.9991E-05 0.130006 0.0700798 0.479059 0.00924621 0.113395 0.0793224 0.0591854
0.147888 0.00570714 0.395808 0.0175816 0.280492 9.9982E-05 9.9982E-05 0.0182585 0.134065
0.0847399 9.9973E-05 0.462574 0.0790072 0.196088 9.9973E-05 9.9973E-05 0.111006 0.0662858
0.0456798 0.00163204 0.146376 0.101184 0.468121 9.9991E-05 0.0210672 0.159559 0.0562815
0.053419 0.0584913 0.135821 0.0805245 0.552673 9.9991E-05 0.0314123 0.0270979 0.0604605
0.0886709 9.9991E-05 0.123309 0.133861 0.315869 0.0702976 0.131738 0.116516 0.0196385
0.282616 9.9982E-05 0.33357 0.136267 9.9982E-05 0.133499 0.0271309 0.0852342 0.00148217
0.0741331 9.9991E-05 0.142444 0.0114363 0.459429 0.0928566 0.0295841 0.109932 0.0800859
0.112959 9.9964E-05 0.26201 0.229396 0.34826 9.9964E-05 9.9964E-05 0.0469748 9.9964E-05
0.189827 9.9973E-05 0.113422 0.206355 0.435403 0.0217176 9.9973E-05 0.0329759 9.9973E-05
0.169055 9.9982E-05 0.0342512 0.0273102 0.53419 0.108721 0.0897649 9.9982E-05 0.0365087
9.9982E-05 0.0646048 0.273989 0.0994323 0.142138 0.237301 0.179803 0.00253049 9.9982E-05
9.9955E-05 0.0167559 0.44412 9.9955E-05 9.9955E-05 0.0937114 0.444912 9.9955E-05 9.9955E-05
9.9955E-05 0.0551895 0.465894 9.9955E-05 9.9955E-05 0.124545 0.353871 9.9955E-05 9.9955E-05
9.9973E-05 0.00592181 0.184061 0.12949 0.0316358 0.311725 0.336867 9.9973E-05 9.9973E-05
0.0685343 9.9955E-05 0.221682 9.9955E-05 0.674088 9.9955E-05 9.9955E-05 9.9955E-05 0.0351961
0.0667373 9.9973E-05 9.9973E-05 0.0297193 0.567087 0.0468646 0.102158 0.187135 9.9973E-05
0.0334217 9.9955E-05 9.9955E-05 0.0491203 0.172884 0.744074 9.9955E-05 9.9955E-05 9.9955E-05
0.0507808 0.0426814 9.9964E-05 0.179984 0.266774 0.45938 9.9964E-05 9.9964E-05 9.9964E-05
0.0165379 0.0665368 9.9991E-05 0.0172679 0.419721 0.335908 0.0778059 0.0312983 0.0348243
0.108115 0.0174343 0.294827 0.0260551 0.322983 9.9982E-05 9.9982E-05 0.201527 0.0288591
0.00890269 0.0253591 0.247098 0.0561834 0.530524 9.9991E-05 0.0317178 0.0671474 0.0329679
0.117334 9.9973E-05 0.367215 0.108987 0.178874 9.9973E-05 9.9973E-05 0.213102 0.0141878
0.064259 9.9973E-05 0.145802 0.0199148 0.625252 9.9973E-05 9.9973E-05 0.062703 0.0817688
0.0743409 9.9973E-05 0.220024 0.02311 0.449504 9.9973E-05 9.9973E-05 0.183238 0.0494837
0.00354611 9.9973E-05 0.247373 9.9973E-05 0.583844 0.0156043 9.9973E-05 0.0763124 0.073021
0.144786 9.9973E-05 0.435779 0.110546 0.193646 9.9973E-05 9.9973E-05 0.0990711 0.0158727
0.0433456 0.0587015 0.100146 0.0435174 0.645048 0.0279667 0.0416951 0.030683 0.00889694
0.138561 9.9973E-05 0.0438408 9.9973E-05 0.52325 9.9973E-05 0.154361 0.118196 0.0214914
0.0313751 9.9955E-05 9.9955E-05 9.9955E-05 9.9955E-05 0.949761 0.00889369 0.0094704 9.9955E-05
9.9955E-05 9.9955E-05 9.9955E-05 0.00659823 0.041592 0.930584 9.9955E-05 9.9955E-05 0.0207259
9.9973E-05 0.0231184 9.9973E-05 9.9973E-05 0.363963 0.530836 0.00773151 0.0563305 0.0177203
9.9955E-05 0.0359244 9.9955E-05 9.9955E-05 0.251229 0.628132 9.9955E-05 9.9955E-05 0.0842144
0.082019 9.9946E-05 9.9946E-05 9.9946E-05 0.0371204 0.880261 9.9946E-05 9.9946E-05 9.9946E-05
9.9937E-05 9.9937E-05 0.00430068 9.9937E-05 9.9937E-05 0.995 9.9937E-05 9.9937E-05 9.9937E-05
9.9946E-05 9.9946E-05 9.9946E-05 9.9946E-05 9.9946E-05 0.950889 9.9946E-05 0.0103472 0.038164
9.9946E-05 0.0118538 9.9946E-05 9.9946E-05 0.156867 0.83068 9.9946E-05 9.9946E-05 9.9946E-05
9.9946E-05 0.0134011 9.9946E-05 0.0687038 9.9946E-05 0.917295 9.9946E-05 9.9946E-05 9.9946E-05
9.9937E-05 9.9937E-05 9.9937E-05 0.000417727 9.9937E-05 0.998883 9.9937E-05 9.9937E-05 9.9937E-05
9.9937E-05 0.0401707 9.9937E-05 9.9937E-05 9.9937E-05 0.95913 9.9937E-05 9.9937E-05 9.9937E-05
9.9964E-05 0.085346 9.9964E-05 9.9964E-05 0.0803847 0.720436 9.9964E-05 0.036983 0.0764506
9.9973E-05 9.9973E-05 0.00520823 0.00112289 0.0724337 0.778367 0.0588037 9.9973E-05 0.0837648
0.00726535 0.00941008 9.9955E-05 9.9955E-05 9.9955E-05 0.944775 9.9955E-05 9.9955E-05 0.0380493
0.11425 0.0236834 0.0531405 0.0882719 0.307487 0.376378 0.0137315 0.022958 9.9991E-05
9.9973E-05 0.0118959 0.0587169 0.0328243 0.259797 0.561342 9.9973E-05 9.9973E-05 0.0751235
9.9964E-05 0.0271694 0.021795 9.9964E-05 0.164553 0.762019 9.9964E-05 9.9964E-05 0.0240633
9.9964E-05 0.0401117 9.9964E-05 0.0442646 0.0647828 0.839194 0.0112468 9.9964E-05 9.9964E-05
9.9937E-05 9.9937E-05 0.0182401 9.9937E-05 9.9937E-05 0.98106 9.9937E-05 9.9937E-05 9.9937E-05
9.9964E-05 0.0212843 9.9964E-05 9.9964E-05 0.0902716 0.824365 0.0609498 0.00272906 9.9964E-05
9.9937E-05 0.0234791 9.9937E-05 9.9937E-05 9.9937E-05 0.975821 9.9937E-05 9.9937E-05 9.9937E-05
0.0390311 0.0106671 9.9982E-05 9.9982E-05 0.240833 0.564599 0.0776609 0.0230249 0.0439848
9.9964E-05 9.9964E-05 9.9964E-05 0.0337147 0.0155021 0.875228 9.9964E-05 0.0596583 0.0154972
0.0587684 9.99664E-05 0.519134 0.0437155 9.99664E-05 9.99664E-05 0.275424 0.102558 9.99664E-05
0.014255 0.0464538 0.263994 0.0142608 0.393234 0.0441693 0.0870059 9.9991E-05 0.136527
9.9973E-05 9.9973E-05 0.245575 0.0117492 0.487404 0.000728527 0.194011 9.9973E-05 0.0602329
9.9982E-05 0.0533167 0.475264 9.9982E-05 0.214618 0.0660882 0.107106 0.0113044 0.0721027
0.0284034 9.9991E-05 0.146036 0.109756 0.459104 0.111612 0.0639677 0.0771942 0.00382632
0.0258099 0.0530927 0.426052 0.0818281 0.175081 0.0878604 0.150076 9.9982E-05 9.9982E-05
9.9982E-05 0.00477695 0.0930345 0.059894 0.463081 0.019474 0.221272 0.138267 9.9982E-05
9.9982E-05 0.00421657 0.32568 9.9982E-05 0.425749 0.110347 0.0801621 0.0209205 0.0327246
0.07313 0.102654 0.228444 9.9982E-05 0.393994 0.160858 0.0248216 0.0158975 9.9982E-05
0.0142624 0.0846272 0.34798 9.9982E-05 0.360862 0.120991 0.0684276 0.00264927 9.9982E-05
0.0869515 0.0578332 0.134235 0.0863039 0.34881 0.127895 0.0736366 0.038977 0.0453575
9.9964E-05 9.9964E-05 0.0504832 9.9964E-05 0.0486398 9.9964E-05 0.809261 0.0443529 0.0468629
9.9973E-05 0.0873774 0.0124449 9.9973E-05 9.9973E-05 0.00809984 0.857283 0.0257474 0.00874711
0.0136061 0.0676641 0.00499645 0.00363182 9.9964E-05 9.9964E-05 0.909702 9.9964E-05 9.9964E-05
9.9955E-05 0.0289808 9.9955E-05 9.9955E-05 0.010528 9.9955E-05 0.902299 9.9955E-05 0.0576921
9.9955E-05 0.149139 0.0315533 9.9955E-05 0.0356243 9.9955E-05 0.783183 9.9955E-05 9.9955E-05
9.9955E-05 0.0855855 9.9955E-05 9.9955E-05 9.9955E-05 0.0582277 0.838431 0.0172559 9.9955E-05
0.0131697 0.069291 9.9964E-05 0.00563533 9.9964E-05 0.0839017 0.827602 9.9964E-05 9.9964E-05
9.9964E-05 0.01566 0.0737493 9.9964E-05 9.9964E-05 0.0455682 0.829838 0.0347844 9.9964E-05
0.0358265 0.0295177 9.9973E-05 9.9973E-05 0.0409559 9.9973E-05 0.869148 0.0190825 0.00516963
9.9964E-05 0.0397315 0.0352462 0.0333428 9.9964E-05 0.0797987 0.811481 9.9964E-05 9.9964E-05
0.0598423 0.023541 9.9973E-05 0.225338 9.9973E-05 9.9973E-05 0.585387 0.0737811 0.0318107
0.0602951 0.0062205 9.9973E-05 0.154331 9.9973E-05 0.00511963 0.606352 9.9973E-05 0.167382
0.0062826 0.0462084 0.131434 0.21981 9.9973E-05 9.9973E-05 0.464175 9.9973E-05 0.131791
0.0606368 9.9973E-05 0.0166155 0.332364 9.9973E-05 9.9973E-05 0.494455 0.00173831 0.0938905
0.17889 0.0761609 0.018327 0.116934 0.497926 9.9973E-05 9.9973E-05 9.9973E-05 0.111463
0.238597 9.9982E-05 9.9982E-05 0.11478 0.508133 0.00112857 0.00109141 0.135817 0.000252943
0.185196 9.9964E-05 9.9964E-05 0.13243 0.570528 9.9964E-05 0.0390959 9.9964E-05 0.072351
0.176828 0.0225199 0.0594771 0.273793 0.335685 9.9982E-05 9.9982E-05 0.0528638 0.0786326
0.10052 9.9973E-05 9.9973E-05 0.552634 0.0755525 0.00087294 9.9973E-05 0.02333 0.246791
0.138508 9.9973E-05 9.9973E-05 9.9973E-05 0.616864 0.0316063 0.138339 0.062607 0.0117763
0.318201 9.9964E-05 9.9964E-05 9.9964E-05 0.502821 0.0431944 9.9964E-05 0.0218928 0.11349
0.292303 9.9973E-05 0.0319448 0.0263945 0.435379 9.9973E-05 9.9973E-05 0.130248 0.0834305
0.560709 9.9964E-05 0.0120599 9.9964E-05 0.350048 0.0710644 9.9964E-05 0.00571941 9.9964E-05
0.20339 9.9964E-05 9.9964E-05 9.9964E-05 0.591471 9.9964E-05 0.0753062 0.0735913 0.0558422
0.304736 9.9964E-05 9.9964E-05 9.9964E-05 0.418758 9.9964E-05 0.029824 0.103429 0.142853
0.672221 9.99553E-05 0.0524551 9.99553E-05 9.99553E-05 9.99553E-05 9.99553E-05 0.198571 0.0762525
0.147699 9.9982E-05 0.105096 0.0953794 0.422359 0.0884428 0.00694991 9.9982E-05 0.133874
0.436646 0.00314486 0.15938 9.9973E-05 0.27287 9.9973E-05 0.00120537 0.126454 9.9973E-05
0.359206 9.9973E-05 0.060156 9.9973E-05 0.465498 9.9973E-05 0.0294548 0.0604729 0.0249126
0.624842 9.9964E-05 9.9964E-05 0.145071 0.0896286 9.9964E-05 0.0479039 9.9964E-05 0.0921555
9.9973E-05 0.0037645 0.120203 9.9973E-05 0.0130432 0.0128181 0.0493746 9.9973E-05 0.800497
9.9955E-05 9.9955E-05 0.0572504 9.9955E-05 0.0920732 9.9955E-05 0.0275164 9.9955E-05 0.82266
0.00224543 9.9973E-05 0.0267004 9.9973E-05 0.0144534 9.9973E-05 0.00980691 0.0512268 0.895267
0.0892917 9.9955E-05 9.9955E-05 9.9955E-05 9.9955E-05 9.9955E-05 0.0685414 0.0610624 0.780605
9.9973E-05 0.0218865 0.0670822 9.9973E-05 0.0407406 0.0223652 9.9973E-05 0.0336033 0.814022
9.9964E-05 9.9964E-05 9.9964E-05 9.9964E-05 0.0941942 0.0392817 0.00329648 0.00926153 0.853566
9.9964E-05 0.0675073 9.9964E-05 9.9964E-05 0.0546869 0.0311494 0.808523 0.0377332 9.9964E-05
9.9964E-05 9.9964E-05 9.9964E-05 0.0249954 0.104915 0.0142236 0.819741 9.9964E-05 0.0357253
9.9955E-05 0.0597741 9.9955E-05 9.9955E-05 0.131545 0.0899168 0.718265 9.9955E-05 9.9955E-05
9.9973E-05 0.0572161 9.9973E-05 0.0476964 0.0769413 0.0806252 0.719386 9.9973E-05 0.0178354
9.9964E-05 0.015 9.9964E-05 9.9964E-05 0.153328 0.0347594 0.744649 9.9964E-05 0.0518632
0.0560056 0.0351787 0.0543687 0.00218796 9.9973E-05 9.9973E-05 0.331539 9.9973E-05 0.52042
0.0591421 0.0211346 0.0519456 9.9973E-05 9.9973E-05 9.9973E-05 0.404364 0.0649358 0.398178
0.000526092 0.0333523 9.9973E-05 0.0142243 9.9973E-05 9.9973E-05 0.36232 0.144613 0.444665
9.993E-05 0.999201 9.993E-05 9.993E-05 9.993E-05 9.993E-05 9.993E-05 9.993E-05 9.993E-05
0.0938648 0.0272302 0.00877373 9.9982E-05 9.9982E-05 0.000249886 0.357507 0.00452694 0.507648
9.9964E-05 9.9964E-05 0.205023 9.9964E-05 0.264335 0.331271 0.197114 9.9964E-05 0.0018566
9.9973E-05 0.0787867 0.104261 0.0742227 0.414328 0.248114 0.0799876 9.9973E-05 9.9973E-05
9.9964E-05 0.0321344 9.9964E-05 0.0376832 0.553028 0.216488 0.160266 9.9964E-05 9.9964E-05
0.101041 0.00332866 0.146899 9.9982E-05 0.284273 0.215488 0.233388 9.9982E-05 0.0153816
0.0645208 0.0379033 0.101628 0.16524 0.358877 0.145151 0.12648 9.9982E-05 9.9982E-05
9.9946E-05 9.9946E-05 0.301414 9.9946E-05 9.9946E-05 0.274123 0.423863 9.9946E-05 9.9946E-05
0.0551886 0.0198967 0.030916 0.175799 0.374797 9.9991E-05 0.00109107 0.0864808 0.255731
0.111211 9.9973E-05 0.156237 0.11747 0.357798 9.9973E-05 9.9973E-05 0.160268 0.0967155
9.9964E-05 0.00453718 9.9964E-05 0.673472 0.168013 9.9964E-05 0.0921769 9.9964E-05 0.0614009
0.0756046 0.0133369 0.0288534 0.0920652 0.422056 9.9982E-05 9.9982E-05 0.271861 0.0960227
0.152203 9.9964E-05 0.287842 0.202192 9.9964E-05 9.9964E-05 9.9964E-05 0.343775 0.013588
0.0785402 0.0617782 0.147563 0.212675 0.466103 0.0214719 9.9982E-05 0.0116697 9.9982E-05
0.0534703 0.0226745 0.00786963 0.104538 0.450139 9.9991E-05 0.0364676 0.189676 0.135065
0.0921938 9.9964E-05 9.9964E-05 0.444875 0.327547 9.9964E-05 0.0267947 9.9964E-05 0.108189
0.12166 9.9982E-05 0.0362831 0.101564 0.591159 0.00444058 0.112057 9.9982E-05 0.0326365
0.110547 9.9964E-05 0.250655 0.47016 0.0445195 9.9964E-05 9.9964E-05 0.123718 9.9964E-05
0.0839607 9.9982E-05 0.0739497 0.114956 0.421938 0.0499911 9.9982E-05 0.152166 0.102837
0.0355497 0.0227304 0.0388331 0.231421 0.502633 9.9982E-05 9.9982E-05 0.0394419 0.129191
0.126179 9.9973E-05 0.10363 0.130623 0.39007 0.161286 0.0879125 9.9973E-05 9.9973E-05
9.9964E-05 9.9964E-05 0.0673849 0.311685 0.343355 9.9964E-05 9.9964E-05 0.2019 0.0752747
0.193008 0.0139984 0.051942 0.0878702 0.458474 0.0108605 9.9991E-05 0.0601178 0.123629
0.0722263 9.9982E-05 0.0716227 0.165889 0.426187 0.0797651 9.9982E-05 0.168529 0.0155816
0.0900587 9.9973E-05 0.121718 0.149681 0.482229 9.9973E-05 9.9973E-05 0.0737345 0.0822789
0.0164552 0.0221772 0.0159014 0.0915542 0.699377 9.9982E-05 0.0799085 9.9982E-05 0.074427
0.109713 9.9973E-05 9.9973E-05 0.0786541 0.491639 0.0660475 0.111755 9.9973E-05 0.141891
0.0348057 9.9982E-05 0.0236793 0.125387 0.603673 9.9982E-05 0.0896377 0.0579355 0.0646819
0.0333049 9.9955E-05 9.9955E-05 9.9955E-05 0.128232 0.0532709 0.784692 9.9955E-05 9.9955E-05
0.0409493 9.9964E-05 9.9964E-05 9.9964E-05 0.0706662 0.0213913 0.854206 0.0123876 9.9964E-05
0.0173403 9.9964E-05 0.0117097 9.9964E-05 0.0918066 9.9964E-05 0.79748 9.9964E-05 0.0812634
0.100988 9.9964E-05 9.9964E-05 9.9964E-05 9.9964E-05 0.038821 0.801979 0.0488966 0.0089152
9.9955E-05 0.0612055 9.9955E-05 9.9955E-05 0.109151 9.9955E-05 0.827826 0.0013176 9.9955E-05
0.0566749 9.9982E-05 0.0525726 0.538813 0.108323 0.0556395 0.0083492 9.9982E-05 0.179428
0.142503 0.0343484 9.9991E-05 0.161113 0.270594 0.144426 0.0291697 0.145325 0.0724197
0.0128646 0.0166289 0.137723 0.0234124 0.412508 0.13426 0.200663 0.019434 0.0425057
0.0112244 0.0509779 9.9973E-05 0.149279 0.646644 0.0324246 9.9973E-05 9.9973E-05 0.10915
0.0917717 9.9982E-05 9.9982E-05 0.239458 0.430948 0.00759313 0.0437988 0.0449311 0.141299
9.9973E-05 9.9973E-05 0.141627 0.264416 0.123669 0.0802602 9.9973E-05 0.153176 0.236552
0.0505165 0.0548437 0.121489 0.58211 9.9973E-05 9.9973E-05 0.0289439 9.9973E-05 0.161797
9.9991E-05 0.0182131 0.0671323 0.239511 0.489227 0.0150639 0.0468462 0.0334012 0.0905057
0.0513717 0.0199833 0.00267706 0.289453 0.0987289 0.0201314 0.0728314 0.220907 0.223917
0.138091 0.00511965 0.0887139 0.0669902 0.394286 0.0929051 9.9991E-05 0.102236 0.111558
9.9982E-05 0.0119113 9.9982E-05 0.526743 0.0572838 0.0133098 0.106346 0.130376 0.153831
0.0115893 0.0131027 9.9982E-05 0.124405 0.627322 0.0397961 0.0899782 9.9982E-05 0.0936061
9.9991E-05 0.0188063 0.000782575 0.649433 0.0484319 0.0490522 0.0604036 0.0574599 0.11553
0.0645803 0.0673695 0.114976 0.265668 0.281154 0.0658003 9.9991E-05 0.0328853 0.107467
0.0665706 9.9982E-05 0.163852 0.139422 0.471166 0.0237451 0.046214 9.9982E-05 0.0888303
9.9973E-05 9.9973E-05 0.343547 0.0685672 0.326695 9.9973E-05 0.00827876 0.140384 0.112229
0.0769378 0.0055851 0.304087 0.00400571 0.574608 9.9973E-05 9.9973E-05 9.9973E-05 0.0344763
0.00309936 0.0250653 0.148822 0.0907594 0.614898 0.0133599 0.0343132 0.0695827 9.9991E-05
0.0882892 9.9973E-05 0.300974 0.103474 0.328458 9.9973E-05 9.9973E-05 0.111525 0.0669799
0.0905239 0.0464782 0.176602 0.05476 0.475919 9.9991E-05 0.0490737 0.0549557 0.0515871
0.112561 0.0251175 0.175812 9.9973E-05 0.545334 9.9973E-05 9.9973E-05 0.0760552 0.0648212
0.231412 9.9964E-05 0.450286 9.9964E-05 0.0486982 9.9964E-05 9.9964E-05 0.142167 0.127037
0.079892 9.9964E-05 0.507867 9.9964E-05 0.291333 9.9964E-05 9.9964E-05 0.081316 0.039192
0.054491 0.0202691 0.238796 9.9973E-05 0.496481 9.9973E-05 9.9973E-05 0.0696059 0.120057
0.188727 9.9973E-05 0.354137 0.161076 0.141555 9.9973E-05 9.9973E-05 0.101117 0.053088
0.134267 9.9955E-05 0.217881 0.240835 0.406517 9.9955E-05 9.9955E-05 9.9955E-05 9.9955E-05
0.0331058 9.9973E-05 9.9973E-05 0.624527 0.0928743 9.9973E-05 0.059366 0.000759248 0.189068
0.0530513 9.9973E-05 0.00923076 0.317401 0.174062 9.9973E-05 9.9973E-05 0.315682 0.130274
0.044034 0.00975911 9.9991E-05 0.264042 0.328351 0.0611217 0.0551019 0.0440004 0.19349
9.9982E-05 0.0269706 9.9982E-05 0.226465 0.569286 0.0912751 0.00363242 0.00547633 0.0766951
0.102493 9.9955E-05 9.9955E-05 0.483409 0.18687 9.9955E-05 9.9955E-05 9.9955E-05 0.226727
9.9991E-05 0.0212157 0.133054 0.0362671 0.400062 0.107209 0.0543924 0.119134 0.128566
0.0245697 0.0554439 0.0230243 0.113706 0.513619 0.081142 0.0019838 0.0289946 0.157517
0.0527503 9.9982E-05 0.0124365 0.277263 0.332343 0.133389 9.9982E-05 0.0810572 0.110561
0.0867879 0.0373513 9.9982E-05 0.306602 0.325802 0.138123 9.9982E-05 0.0647459 0.0403884
0.139942 0.0172134 9.9982E-05 0.153295 0.436759 0.0279695 0.0263702 9.9982E-05 0.198252
0.0922757 0.0019601 9.9973E-05 0.465973 0.169905 0.0726107 9.9973E-05 9.9973E-05 0.196976
0.119646 9.9973E-05 9.9973E-05 0.212385 0.254942 0.140035 9.9973E-05 0.0514058 0.221287
9.9982E-05 9.9982E-05 0.0192029 0.199965 0.559021 0.0756323 0.000420975 0.0645508 0.0810068
0.0426853 0.0152273 0.00167827 0.150888 0.617179 9.9991E-05 0.0758356 0.0301878 0.0662189
0.0516875 9.9991E-05 0.0760177 0.248045 0.359797 0.0448834 0.00372138 0.0751739 0.140574
0.0673233 9.9982E-05 0.0185722 0.187728 0.453953 0.0891927 9.9982E-05 0.0791709 0.103859
9.9982E-05 0.00611565 0.0865518 0.218295 0.307724 0.0369461 0.0894556 9.9982E-05 0.254712
0.103968 9.9964E-05 9.9964E-05 0.14148 0.476767 9.9964E-05 9.9964E-05 0.0727764 0.204609
0.0508944 9.9982E-05 0.0123631 0.255803 0.509089 0.0205215 9.9982E-05 0.0225432 0.128586
0.0666438 0.0171269 9.9991E-05 0.134177 0.451273 0.107831 0.0249332 0.048394 0.149521
9.9973E-05 0.0186365 0.0510863 0.101078 0.465888 0.0708021 0.292209 9.9973E-05 9.9973E-05
0.0706676 0.0580845 0.170898 9.9973E-05 0.421864 0.191457 0.0867296 9.9973E-05 9.9973E-05
0.140967 9.9991E-05 0.0872529 0.0603354 0.334366 0.224428 0.066157 0.0362916 0.0501017
0.00552436 0.0579661 9.9982E-05 0.173053 0.531203 0.0782725 0.0750487 0.0787322 9.9982E-05
9.9973E-05 0.0215544 0.0637454 0.131204 0.439657 0.179238 0.164302 9.9973E-05 9.9973E-05
9.9964E-05 9.9964E-05 0.113788 0.276742 0.407791 9.9964E-05 9.9964E-05 0.186595 0.014684
0.0988315 0.0792693 9.9991E-05 0.0203454 0.419188 0.1251 0.0879342 0.0906741 0.0785583
0.169719 9.9973E-05 0.45712 0.0749524 0.00107884 0.11831 0.178519 9.9973E-05 9.9973E-05
0.00774145 0.000990459 0.166 0.16679 0.40615 0.178205 0.0431181 9.9991E-05 0.0309051
0.035077 0.0727452 0.080669 0.0276392 0.468538 0.179146 0.00731107 0.063079 0.0657956
0.0385573 0.0200423 0.0671217 0.116241 0.437963 0.257545 0.000650345 0.0617801 9.9991E-05
0.0376583 0.0457519 0.235101 0.183228 0.226698 0.132723 0.0997601 0.0389802 9.9991E-05
9.9973E-05 0.0132509 9.9973E-05 0.0960148 0.516347 0.0890406 0.183586 0.10146 9.9973E-05
9.9982E-05 0.0724062 0.11689 0.0259128 0.525873 0.161179 9.9982E-05 0.0810218 0.0165173
9.9955E-05 0.0380412 0.427169 9.9955E-05 9.9955E-05 0.143796 0.390494 9.9955E-05 9.9955E-05
0.012769 0.0690593 0.0131106 0.108182 0.52201 0.133435 0.120746 0.013077 0.0076114
0.0156861 0.0292597 0.0447418 0.0301094 0.574588 0.177377 0.128038 9.9982E-05 9.9982E-05
0.028836 9.9973E-05 0.0773772 9.9973E-05 0.577614 0.104923 0.0812519 0.129698 9.9973E-05
9.9964E-05 9.9964E-05 0.0724756 0.0647594 0.618463 0.08331 0.160593 9.9964E-05 9.9964E-05
0.0367825 0.0474373 0.0384581 0.0358319 0.426663 0.136894 0.0950159 0.120879 0.0620384
0.0528229 0.0325906 9.9982E-05 9.9982E-05 0.334441 0.0960729 0.0202666 0.454759 0.00884679
9.9973E-05 0.0410569 0.0891849 9.9973E-05 0.499567 9.9973E-05 0.00855216 0.310628 0.0507113
9.9937E-05 9.9937E-05 9.9937E-05 0.121591 9.9937E-05 9.9937E-05 9.9937E-05 0.877709 9.9937E-05
9.9955E-05 9.9955E-05 9.9955E-05 0.0337781 9.9955E-05 9.9955E-05 0.00267874 0.948623 0.0144205
9.9982E-05 0.0246559 9.9982E-05 0.0427205 0.421381 0.101253 0.0415947 0.28349 0.0847053
9.9973E-05 9.9973E-05 0.0980299 0.0786005 0.383482 0.284521 0.0988727 0.056194 9.9973E-05
9.9973E-05 9.9973E-05 0.0143986 0.0168187 0.243516 0.366668 0.0943336 0.263965 9.9973E-05
9.9973E-05 0.00490929 0.183877 9.9973E-05 0.185778 0.301695 0.123488 0.199953 9.9973E-05
9.9973E-05 0.0507724 0.0671773 9.9973E-05 0.310893 0.246597 0.163704 0.160556 9.9973E-05
9.9964E-05 9.9964E-05 0.201442 9.9964E-05 0.00640587 0.0863285 0.0296393 0.675785 9.9964E-05
0.0225554 0.0322745 0.10283 9.9982E-05 0.0952091 0.0964027 0.0860611 0.564468 9.9982E-05
9.9964E-05 0.0110835 9.9964E-05 0.0334389 0.433218 0.161582 9.9964E-05 0.360278 9.9964E-05
9.9964E-05 9.9964E-05 9.9964E-05 0.00489308 0.38023 0.0962179 0.0553943 0.462865 9.9964E-05
9.9964E-05 0.0155177 9.9964E-05 9.9964E-05 0.130997 0.0834814 0.0670246 0.702579 9.9964E-05
9.9982E-05 0.0153642 9.9982E-05 0.0549772 0.40091 0.0813851 0.068977 0.352211 0.0259759
0.0388877 9.9964E-05 0.0439534 9.9964E-05 0.532481 0.0674791 9.9964E-05 0.316799 9.9964E-05
0.0998563 0.0323689 0.0247045 0.0610907 0.429493 0.137673 0.0703474 0.0684892 0.0759775
9.9973E-05 0.0258266 9.9973E-05 0.0574783 0.236936 9.9973E-05 0.0146613 0.652163 0.0126349
0.0397863 0.00299349 0.00476732 0.0539184 0.375032 0.0147854 9.9991E-05 0.482831 0.0257865
0.0912375 0.0141313 0.0230143 9.9991E-05 0.472526 0.043361 0.0502562 0.28269 0.0226837
0.0414385 0.0178909 0.0857675 0.0028294 0.339945 0.0603675 9.9991E-05 0.361545 0.0901158
0.09145 9.9973E-05 9.9973E-05 0.154529 0.360116 0.171757 9.9973E-05 0.190658 0.0311891
9.9955E-05 0.0222301 0.113803 9.9955E-05 0.370515 9.9955E-05 9.9955E-05 0.492951 9.9955E-05
9.9946E-05 9.9946E-05 9.9946E-05 9.9946E-05 0.129406 9.9946E-05 9.9946E-05 0.839482 0.0305121
0.0678369 9.9964E-05 0.0131626 9.9964E-05 0.532927 9.9964E-05 0.038022 0.347651 9.9964E-05
0.0449419 9.9964E-05 9.9964E-05 0.0648514 0.115322 9.9964E-05 9.9964E-05 0.746038 0.0284473
9.9946E-05 0.0403325 9.9946E-05 9.9946E-05 0.381543 9.9946E-05 9.9946E-05 0.577525 9.9946E-05
0.0532518 0.0673984 0.000887359 0.0310273 0.573862 9.9991E-05 0.00675157 0.177583 0.0891387
9.9964E-05 0.0171736 9.9964E-05 0.0411106 0.51317 9.9964E-05 0.0437731 0.384372 9.9964E-05
0.036976 0.0047296 0.0703803 0.0990904 0.477464 0.120881 0.156119 0.034259 9.9991E-05
0.0352533 9.9991E-05 0.0834385 0.0682559 0.314587 0.177092 0.126881 0.164873 0.0295192
0.0497948 0.0145381 0.079991 0.0680121 0.245651 0.256182 0.132411 0.109739 0.0436815
9.9991E-05 0.117301 0.13062 0.0551716 0.312332 0.16667 0.0439307 0.0494657 0.12441
9.9973E-05 0.0366596 9.9973E-05 0.260942 0.374107 0.169475 0.142049 0.0164672 9.9973E-05
0.0368308 0.0309142 9.9982E-05 9.9982E-05 0.40499 0.114925 0.154243 0.212019 0.045878
9.9955E-05 9.9955E-05 0.161545 9.9955E-05 9.9955E-05 0.129937 0.121547 0.586472 9.9955E-05
9.9964E-05 9.9964E-05 9.9964E-05 9.9964E-05 0.532033 0.146135 0.113912 0.166289 0.0412304
9.9955E-05 9.9955E-05 0.246808 9.9955E-05 9.9955E-05 0.109693 0.322496 0.320504 9.9955E-05
9.9955E-05 9.9955E-05 9.9955E-05 9.9955E-05 0.419529 0.225294 0.0356324 0.319045 9.9955E-05
0.113281 9.9946E-05 9.9946E-05 9.9946E-05 0.0611367 9.9946E-05 9.9946E-05 0.824982 9.9946E-05
0.0306102 0.00818011 9.9955E-05 0.0320078 9.9955E-05 9.9955E-05 9.9955E-05 0.928702 9.9955E-05
0.0431891 0.00758656 9.9973E-05 0.0278929 0.383633 0.0276103 9.9973E-05 0.509788 9.9973E-05
9.9955E-05 0.0641499 9.9955E-05 9.9955E-05 0.573829 0.00641874 9.9955E-05 0.355102 9.9955E-05
0.0102562 9.9955E-05 9.9955E-05 0.0426103 0.355232 9.9955E-05 9.9955E-05 0.591402 9.9955E-05
9.9955E-05 9.9955E-05 9.9955E-05 0.0255374 0.440378 0.0295036 9.9955E-05 0.504081 9.9955E-05
9.9964E-05 0.00521175 9.9964E-05 0.0520547 0.47492 9.9964E-05 9.9964E-05 0.457771 0.00964315
0.0247168 0.103817 9.9982E-05 0.0348325 0.0617478 0.0447523 0.704057 0.0258765 9.9982E-05
9.9973E-05 0.0465198 9.9973E-05 0.0673257 9.9973E-05 0.116102 0.717652 0.0191833 0.0329173
9.9955E-05 0.0386495 9.9955E-05 9.9955E-05 9.9955E-05 0.0609807 0.843071 9.9955E-05 0.0567988
9.9955E-05 0.163785 0.0274282 9.9955E-05 0.0480051 9.9955E-05 0.760282 9.9955E-05 9.9955E-05
0.335632 0.0427844 0.0557039 0.076138 0.454906 9.9982E-05 0.0308171 9.9982E-05 0.00381846
0.430792 0.0333821 9.9982E-05 0.0730376 0.398554 0.0416286 0.0143581 9.9982E-05 0.00804738
0.377194 0.0280654 9.9955E-05 0.150582 0.44366 9.9955E-05 9.9955E-05 9.9955E-05 9.9955E-05
0.156453 0.0319611 0.00836968 0.0362339 0.628117 9.9991E-05 0.0920741 0.0462835 0.000407449
0.0349525 9.9982E-05 0.105749 0.157847 0.478031 9.9982E-05 0.0762779 0.0279064 0.119036
0.522154 0.00957195 0.0313879 0.174788 0.173137 0.00234575 0.0523553 0.00250693 0.0317531
0.371549 9.9946E-05 9.9946E-05 9.9946E-05 0.582565 9.9946E-05 0.0452863 9.9946E-05 9.9946E-05
0.446843 0.0472983 0.096345 9.9973E-05 0.278695 9.9973E-05 9.9973E-05 0.121533 0.00898527
0.00844296 0.0778874 0.0364475 9.9991E-05 0.456482 0.137638 0.220572 0.0299526 0.0324776
0.424913 9.9982E-05 0.0522758 0.000623525 0.256704 0.113866 9.9982E-05 0.12137 0.0300481
0.482171 0.0434027 9.9964E-05 0.117169 0.277766 9.9964E-05 9.9964E-05 9.9964E-05 0.0790914
0.326672 0.0108859 9.9973E-05 0.0214172 0.529666 9.9973E-05 9.9973E-05 0.0960844 0.0149743
0.516002 9.9964E-05 9.9964E-05 0.102444 0.322713 9.9964E-05 9.9964E-05 0.0265532 0.0318875
0.338221 0.00695746 0.0169653 9.9973E-05 0.587515 9.9973E-05 9.9973E-05 0.0297847 0.020257
0.315827 0.0236637 9.9964E-05 9.9964E-05 0.520326 9.9964E-05 0.0643574 0.0754256 9.9964E-05
0.851415 9.9955E-05 9.9955E-05 9.9955E-05 0.0579946 0.0178698 9.9955E-05 0.0722211 9.9955E-05
0.581741 9.9973E-05 0.118564 0.0284652 0.223599 0.0309492 0.0163813 9.9973E-05 9.9973E-05
0.451753 0.0101178 9.9982E-05 9.9982E-05 0.249041 0.0526389 0.0281982 0.115847 0.0922042
0.830033 9.9937E-05 0.169268 9.9937E-05 9.9937E-05 9.9937E-05 9.9937E-05 9.9937E-05 9.9937E-05
0.340916 0.0280752 0.00603056 0.142792 0.383354 0.0143547 0.0400661 0.026475 0.0179368
0.546809 9.9955E-05 0.237741 9.9955E-05 0.156456 9.9955E-05 9.9955E-05 0.058494 9.9955E-05
0.723511 9.9955E-05 0.196958 9.9955E-05 9.9955E-05 9.9955E-05 9.9955E-05 0.0745225 0.00450877
0.266547 0.030986 9.9964E-05 0.00279234 0.533244 9.9964E-05 9.9964E-05 0.166031 9.9964E-05
0.579422 0.0383453 9.9991E-05 0.0353901 0.141785 0.0137709 0.0536898 0.133207 0.00429008
0.44966 0.018187 9.9973E-05 0.0597466 0.328301 0.0670925 9.9973E-05 9.9973E-05 0.076712
0.1799 0.0449391 9.9973E-05 0.150859 0.554509 0.0473776 9.9973E-05 0.0221153 9.9973E-05
0.343563 9.9973E-05 9.9973E-05 0.102575 0.437725 0.0465613 0.0298712 9.9973E-05 0.0394047
9.9973E-05 9.9973E-05 0.143717 0.339891 0.251632 0.0507638 9.9973E-05 0.153982 0.0597137
0.309755 9.9973E-05 9.9973E-05 0.0190618 0.432124 0.0561796 9.9973E-05 0.0771828 0.105397
0.298707 0.0555569 9.9964E-05 0.259061 0.37029 0.0159849 9.9964E-05 9.9964E-05 9.9964E-05
0.627496 9.9955E-05 0.0110781 9.9955E-05 0.295167 9.9955E-05 9.9955E-05 0.065759 9.9955E-05
0.121619 0.00705085 0.0755224 0.0102941 0.563335 0.0594311 0.0534357 0.0726168 0.0366952
9.9964E-05 0.090719 0.0356683 0.151917 9.9964E-05 9.9964E-05 0.558257 9.9964E-05 0.163039
0.028445 0.0672925 0.0694641 0.0351949 0.0220341 0.0128212 0.644647 0.00301952 0.117081
0.00570803 0.161259 0.0597537 0.0158406 9.9973E-05 9.9973E-05 0.668369 9.9973E-05 0.0887697
9.9964E-05 0.102677 0.0442836 9.9964E-05 9.9964E-05 9.9964E-05 0.689789 0.0573485 0.105503
0.00426778 0.0607523 0.00835043 0.030113 0.0478627 9.9982E-05 0.6348 9.9982E-05 0.213654
0.615019 9.9964E-05 9.9964E-05 0.225109 0.109398 0.00456576 0.0455076 9.9964E-05 9.9964E-05
0.58923 0.046632 9.9973E-05 0.17868 0.11452 9.9973E-05 0.0397448 9.9973E-05 0.0308925
