9.9973E-05 0.0572564 0.0509913 0.00194668 9.9973E-05 0.84253 9.9973E-05 0.0132915 0.0336844
9.9973E-05 0.0380874 0.0118693 0.00189317 9.9973E-05 0.901955 0.0456695 0.000225818 9.9973E-05
0.0631898 0.0806805 0.00543436 9.9973E-05 0.115755 0.710674 9.9973E-05 0.0239663 9.9973E-05
9.9955E-05 0.10413 0.0946661 9.9955E-05 9.9955E-05 0.686899 9.9955E-05 0.113806 9.9955E-05
9.9964E-05 9.9964E-05 0.0244506 0.00977302 0.0707016 0.862224 9.9964E-05 0.032451 9.9964E-05
9.9964E-05 0.0298178 9.9964E-05 0.313136 9.9964E-05 0.578065 9.9964E-05 0.071648 0.00693408
9.9946E-05 0.0349715 9.9946E-05 0.246546 9.9946E-05 0.717882 9.9946E-05 9.9946E-05 9.9946E-05
9.9955E-05 0.0413551 0.0076142 0.246593 9.9955E-05 0.703937 9.9955E-05 9.9955E-05 9.9955E-05
0.0897898 0.019661 0.0758833 9.99639E-05 9.99639E-05 0.739577 9.99639E-05 9.99639E-05 0.0746893
9.9955E-05 0.0436695 9.9955E-05 0.208536 9.9955E-05 0.616107 9.9955E-05 0.131188 9.9955E-05
9.9955E-05 0.00165037 0.0660553 0.201635 9.9955E-05 0.730159 9.9955E-05 9.9955E-05 9.9955E-05
9.9964E-05 9.9964E-05 0.409614 0.0804199 0.215293 9.9964E-05 9.9964E-05 0.0890193 0.205253
0.061078 0.0247065 0.286728 0.00698779 0.597466 9.9973E-05 9.9973E-05 9.9973E-05 0.022734
0.0932611 0.0262595 0.397092 0.00734186 0.253716 9.9991E-05 0.0609056 0.0624459 0.0988774
0.106524 0.0370356 0.347427 9.9982E-05 0.350184 9.9982E-05 0.0117271 0.0927097 0.0541926
9.9982E-05 0.0131838 0.173477 0.118386 0.302157 0.0996796 9.9982E-05 0.148097 0.144819
0.0352932 0.0144828 0.137524 0.0794537 0.505144 0.00458445 0.0622906 0.161127 9.9991E-05
9.9973E-05 0.0399101 0.236565 0.111899 0.40367 9.9973E-05 9.9973E-05 0.0498708 0.157786
0.0350464 0.00802842 0.240615 9.9982E-05 0.336465 0.11495 9.9982E-05 0.0675134 0.197182
9.9973E-05 0.0025427 0.570595 0.197277 9.9973E-05 0.0422922 9.9973E-05 0.0735804 0.113413
0.0546402 0.0153477 0.207222 0.0850684 0.437563 0.0391638 0.0666114 9.9991E-05 0.0942831
0.114971 0.0304199 0.151479 0.109903 0.434276 9.9991E-05 0.0201125 0.0194889 0.11925
0.00950036 0.00644305 0.134821 0.0908843 0.528356 0.0244151 0.037314 0.0780187 0.0902468
9.9973E-05 0.0244949 0.293573 0.173028 0.246639 9.9973E-05 9.9973E-05 0.10128 0.160686
0.0963138 9.9982E-05 0.131096 0.0608434 0.698843 0.00344812 0.000535484 9.9982E-05 0.00872036
0.073697 0.038451 0.162249 0.0738563 0.540183 9.9982E-05 0.0267975 9.9982E-05 0.0845662
9.9982E-05 0.0484991 0.369914 0.105879 0.102418 0.0484676 9.9982E-05 0.117952 0.20667
0.0883104 0.0351247 0.318632 0.0379295 0.261639 9.9982E-05 9.9982E-05 0.142602 0.115562
0.0197198 9.9991E-05 0.393461 0.0820337 0.261874 0.0342834 0.0814513 0.037199 0.0898774
9.993E-05 0.999201 9.993E-05 9.993E-05 9.993E-05 9.993E-05 9.993E-05 9.993E-05 9.993E-05
9.993E-05 0.999201 9.993E-05 9.993E-05 9.993E-05 9.993E-05 9.993E-05 9.993E-05 9.993E-05
0.0360997 0.366708 9.9973E-05 9.9973E-05 0.059546 0.449467 9.9973E-05 0.0630995 0.0247795
0.0748708 0.306151 9.9973E-05 0.0342801 0.0610758 0.419415 9.9973E-05 0.103907 9.9973E-05
9.9982E-05 0.079708 0.0431813 0.0587892 0.447252 9.9982E-05 0.0117102 0.0172513 0.341908
0.00318132 0.0279364 0.0133245 0.0229244 0.424336 0.0713839 0.00700613 0.0795609 0.350347
9.9964E-05 0.00539001 9.9964E-05 9.9964E-05 0.478512 0.0320813 9.9964E-05 0.0319418 0.451675
9.9973E-05 0.0303011 0.597016 9.9973E-05 0.171509 0.032834 0.0309598 9.9973E-05 0.13708
0.0263676 0.0200253 9.9982E-05 9.9982E-05 0.295716 0.010909 0.0495909 0.0152669 0.581925
0.0210564 9.9973E-05 0.0660882 9.9973E-05 0.536679 0.0769054 0.0397412 9.9973E-05 0.25923
0.0792931 0.0772348 9.9964E-05 0.0258796 0.635262 9.9964E-05 9.9964E-05 9.9964E-05 0.181931
9.9973E-05 0.0177358 0.00588709 0.375879 0.503464 9.9973E-05 9.9973E-05 0.0330137 0.0637205
9.999E-05 0.0579516 0.0923784 0.0979086 0.51457 0.0303135 0.0073644 0.0522173 0.147196
0.0445495 0.011279 0.142625 9.9964E-05 0.119647 9.9964E-05 9.9964E-05 9.9964E-05 0.6815
0.0551425 9.9982E-05 0.0276675 0.301462 0.500644 0.00648049 9.9982E-05 0.0661396 0.0422632
0.0517146 9.9973E-05 9.9973E-05 9.9973E-05 0.466682 0.0558947 0.0523945 0.130565 0.242449
9.9982E-05 0.0545232 0.0508274 0.117973 0.422964 0.0456387 9.9982E-05 0.144295 0.163579
9.9946E-05 9.9946E-05 9.9946E-05 9.9946E-05 0.293091 9.9946E-05 0.0708881 9.9946E-05 0.635421
0.0574279 0.00990481 9.9955E-05 9.9955E-05 0.60022 9.9955E-05 9.9955E-05 9.9955E-05 0.331947
9.9982E-05 0.0812281 0.0198 0.10214 0.479564 0.0688044 9.9982E-05 0.0804805 0.167783
0.231026 9.9955E-05 9.9955E-05 9.9955E-05 9.9955E-05 0.0200164 0.0789182 9.9955E-05 0.669539
0.0580593 9.9973E-05 0.407075 0.0381801 0.161611 9.9973E-05 0.110741 9.9973E-05 0.224034
0.220116 9.9973E-05 0.188531 0.0933379 0.0677258 9.9973E-05 0.142656 9.9973E-05 0.287334
0.0577899 0.0110546 0.118077 0.0508803 0.549784 0.00822459 0.0328154 0.0802762 0.0910975
9.9973E-05 9.9973E-05 9.9973E-05 0.176595 0.594776 0.137248 0.0581097 0.0324372 0.000534798
0.109426 9.9991E-05 0.0736664 0.0661827 0.598219 0.0325658 0.0235527 0.0118167 0.084471
0.0879357 0.0441132 0.362794 9.9982E-05 0.187298 0.0411021 0.0366898 9.9982E-05 0.239867
0.015393 0.0325022 0.196932 0.0619529 0.67196 9.9973E-05 0.0209597 9.9973E-05 9.9973E-05
0.0994537 9.9973E-05 0.113588 0.020379 0.524492 9.9973E-05 9.9973E-05 0.110696 0.13109
9.999E-05 0.030196 0.217012 0.160238 0.271301 0.0809549 0.112865 0.0542365 0.0730953
0.166467 0.015646 0.28906 0.0557424 0.0440924 0.162376 9.9991E-05 0.0457208 0.220796
0.00708657 0.0920951 0.0676026 0.0759114 0.528095 9.9991E-05 0.026085 0.0533171 0.149707
0.193762 9.9973E-05 0.238828 9.9973E-05 0.453261 0.0211353 9.9973E-05 0.014057 0.0786565
0.0589781 0.0854182 0.462258 0.157577 0.000168596 9.9982E-05 0.0275147 9.9982E-05 0.207885
0.0906523 9.9955E-05 0.274614 9.9955E-05 0.525807 9.9955E-05 9.9955E-05 9.9955E-05 0.108427
0.161041 9.9982E-05 0.0656103 0.0304402 0.658105 9.9982E-05 0.0343911 0.00283497 0.0473774
0.0293885 0.0848429 0.161606 0.0444977 0.501519 9.9982E-05 9.9982E-05 0.061023 0.116922
0.101417 0.00575958 0.253951 0.0168389 0.292937 0.0445766 0.0610296 9.9991E-05 0.223391
0.05391 0.0866605 0.152426 9.9973E-05 0.488624 9.9973E-05 0.103474 9.9973E-05 0.114606
0.140088 0.00978504 0.189404 9.9955E-05 0.660222 9.9955E-05 9.9955E-05 9.9955E-05 9.9955E-05
0.0801035 0.0362715 0.403118 0.0655352 0.22648 9.9982E-05 0.0201889 9.9982E-05 0.168103
9.9946E-05 9.9946E-05 0.0451994 9.9946E-05 0.515446 9.9946E-05 9.9946E-05 9.9946E-05 0.438755
9.9973E-05 0.0085245 0.0203342 9.9973E-05 0.115689 0.0465831 9.9973E-05 0.0441926 0.764377
0.0478828 0.0529963 0.0629292 9.9991E-05 0.590631 0.0758712 0.0397149 0.0217857 0.108089
0.106726 9.9955E-05 9.9955E-05 0.00324457 9.9955E-05 9.9955E-05 0.0160396 9.9955E-05 0.87349
0.014949 9.9964E-05 0.0327359 0.0536867 9.9964E-05 9.9964E-05 0.0430822 9.9964E-05 0.855146
9.9946E-05 9.9946E-05 9.9946E-05 9.9946E-05 0.22509 9.9946E-05 0.017557 9.9946E-05 0.756753
9.9964E-05 0.002294 0.0707378 0.0788446 0.366803 9.9964E-05 9.9964E-05 9.9964E-05 0.480921
0.0867919 0.122739 0.104222 9.9973E-05 0.521561 9.9973E-05 9.9973E-05 0.0186181 0.145769
0.0794348 0.0279053 0.0621226 9.9964E-05 0.373923 9.9964E-05 9.9964E-05 9.9964E-05 0.456215
9.9973E-05 0.00509031 0.0444034 9.9973E-05 0.140177 0.0955849 9.9973E-05 0.0448884 0.669555
9.9955E-05 9.9955E-05 0.197262 9.9955E-05 0.274707 0.033322 9.9955E-05 9.9955E-05 0.494209
9.9982E-05 0.0161814 0.0118682 9.9982E-05 0.447328 0.102247 0.0014235 0.0428094 0.377943
9.9982E-05 0.000453541 0.00341204 0.070283 0.155991 0.02263 9.9982E-05 0.0551721 0.691858
9.9982E-05 0.0235023 0.0429673 0.0573933 0.363356 0.00990307 9.9982E-05 0.0335288 0.469149
9.9964E-05 9.9964E-05 9.9964E-05 0.00563191 0.358642 0.0252527 0.013878 9.9964E-05 0.596196
0.107967 9.9955E-05 9.9955E-05 0.0128656 9.9955E-05 9.9955E-05 0.158201 9.9955E-05 0.720467
9.9982E-05 0.0487208 0.0619003 9.9982E-05 0.628035 0.00868878 0.00537184 0.0108424 0.236241
9.9955E-05 0.0515434 0.0534909 9.9955E-05 0.126495 0.767971 9.9955E-05 9.9955E-05 9.9955E-05
9.9946E-05 0.128647 9.9946E-05 9.9946E-05 0.0677873 0.802966 9.9946E-05 9.9946E-05 9.9946E-05
0.0337587 0.140361 9.9964E-05 9.9964E-05 0.0953904 0.719215 9.9964E-05 0.0108756 9.9964E-05
0.161758 0.128727 9.9955E-05 9.9955E-05 0.0229999 0.686015 9.9955E-05 9.9955E-05 9.9955E-05
0.0472023 0.14043 9.9955E-05 9.9955E-05 0.0840251 0.727843 9.9955E-05 9.9955E-05 9.9955E-05
0.0950776 0.0619038 9.9964E-05 9.9964E-05 0.0737548 0.755801 9.9964E-05 0.0130634 9.9964E-05
0.0519047 0.0528358 9.9964E-05 0.0153539 0.0268692 0.852637 9.9964E-05 9.9964E-05 9.9964E-05
0.0125416 9.9991E-05 0.0206111 0.0266726 0.558721 0.0884187 0.0289159 0.0281031 0.235916
9.9982E-05 0.0456516 0.0611632 9.9982E-05 0.519725 0.0528334 0.0249355 0.0662566 0.229234
0.00273397 9.9964E-05 0.0679451 0.0386663 9.9964E-05 0.0900104 9.9964E-05 9.9964E-05 0.800244
9.9991E-05 0.00365868 0.0420971 0.0703618 0.425176 0.0795129 0.0633427 0.0925602 0.223191
9.9973E-05 0.0465063 0.118294 0.0321108 0.386787 0.0195508 9.9973E-05 9.9973E-05 0.396452
9.9973E-05 9.9973E-05 0.0154145 9.9973E-05 0.629342 0.0905001 0.085343 0.00446194 0.174639
9.9982E-05 0.0201325 0.00566588 0.0369039 0.487242 0.0562667 0.142027 9.9982E-05 0.251562
9.9982E-05 0.00371516 9.9982E-05 0.0911513 0.317011 0.00278671 0.0674548 0.0911696 0.426512
9.99608E-05 9.99608E-05 0.157063 9.99608E-05 9.99608E-05 0.0876308 0.0265911 9.99608E-05 0.728215
9.9973E-05 9.9973E-05 0.068529 0.0357975 0.585366 0.14194 9.9973E-05 0.00453793 0.16353
0.0458408 9.9991E-05 0.0673535 0.0268647 0.551744 0.00217845 0.0294135 0.0758121 0.200693
0.0508696 0.070048 0.106618 9.9991E-05 0.453424 0.0142076 0.075913 0.0881191 0.140701
0.118126 9.9964E-05 9.9964E-05 0.0701172 0.244525 9.9964E-05 0.0548045 9.9964E-05 0.512028
9.9991E-05 0.0205906 0.00983198 0.035436 0.425322 0.0196494 0.0775089 0.020447 0.391114
9.9973E-05 0.0664876 0.0354308 0.0425685 0.38256 0.0233222 9.9973E-05 9.9973E-05 0.449331
9.9946E-05 9.9946E-05 9.9946E-05 9.9946E-05 0.261291 9.9946E-05 9.9946E-05 0.0998472 0.638262
9.9964E-05 9.9964E-05 0.0443942 9.9964E-05 0.352324 0.140515 0.049203 9.9964E-05 0.413164
9.9973E-05 0.0185893 9.9973E-05 0.0138455 0.494892 0.275431 0.0199947 9.9973E-05 0.176948
0.203446 9.9964E-05 0.328201 9.9964E-05 0.18663 9.9964E-05 0.181579 9.9964E-05 0.0997453
0.0675289 0.0347998 0.296592 0.0648335 0.463032 0.0184584 9.9991E-05 0.0252921 0.029363
0.0139419 0.0126541 0.117089 9.9991E-05 0.454105 0.165308 0.156 0.066467 0.0143352
9.9982E-05 9.9982E-05 0.12514 0.0236748 0.595572 0.0723169 0.0759831 0.0559913 0.0511225
0.0529858 0.0498035 0.368521 9.9964E-05 0.481765 9.9964E-05 9.9964E-05 9.9964E-05 0.0465253
9.9991E-05 0.0245606 0.18433 0.064455 0.543308 0.029931 0.0704071 0.0501246 0.0327832
0.0113348 9.9973E-05 0.377854 9.9973E-05 0.472012 0.0744915 0.0368436 9.9973E-05 0.027164
0.00871435 0.0551383 0.229314 9.9982E-05 0.508752 0.0198772 0.122262 9.9982E-05 0.0557422
0.110276 9.9973E-05 0.149064 0.0936335 0.564841 9.9973E-05 9.9973E-05 0.030113 0.0517737
0.0499908 0.0406889 0.157502 9.9982E-05 0.571689 0.0704974 0.0564159 9.9982E-05 0.0530161
0.0332654 9.9955E-05 0.31379 9.9955E-05 0.530486 9.9955E-05 9.9955E-05 9.9955E-05 0.121958
0.0891283 0.00276194 0.113011 0.0554365 0.617942 0.030742 0.0193114 0.0715666 9.9991E-05
9.9973E-05 9.9973E-05 0.13316 0.0286818 0.501329 0.0894826 0.170664 0.0763825 9.9973E-05
9.9973E-05 0.0114453 0.271259 9.9973E-05 0.542449 9.9973E-05 0.00644381 0.0483716 0.119731
0.0896262 0.0895377 0.186786 0.0319998 0.535934 9.9982E-05 0.0288958 0.0370213 9.9982E-05
0.0869743 9.9964E-05 0.221119 9.9964E-05 0.602052 9.9964E-05 0.0125446 9.9964E-05 0.07691
0.15042 0.0196277 0.284315 9.99741E-05 0.397977 0.0222391 0.125122 9.99741E-05 9.99741E-05
0.0800992 0.00445675 0.171974 0.0301133 0.594792 0.0545005 0.0184212 0.0132692 0.0323745
0.165293 0.00590577 0.166049 9.9973E-05 0.622077 0.0158329 0.0245418 9.9973E-05 9.9973E-05
0.0387874 0.0137922 0.38517 0.0116571 0.274899 9.9982E-05 0.0720074 9.9982E-05 0.203487
0.256471 9.9964E-05 0.327223 9.9964E-05 0.148343 9.9964E-05 0.135841 9.9964E-05 0.131722
0.0495922 0.00264534 0.180624 0.144322 0.450886 9.9982E-05 9.9982E-05 0.0545891 0.117141
0.104961 9.9982E-05 0.368595 0.0286535 0.0220186 9.9982E-05 0.239053 0.0706664 0.165853
0.0127151 9.9982E-05 0.41642 0.000951962 0.305864 0.0784121 0.0588777 9.9982E-05 0.12656
9.9964E-05 9.9964E-05 0.275458 0.0106822 0.449652 9.9964E-05 0.115216 9.9964E-05 0.148592
9.9964E-05 0.0359568 0.379679 9.9964E-05 0.326988 9.9964E-05 0.0142107 9.9964E-05 0.242766
9.9973E-05 9.9973E-05 0.452361 0.0544361 0.304063 0.00432491 9.9973E-05 0.0506434 0.133872
9.9991E-05 0.0647437 0.0619236 0.196915 0.534832 0.00966221 0.0639573 0.0146776 0.0531884
0.0685657 9.9973E-05 0.0853552 9.9973E-05 0.581439 0.0448372 0.0966652 9.9973E-05 0.122838
0.0482893 0.0485287 0.18735 9.9982E-05 0.554223 0.000493001 9.9982E-05 0.0116435 0.149273
0.209508 9.9982E-05 0.351052 0.0247586 0.163155 9.9982E-05 0.104233 0.0165219 0.130571
0.175845 9.9982E-05 0.112495 0.0784072 0.453264 0.125508 0.0338607 9.9982E-05 0.020419
0.0388395 9.9982E-05 9.9982E-05 0.146705 0.49807 0.05061 0.0193211 0.0481301 0.198124
0.19724 0.00969855 0.111127 0.303287 9.9982E-05 0.0799644 0.119808 9.9982E-05 0.178676
0.017476 0.0632434 0.00200216 0.0522073 0.595151 0.0558863 0.0870649 0.0224155 0.104554
0.218631 0.00771763 0.058245 0.0779276 0.386106 0.0330931 0.105418 9.9991E-05 0.112762
0.0926314 0.0301259 0.0317253 0.124731 0.545629 0.0481356 0.0460235 0.0225982 0.0584003
0.24673 0.0543681 0.127565 0.256569 0.191231 9.9982E-05 0.0541152 9.9982E-05 0.0692225
0.0780993 0.0620076 0.168078 0.335659 0.134598 9.9982E-05 0.156622 9.9982E-05 0.0647364
0.0346041 0.0141566 0.133837 0.167358 0.401061 0.0148118 0.186368 9.9991E-05 0.0477037
0.0171064 0.0161038 0.0329524 0.174538 0.455715 0.126292 0.0504567 0.0430955 0.0837402
0.132023 0.0165062 0.111689 0.139539 0.345869 0.0198657 9.9991E-05 0.142707 0.0917012
0.26489 0.00691311 0.0730017 0.163939 9.9982E-05 9.9982E-05 0.0864039 0.120324 0.284328
0.0554013 0.0487054 0.00773482 0.159473 0.515704 9.9991E-05 0.126071 0.0730083 0.0138018
0.0152614 9.9964E-05 0.13029 0.349354 0.361569 9.9964E-05 9.9964E-05 9.9964E-05 0.143126
0.0718482 9.9973E-05 0.109205 0.105559 0.47517 9.9973E-05 0.084447 9.9973E-05 0.153471
0.0912386 0.00928571 0.137355 0.0542435 0.509104 0.0573498 0.0796459 0.0104892 0.0512885
0.252364 0.0772336 0.0123904 0.0777198 0.160962 0.140171 9.9991E-05 0.225538 0.053521
0.439018 0.044052 9.9964E-05 0.0990971 9.9964E-05 0.334673 9.9964E-05 0.0827601 9.9964E-05
0.507454 0.0450637 9.9973E-05 0.0678424 9.9973E-05 0.267592 0.0462458 0.0655021 9.9973E-05
0.303749 0.0325198 9.9973E-05 0.032232 0.132872 0.251829 9.9973E-05 0.246498 9.9973E-05
0.0106798 0.00612514 9.9982E-05 0.253112 0.556484 9.9982E-05 0.0593066 0.0327791 0.0813133
0.0711438 0.0141941 0.0692145 0.143806 0.507076 0.100413 0.028639 0.0125938 0.0529197
9.9955E-05 0.0122147 0.0241434 9.9955E-05 0.265933 9.9955E-05 9.9955E-05 0.697209 9.9955E-05
9.9973E-05 0.0339891 0.101494 9.9973E-05 0.260278 9.9973E-05 0.00458626 0.488211 0.111142
0.054883 0.0414238 9.9982E-05 9.9982E-05 0.462184 0.0464228 0.123688 0.255766 0.0154318
0.0675143 0.00954163 9.9982E-05 0.364856 0.183985 9.9982E-05 0.250913 0.0115522 0.111438
0.0502574 9.9991E-05 0.123337 0.0921891 0.395266 0.0317457 0.0944154 0.0595435 0.153146
0.143012 9.9964E-05 9.9964E-05 0.485982 0.0995912 9.9964E-05 0.21605 9.9964E-05 0.0549651
0.0434154 9.9973E-05 9.9973E-05 0.238111 0.570687 0.0122095 0.0348166 9.9973E-05 0.100461
0.0316523 0.0362829 9.9991E-05 0.21854 0.403535 0.0329776 0.164558 0.00189051 0.110464
0.0955708 9.9973E-05 9.9973E-05 0.238789 0.486832 9.9973E-05 0.0916226 0.0276925 0.0591925
0.0988273 0.00147935 9.9973E-05 0.387355 0.155682 9.9973E-05 0.216942 9.9973E-05 0.139414
0.0222353 9.9982E-05 9.9982E-05 0.158676 0.624055 0.0723683 0.0169227 0.0506986 0.0548441
0.0278012 0.0235877 9.9973E-05 0.167715 0.62959 0.0564816 0.0945248 9.9973E-05 9.9973E-05
9.9946E-05 9.9946E-05 9.9946E-05 9.9946E-05 9.9946E-05 9.9946E-05 0.0264701 0.966268 0.00666262
9.9955E-05 9.9955E-05 0.0265515 9.9955E-05 0.0507118 9.9955E-05 0.0305756 0.891661 9.9955E-05
9.9973E-05 0.047957 0.0364602 0.0908178 0.26242 9.9973E-05 9.9973E-05 0.561867 0.00017882
9.9964E-05 0.000302312 0.00631588 9.9964E-05 0.301317 9.9964E-05 0.0186132 0.673052 9.9964E-05
9.9946E-05 9.9946E-05 9.9946E-05 0.105278 9.9946E-05 9.9946E-05 9.9946E-05 0.829327 0.0647955
0.0312813 0.0125474 9.9946E-05 9.9946E-05 9.9946E-05 9.9946E-05 9.9946E-05 0.955572 9.9946E-05
9.9946E-05 0.00486313 9.9946E-05 9.9946E-05 9.9946E-05 9.9946E-05 0.0509908 0.943546 9.9946E-05
9.9946E-05 9.9946E-05 9.9946E-05 9.9946E-05 0.124007 9.9946E-05 9.9946E-05 0.869233 0.00616006
9.9937E-05 9.9937E-05 9.9937E-05 0.0379785 9.9937E-05 9.9937E-05 9.9937E-05 0.961322 9.9937E-05
9.993E-05 9.993E-05 9.993E-05 9.993E-05 9.993E-05 9.993E-05 9.993E-05 0.999201 9.993E-05
0.0123619 0.0109012 9.9946E-05 9.9946E-05 9.9946E-05 9.9946E-05 9.9946E-05 0.976137 9.9946E-05
9.9964E-05 0.0437109 9.9964E-05 0.0441586 0.109895 0.00617196 9.9964E-05 0.795664 9.9964E-05
0.0491998 0.00314949 0.00749037 9.9973E-05 0.10986 0.0606077 9.9973E-05 0.769392 9.9973E-05
9.9946E-05 0.00734261 9.9946E-05 9.9946E-05 9.9946E-05 9.9946E-05 9.9946E-05 0.973975 0.0180824
0.039622 0.0552159 0.0391284 0.116237 0.29767 0.0305361 0.0815171 0.339973 9.9991E-05
9.9964E-05 0.0554849 0.0545468 9.9964E-05 0.240139 0.0105708 9.9964E-05 0.638858 9.9964E-05
0.0127514 0.0247931 0.0616172 9.9964E-05 0.153168 9.9964E-05 9.9964E-05 0.747271 9.9964E-05
9.9955E-05 0.035576 0.0319358 9.9955E-05 9.9955E-05 0.0125883 9.9955E-05 0.9194 9.9955E-05
9.9937E-05 9.9937E-05 9.9937E-05 9.9937E-05 9.9937E-05 9.9937E-05 9.9937E-05 0.990186 0.00911428
9.9946E-05 9.9946E-05 9.9946E-05 9.9946E-05 0.114681 0.0647609 9.9946E-05 0.819958 9.9946E-05
9.9937E-05 0.0155436 9.9937E-05 9.9937E-05 9.9937E-05 9.9937E-05 9.9937E-05 0.983757 9.9937E-05
9.9973E-05 0.0133087 9.9973E-05 0.0103302 0.146171 0.0792382 0.124088 0.626565 9.9973E-05
9.9973E-05 0.0153326 0.00590515 0.0059231 9.9973E-05 9.9973E-05 0.0175016 0.924171 0.030867
0.377291 9.9955E-05 9.9955E-05 0.402429 9.9955E-05 0.183819 0.0359618 9.9955E-05 9.9955E-05
0.0364817 0.0238579 0.12323 0.236681 0.348427 0.157112 9.9991E-05 0.0539132 0.0201976
0.123066 0.0117939 9.9982E-05 0.178959 0.415059 0.172262 0.0414605 9.9982E-05 0.057199
0.250634 0.0701218 0.0202667 0.373983 0.123163 0.0600049 0.0193553 0.0814085 0.00106215
0.0179122 0.0407237 9.9991E-05 0.144337 0.446097 0.108155 0.109729 0.116598 0.016348
0.267267 0.0240116 9.9991E-05 0.213579 0.16551 0.133156 0.0752894 0.0890124 0.0320748
0.071741 0.00532949 0.0792587 0.217391 0.332798 0.16843 9.9982E-05 0.124852 9.9982E-05
0.130455 0.0168973 9.9973E-05 0.365568 0.277367 0.0628667 9.9973E-05 0.146546 9.9973E-05
0.0509928 0.0950223 9.9973E-05 0.257643 0.392605 0.0866412 9.9973E-05 0.116796 9.9973E-05
0.121807 0.0802993 9.9973E-05 0.366498 0.242418 0.0523908 9.9973E-05 0.136287 9.9973E-05
0.0226432 9.9973E-05 9.9973E-05 0.203795 0.429637 0.200707 9.9973E-05 0.0938132 0.0491052
0.0450299 9.9973E-05 0.0439907 0.0529673 0.0550152 0.797023 0.00567426 9.9973E-05 9.9973E-05
0.0490195 0.100014 9.9964E-05 9.9964E-05 9.9964E-05 0.768448 0.00716169 0.0749566 9.9964E-05
0.0634044 0.0738715 0.0254126 9.9955E-05 9.9955E-05 0.836812 9.9955E-05 9.9955E-05 9.9955E-05
0.0189207 0.047607 0.0454329 9.9964E-05 0.0266205 0.861019 9.9964E-05 9.9964E-05 9.9964E-05
0.105521 0.124083 0.0521391 9.9973E-05 0.000331079 0.713177 9.9973E-05 0.00444941 9.9973E-05
0.135834 0.0866261 9.9955E-05 9.9955E-05 9.9955E-05 0.755776 9.9955E-05 0.0212639 9.9955E-05
9.9955E-05 0.0603993 9.9955E-05 9.9955E-05 0.0279241 0.838868 9.9955E-05 0.0723085 9.9955E-05
0.0795614 0.0397228 9.9964E-05 9.9964E-05 9.9964E-05 0.826309 0.0322199 0.0217865 9.9964E-05
0.0799055 0.0316399 9.9964E-05 9.9964E-05 0.0407535 0.822449 9.9964E-05 9.9964E-05 0.0248523
0.109412 0.0223734 9.9955E-05 9.9955E-05 9.9955E-05 0.791391 9.9955E-05 0.076324 9.9955E-05
9.9964E-05 0.0603109 0.182727 9.9964E-05 9.9964E-05 0.567977 0.0557897 9.9964E-05 0.132796
0.0170944 0.0218889 0.262058 9.9973E-05 9.9973E-05 0.557596 0.0635683 9.9973E-05 0.0774945
0.0991359 0.0423548 0.28191 0.0537906 9.9982E-05 0.442651 0.0351354 9.9982E-05 0.0448226
9.9964E-05 9.9964E-05 0.222086 0.110027 9.9964E-05 0.49893 0.0231175 9.9964E-05 0.145439
0.0142718 0.0451816 0.113184 9.9973E-05 0.498343 9.9973E-05 0.0592444 9.9973E-05 0.269475
9.9973E-05 9.9973E-05 0.0390393 9.9973E-05 0.525753 0.0453259 0.116988 0.00155316 0.27104
9.9991E-05 0.0156746 0.1178 0.0373945 0.509384 0.0561553 0.116272 0.0103884 0.136831
9.9964E-05 0.0527306 0.286059 9.9964E-05 0.424681 9.9964E-05 0.000707117 9.9964E-05 0.235421
9.9964E-05 9.9964E-05 0.57158 0.0180677 0.195145 9.9964E-05 0.0879126 9.9964E-05 0.126895
9.9982E-05 0.00628046 0.0511536 0.112401 0.516899 0.0835023 9.9982E-05 0.0763587 0.153205
9.9982E-05 0.00882351 0.0685446 0.0202629 0.539699 9.9982E-05 0.0262513 0.0462197 0.289999
9.9955E-05 9.9955E-05 0.107809 9.9955E-05 0.529902 9.9955E-05 0.0266119 9.9955E-05 0.335177
9.9973E-05 9.9973E-05 0.0103355 0.108108 0.341251 9.9973E-05 0.0138095 0.0311842 0.495012
0.0422595 0.028335 0.0532243 0.0268064 0.642104 0.027723 0.0742478 9.9991E-05 0.1052
9.9973E-05 0.0162833 0.0933698 0.089514 0.372091 9.9973E-05 0.047715 9.9973E-05 0.380728
9.99461E-05 9.99461E-05 0.113204 9.99461E-05 9.99461E-05 9.99461E-05 0.214797 9.99461E-05 0.6714
0.0485407 9.9973E-05 0.164057 0.126358 0.513946 0.029811 9.9973E-05 9.9973E-05 0.116987
0.0706783 9.9973E-05 0.0122164 0.00247595 0.286193 9.9973E-05 0.158093 9.9973E-05 0.470043
0.0382451 0.0190867 0.0819316 9.9973E-05 0.509554 9.9973E-05 0.0565299 9.9973E-05 0.294353
9.9955E-05 9.9955E-05 0.150034 9.9955E-05 0.0623316 0.0659177 9.9955E-05 9.9955E-05 0.721217
9.9946E-05 9.9946E-05 0.642589 0.212278 9.9946E-05 0.144533 9.9946E-05 9.9946E-05 9.9946E-05
9.9946E-05 9.9946E-05 0.548628 0.331811 9.9946E-05 0.118961 9.9946E-05 9.9946E-05 9.9946E-05
9.9964E-05 0.0306638 0.674063 0.264285 9.9964E-05 0.015847 0.014741 9.9964E-05 9.9964E-05
9.9946E-05 9.9946E-05 0.654204 0.220474 9.9946E-05 0.124722 9.9946E-05 9.9946E-05 9.9946E-05
9.9973E-05 0.021481 0.677591 0.199742 9.9973E-05 0.00894488 0.0163215 0.0756206 9.9973E-05
9.9964E-05 9.9964E-05 0.679311 0.0838415 0.13048 0.0864914 0.0194766 9.9964E-05 9.9964E-05
0.0312417 0.0927196 9.9955E-05 9.9955E-05 0.106061 0.769478 9.9955E-05 9.9955E-05 9.9955E-05
9.9964E-05 0.0407051 0.0678667 9.9964E-05 0.0638122 0.793866 9.9964E-05 0.0333501 9.9964E-05
0.0200193 0.0946211 9.9982E-05 0.00335687 0.126795 0.680712 0.0234328 0.050863 9.9982E-05
0.0134205 0.0352951 0.0872964 9.9973E-05 0.0274135 0.716023 9.9973E-05 0.120252 9.9973E-05
0.0132339 9.9973E-05 0.00420419 0.0296817 0.0543408 0.798208 9.9973E-05 0.100031 9.9973E-05
0.0321563 0.0342925 0.512623 0.12257 9.9964E-05 0.297958 9.9964E-05 9.9964E-05 9.9964E-05
9.9973E-05 0.000837243 0.360879 0.0843662 9.9973E-05 0.467485 0.0746519 9.9973E-05 0.0114804
9.9973E-05 0.0173483 0.388524 9.9973E-05 9.9973E-05 0.450614 0.0773852 0.000486314 0.0653426
9.993E-05 0.999201 9.993E-05 9.993E-05 9.993E-05 9.993E-05 9.993E-05 9.993E-05 9.993E-05
9.9973E-05 0.0122937 0.485547 0.0566506 9.9973E-05 0.363648 0.0159749 9.9973E-05 0.065586
0.233219 9.9955E-05 9.9955E-05 9.9955E-05 0.362712 0.140035 9.9955E-05 0.263534 9.9955E-05
0.00977912 0.0272467 0.0650103 0.0430123 0.622077 0.11818 9.9991E-05 0.106474 0.00812149
9.9955E-05 0.0247248 9.9955E-05 9.9955E-05 0.541607 0.168876 9.9955E-05 0.264293 9.9955E-05
0.127994 0.00543654 9.9982E-05 0.0368886 0.338489 0.207233 9.9982E-05 0.195518 0.0882411
0.088207 0.0545806 0.0306024 0.0269833 0.484631 0.0920506 0.0220385 0.128079 0.072828
0.314921 9.9964E-05 9.9964E-05 0.065214 0.0369069 0.363247 9.9964E-05 0.219311 9.9964E-05
9.9973E-05 9.9973E-05 0.317169 0.0563741 0.420343 0.0234521 0.0183697 9.9973E-05 0.163991
0.136172 9.9964E-05 0.190833 9.9964E-05 0.366786 9.9964E-05 0.10953 9.9964E-05 0.196279
0.019539 0.0367916 0.462977 0.0703132 0.323674 0.0603042 9.9982E-05 9.9982E-05 0.0262014
0.0556504 9.9964E-05 0.141817 9.9964E-05 0.4518 9.9964E-05 0.225702 9.9964E-05 0.124631
0.247312 9.9955E-05 0.160774 9.9955E-05 9.9955E-05 9.9955E-05 0.429556 9.9955E-05 0.161859
0.0446776 0.0559614 0.170312 0.102001 0.539571 9.9982E-05 0.0462815 0.0409949 9.9982E-05
0.0099145 0.0133814 0.178821 0.10301 0.484747 0.0049584 0.203818 9.9991E-05 0.0012496
9.9982E-05 0.034248 0.385593 0.0654443 0.322894 0.0207458 0.0339992 9.9982E-05 0.136875
0.0329761 0.056885 0.162099 0.0292488 0.410284 0.119077 0.0917486 0.0669069 0.0307742
0.241628 9.9973E-05 0.232416 0.0444983 0.163382 9.9973E-05 0.130747 9.9973E-05 0.187029
0.0587614 9.9973E-05 0.162687 0.129792 0.4611 9.9973E-05 0.12769 9.9973E-05 0.0596702
0.0472237 0.0177781 0.20093 9.9973E-05 0.567325 9.9973E-05 0.0642585 9.9973E-05 0.102185
0.113302 0.0114774 0.0901133 0.0488187 0.327531 0.135943 9.9991E-05 0.148086 0.124629
0.0471301 9.9973E-05 0.297467 0.00347445 0.394788 9.9973E-05 0.215959 9.9973E-05 0.040882
0.038618 0.000127776 0.249618 0.00947799 0.431215 9.9991E-05 0.0947109 0.043738 0.132394
9.9973E-05 9.9973E-05 0.0918379 0.0807795 0.422435 9.9973E-05 0.107044 0.100112 0.197492
0.0790275 9.9982E-05 0.181629 0.049221 0.533231 0.00137982 0.102651 9.9982E-05 0.0526613
9.9982E-05 0.00842326 0.142243 9.9982E-05 0.585795 0.0534505 0.11647 0.0726028 0.0208154
9.9991E-05 0.0492133 0.0465507 0.0847805 0.543928 0.0527401 0.0864158 0.0183538 0.117917
9.9991E-05 0.00672233 0.168501 0.134471 0.518056 0.123788 0.0141638 0.0272675 0.00692986
9.9946E-05 9.9946E-05 9.9946E-05 9.9946E-05 0.148394 0.785075 9.9946E-05 0.0659309 9.9946E-05
9.9964E-05 9.9964E-05 9.9964E-05 9.9964E-05 0.0455815 0.853868 0.0498589 0.0221251 0.0281665
0.0238255 9.9982E-05 0.0598693 0.015667 0.0492526 0.766252 0.0252075 9.9982E-05 0.059726
9.9973E-05 0.0061378 9.9973E-05 9.9973E-05 0.0830404 0.813288 0.017045 0.0125932 0.067596
9.9964E-05 0.0620948 9.9964E-05 0.0117395 0.118361 0.807011 9.9964E-05 0.00039389 9.9964E-05
0.118841 9.9964E-05 0.582316 9.9964E-05 0.164644 9.9964E-05 9.9964E-05 0.0531351 0.0806639
9.9973E-05 0.033747 0.217129 9.9973E-05 0.590933 9.9973E-05 0.118657 0.0277724 0.0114612
0.131816 0.0216272 9.9991E-05 0.130874 0.395367 0.107502 0.0174753 0.155378 0.0398602
0.00050894 0.0509721 0.167214 0.00691183 0.58235 9.9991E-05 0.110798 0.0476407 0.0335048
0.00243704 9.9982E-05 0.26269 9.9982E-05 0.52049 0.0521523 0.0343903 0.0394248 0.0882155
0.105524 0.0105631 0.412492 0.0255109 0.222559 9.9982E-05 0.15659 0.066561 9.9982E-05
0.165982 0.0696637 0.57203 9.9973E-05 9.9973E-05 0.021953 0.0118756 9.9973E-05 0.158197
9.9982E-05 0.0140378 0.256292 0.108792 0.478609 0.0110985 0.0788962 0.052075 9.9982E-05
0.0188397 0.0150587 0.477743 9.9991E-05 0.151597 0.0726567 0.145761 0.0667135 0.0515303
0.0468258 9.9991E-05 0.209142 0.046957 0.37819 0.0638673 0.101658 0.0319444 0.121316
0.116045 9.9973E-05 0.481521 9.9973E-05 0.145443 0.126954 0.0441472 9.9973E-05 0.0855889
0.0970979 0.0334841 0.182284 9.9982E-05 0.544088 0.0322391 9.9982E-05 0.0568882 0.0537188
9.9964E-05 0.0425174 0.534695 9.9964E-05 0.251486 0.0671949 0.103707 9.9964E-05 9.9964E-05
0.0278544 0.0383153 0.290717 0.147106 0.252168 9.9991E-05 0.11757 0.106914 0.0192557
0.0332482 0.0230677 0.0263632 0.251005 0.450722 0.0602161 0.0579992 0.0557053 0.0416735
9.9964E-05 9.9964E-05 0.0460082 0.620294 0.162182 9.9964E-05 0.144083 0.0270327 9.9964E-05
9.9964E-05 9.9964E-05 9.9964E-05 0.368262 0.536639 0.0412329 0.0265456 9.9964E-05 0.0269202
0.10369 0.0286355 0.0635798 0.200121 0.550815 0.00377936 0.0161293 9.9991E-05 0.0331499
0.000143798 9.9964E-05 0.0792777 0.563248 0.226184 9.9964E-05 0.130746 9.9964E-05 9.9964E-05
9.9991E-05 0.0179245 0.108419 0.224468 0.365618 0.114832 0.0609797 0.0457952 0.0618641
0.0671012 0.0242774 0.016236 0.202352 0.474823 9.9982E-05 0.145031 9.9982E-05 0.069979
0.0530815 9.9964E-05 0.0366696 0.627804 9.9964E-05 9.9964E-05 0.165454 9.9964E-05 0.116591
0.10978 9.9964E-05 9.9964E-05 0.590562 0.133354 9.9964E-05 0.0747878 9.9964E-05 0.0911164
0.0679795 0.0183333 9.9973E-05 0.369488 0.433098 9.9973E-05 0.106859 9.9973E-05 0.0039425
0.00496787 9.9973E-05 0.0630784 0.533009 0.00589159 9.9973E-05 0.160977 9.9973E-05 0.231776
0.0264053 9.9964E-05 0.0617115 0.444545 0.397557 9.9964E-05 9.9964E-05 9.9964E-05 0.0693812
0.126204 9.9955E-05 0.566694 9.9955E-05 0.143655 9.9955E-05 9.9955E-05 9.9955E-05 0.162946
0.0707793 9.9964E-05 0.336405 9.9964E-05 0.290768 9.9964E-05 0.282401 9.9964E-05 0.0192465
0.011906 0.00704253 0.395407 9.9982E-05 0.389947 0.0674431 0.058318 9.9982E-05 0.0697366
0.0537128 0.0353375 0.222805 0.0285733 0.618584 9.9982E-05 9.9982E-05 0.0162971 0.0244904
9.9973E-05 0.0220272 0.440636 0.077317 0.263347 9.9973E-05 0.0341082 9.9973E-05 0.162265
0.0210599 0.00695869 0.108238 0.0522154 0.531049 0.118546 0.0955994 0.0297246 0.0366091
0.00930653 0.0527623 0.201074 0.0895393 0.444923 9.9982E-05 9.9982E-05 0.126171 0.0760241
0.0968844 0.00421801 0.278892 9.9973E-05 0.485237 9.9973E-05 9.9973E-05 0.0640438 0.0704245
0.0332495 0.0202163 0.28463 9.9973E-05 0.493142 9.9973E-05 0.0817299 0.0867314 9.9973E-05
9.9982E-05 0.0279084 0.304482 0.00714016 0.423381 0.0260553 0.0108671 9.9982E-05 0.199967
9.9955E-05 9.9955E-05 0.48124 9.9955E-05 0.200766 9.9955E-05 9.9955E-05 0.119973 0.197521
9.9964E-05 9.9964E-05 0.438567 9.9964E-05 0.341731 9.9964E-05 0.0155719 0.111382 0.0923479
9.9973E-05 9.9973E-05 0.213788 0.113088 0.532234 9.9973E-05 0.0388154 0.0154222 0.0863526
0.0320475 9.9973E-05 0.0606087 0.0921918 0.643605 0.0692936 0.101953 9.9973E-05 9.9973E-05
0.0926335 9.9973E-05 0.209875 9.9973E-05 0.441371 0.024759 0.134949 9.9973E-05 0.0961125
9.99551E-05 9.99551E-05 0.276317 9.99551E-05 0.481787 9.99551E-05 0.141923 0.0994736 9.99551E-05
0.136948 0.00285666 0.376574 0.0507701 0.412118 0.0204328 9.9973E-05 9.9973E-05 9.9973E-05
9.9964E-05 9.9964E-05 0.23619 9.9964E-05 0.659153 0.00819623 0.0571596 9.9964E-05 0.0389014
0.0133631 9.9973E-05 0.247897 9.9973E-05 0.544298 0.0538715 9.9973E-05 0.00648014 0.133791
0.0958086 0.0570858 0.157946 9.9991E-05 0.457088 0.0893943 0.0523704 0.056122 0.0340851
0.0718595 0.0621513 0.00254619 0.03593 0.380207 0.262003 9.9991E-05 0.0958865 0.0893169
0.166283 0.0186073 9.9982E-05 9.9982E-05 0.406972 0.0669781 0.0138231 0.19848 0.128656
0.143937 9.9973E-05 0.0584247 0.0259275 0.594381 0.136157 9.9973E-05 0.0408729 9.9973E-05
0.127938 0.0952488 0.0644432 9.9973E-05 0.596943 9.9973E-05 9.9973E-05 0.031371 0.0837561
0.0589863 0.0235401 9.9973E-05 9.9973E-05 0.585242 0.203731 9.9973E-05 0.0889105 0.0392895
9.9964E-05 9.9964E-05 0.176699 0.193007 0.383023 9.9964E-05 0.205704 0.0411673 9.9964E-05
0.119658 0.0248379 0.0194155 9.9982E-05 0.679017 0.14033 0.00331402 0.0132273 9.9982E-05
0.534795 9.9982E-05 0.0212284 0.0124867 0.115626 0.101466 9.9982E-05 0.0196743 0.194524
0.123596 9.9973E-05 0.106082 9.9973E-05 0.520125 0.127085 0.0107675 0.112045 9.9973E-05
0.0588819 0.0345567 0.0670438 9.9991E-05 0.507651 0.0874063 0.0722556 0.141884 0.0302206
0.108202 9.9991E-05 0.0669668 0.00480131 0.470127 0.0120884 0.0150557 0.254769 0.0678895
0.313384 0.0400157 0.120043 0.0207372 0.400037 0.00229896 0.0111779 0.0542919 0.0380145
0.0429605 9.9964E-05 0.00849942 9.9964E-05 0.672625 0.256788 9.9964E-05 0.0187269 9.9964E-05
0.143178 0.084345 9.9973E-05 9.9973E-05 0.634775 0.016665 0.0210654 0.0996721 9.9973E-05
0.562942 0.0687215 9.9973E-05 9.9973E-05 9.9973E-05 0.244276 0.0166908 0.0854974 0.0215723
0.095465 0.0636186 0.0244009 9.9982E-05 0.502328 0.0740439 9.9982E-05 0.141621 0.0983226
0.191319 0.0117766 0.00954703 0.0310839 0.531498 0.0637449 9.9982E-05 0.16083 9.9982E-05
0.161674 0.0211602 9.9982E-05 9.9982E-05 0.580479 0.0807248 0.047638 0.040144 0.0679806
0.124812 0.00619 9.9964E-05 9.9964E-05 0.647829 0.178678 9.9964E-05 0.042091 9.9964E-05
9.9991E-05 0.0269429 0.0117472 0.0674548 0.567835 0.11818 0.116144 0.0571779 0.0344176
9.9982E-05 0.0415625 0.0482575 0.0135591 0.373121 9.9982E-05 0.379104 0.0411401 0.103055
0.0145809 0.113941 9.9991E-05 0.192616 0.416454 0.0456195 0.092126 0.112736 0.0118267
9.9946E-05 9.9946E-05 0.0823331 9.9946E-05 9.9946E-05 9.9946E-05 0.88269 9.9946E-05 0.0343773
9.99459E-05 9.99459E-05 0.0870076 9.99459E-05 9.99459E-05 9.99459E-05 0.900156 9.99459E-05 0.0122363
9.9982E-05 0.00355819 0.000929054 0.0396608 0.365047 9.9982E-05 0.286876 0.173343 0.130386
0.163509 9.9982E-05 0.00464341 0.00333637 0.446494 0.0799722 0.0715817 0.230263 9.9982E-05
0.133819 9.9964E-05 9.9964E-05 9.9964E-05 0.297915 0.0729131 0.216516 0.278437 9.9964E-05
0.231227 0.0108833 9.9991E-05 0.0207941 0.140586 0.118064 0.136238 0.27656 0.0655479
0.16523 0.0370504 9.9973E-05 9.9973E-05 0.324845 0.114525 0.137326 0.220725 9.9973E-05
0.239635 9.9964E-05 9.9964E-05 9.9964E-05 0.0935748 0.0176265 0.61499 0.0337736 9.9964E-05
0.263628 0.0539911 9.9973E-05 9.9973E-05 0.0950625 0.00870265 0.536509 0.0418073 9.9973E-05
9.9964E-05 0.0253169 9.9964E-05 9.9964E-05 0.429553 9.9964E-05 0.344881 0.15249 0.0473598
9.9955E-05 9.9955E-05 9.9955E-05 9.9955E-05 0.365025 0.0614464 0.497628 0.0754 9.9955E-05
0.0554615 0.0473541 9.9973E-05 9.9973E-05 0.200755 0.0553816 0.602493 0.0382548 9.9973E-05
9.9982E-05 0.00498829 0.0288943 9.9982E-05 0.462403 0.0325279 0.351941 0.0958135 0.0232324
9.9964E-05 9.9964E-05 0.000915266 9.9964E-05 0.469349 0.0769913 0.334308 0.118037 9.9964E-05
0.0228316 9.9982E-05 0.0873742 9.9982E-05 0.43211 0.127509 0.163606 0.0911083 0.075261
9.9973E-05 0.00459277 0.0501702 0.0705298 0.272674 9.9973E-05 0.577302 9.9973E-05 0.0244308
9.9982E-05 0.0755832 0.0991136 0.0378268 0.26735 9.9982E-05 0.470704 0.0133211 0.0359015
9.9964E-05 9.9964E-05 0.0523858 9.9964E-05 0.516917 0.025589 0.321057 9.9964E-05 0.0836512
0.0340903 0.0287603 0.0605144 0.0129822 0.400064 0.0915664 0.284379 9.9991E-05 0.0875427
0.124044 9.9982E-05 0.118112 0.0930673 0.472096 0.0841454 0.101342 9.9982E-05 0.00699327
0.0798088 0.00304898 0.0360681 0.145175 0.366953 9.9973E-05 0.368646 9.9973E-05 9.9973E-05
9.9955E-05 9.9955E-05 0.0371423 0.0737029 0.176009 9.9955E-05 0.712646 9.9955E-05 9.9955E-05
0.0147411 9.9964E-05 9.9964E-05 9.9964E-05 0.553679 0.0632067 0.318521 9.9964E-05 0.0494519
9.99549E-05 9.99549E-05 0.0384069 9.99549E-05 0.153079 9.99549E-05 0.779499 9.99549E-05 0.0285151
9.9973E-05 0.0407776 0.0211715 0.0632621 0.347618 9.9973E-05 0.489222 9.9973E-05 0.0376492
9.9982E-05 0.0494561 9.9982E-05 0.023493 0.499151 0.0341141 0.269683 0.0612197 0.0626828
9.9964E-05 0.0186973 9.9964E-05 0.0413149 0.427377 0.0437657 0.468445 9.9964E-05 9.9964E-05
0.00202228 0.012859 9.9982E-05 0.119186 0.497432 0.170636 9.9982E-05 0.166353 0.0313111
9.9991E-05 0.0165797 0.0239551 0.0657273 0.367313 0.130108 0.230918 0.163657 0.00164109
0.0637578 0.0511541 0.0909863 0.0677471 0.316371 0.0434439 0.0998357 0.266604 9.9991E-05
9.9982E-05 0.122346 0.126907 0.0629095 0.241859 0.0992452 0.138468 0.208066 9.9982E-05
0.049135 0.00907079 0.00598658 0.0521354 0.505091 0.19759 9.9991E-05 0.143473 0.037419
9.9973E-05 0.0287865 9.9973E-05 0.062325 0.441213 0.127426 0.196105 0.143844 9.9973E-05
0.146399 9.9955E-05 9.9955E-05 9.9955E-05 9.9955E-05 0.156272 0.59055 0.106279 9.9955E-05
0.0270561 9.9973E-05 9.9973E-05 0.0257556 0.634963 0.0643751 0.111746 0.135803 9.9973E-05
0.25657 0.00470609 9.9964E-05 9.9964E-05 9.9964E-05 0.319136 0.383252 0.0359365 9.9964E-05
9.9955E-05 9.9955E-05 9.9955E-05 9.9955E-05 0.470204 0.0410231 0.311728 0.176545 9.9955E-05
0.010134 9.9955E-05 9.9955E-05 9.9955E-05 0.0279473 9.9955E-05 0.846225 9.9955E-05 0.115194
9.9955E-05 0.0211574 9.9955E-05 9.9955E-05 9.9955E-05 0.00424621 0.867577 9.9955E-05 0.106519
9.9955E-05 9.9955E-05 0.0442283 9.9955E-05 0.420473 9.9955E-05 0.484228 9.9955E-05 0.0505708
9.9964E-05 0.0441317 9.9964E-05 9.9964E-05 0.574718 0.00233645 0.362503 0.0159107 9.9964E-05
9.9955E-05 9.9955E-05 9.9955E-05 0.010548 0.380303 9.9955E-05 0.584221 9.9955E-05 0.0244282
9.9964E-05 0.0172414 9.9964E-05 9.9964E-05 0.510248 0.00876099 0.426069 9.9964E-05 0.0372805
9.9955E-05 0.00720886 9.9955E-05 9.9955E-05 0.507769 9.9955E-05 0.448764 0.0357583 9.9955E-05
9.9964E-05 0.104439 9.9964E-05 9.9964E-05 0.0443175 0.705262 0.0931526 0.0524298 9.9964E-05
0.0658029 0.0371235 0.105227 0.0299117 9.9982E-05 0.646799 0.00305904 0.111877 9.9982E-05
9.9955E-05 0.0489829 0.0443962 9.9955E-05 9.9955E-05 0.822124 9.9955E-05 0.0839969 9.9955E-05
0.0143894 0.159453 9.9964E-05 9.9964E-05 0.0446376 0.768642 0.0124778 9.9964E-05 9.9964E-05
9.9973E-05 0.0446242 0.0893681 9.9973E-05 0.478083 0.0277813 0.0676861 9.9973E-05 0.292158
0.0502063 9.9973E-05 9.9973E-05 9.9973E-05 0.470823 0.0694551 0.0283784 0.0193582 0.36148
9.9973E-05 0.0353805 0.00451153 0.0331295 0.417145 9.9973E-05 0.020643 9.9973E-05 0.48889
9.9973E-05 0.0142116 0.0293596 0.0234646 0.522415 0.112693 9.9973E-05 9.9973E-05 0.297556
9.9982E-05 9.9982E-05 0.0494923 0.190305 0.444571 0.0844967 0.0280204 0.0581995 0.144715
9.9982E-05 9.9982E-05 0.0804111 0.0992836 0.205033 0.0460788 0.0173573 0.00176127 0.549875
9.9964E-05 0.0318398 0.0465224 9.9964E-05 0.582282 9.9964E-05 9.9964E-05 0.0467432 0.292213
0.0216558 0.0427853 9.9973E-05 0.0987792 0.284792 9.9973E-05 0.104491 9.9973E-05 0.447196
0.00759822 0.0316522 9.9982E-05 0.100036 0.490938 0.233934 9.9982E-05 0.116582 0.0190585
0.131432 9.9964E-05 0.0636718 9.9964E-05 0.417992 9.9964E-05 0.104047 9.9964E-05 0.282457
9.9955E-05 0.0312613 0.107065 9.9955E-05 0.350202 9.9955E-05 9.9955E-05 9.9955E-05 0.510973
9.9955E-05 9.9955E-05 9.9955E-05 9.9955E-05 0.518358 0.0098602 0.108522 9.9955E-05 0.36276
9.9973E-05 0.0461125 0.0310249 9.9973E-05 0.366096 0.0105618 0.0882498 9.9973E-05 0.457655
9.9973E-05 9.9973E-05 9.9973E-05 0.0135127 0.543705 0.0277549 0.0381794 0.0284832 0.348065
9.9964E-05 0.0258224 9.9964E-05 9.9964E-05 0.505491 0.0606086 0.00464888 9.9964E-05 0.403029
9.9955E-05 0.0180191 9.9955E-05 9.9955E-05 0.0362871 9.9955E-05 0.0808485 9.9955E-05 0.864346
0.0602759 0.0101751 0.0495373 0.0568152 0.182552 9.9991E-05 0.0256924 0.0293019 0.585551
0.0497318 0.0147676 0.0767473 9.9964E-05 0.316702 9.9964E-05 9.9964E-05 9.9964E-05 0.541652
0.108831 9.9946E-05 9.9946E-05 9.9946E-05 9.9946E-05 9.9946E-05 0.0686997 9.9946E-05 0.82187
0.0286166 9.9991E-05 0.129754 0.00692935 0.390184 0.0394749 0.0274341 0.0113269 0.36618
0.0951734 9.9964E-05 9.9964E-05 0.156164 0.0501555 9.9964E-05 0.058467 9.9964E-05 0.639641
0.210078 9.9946E-05 9.9946E-05 9.9946E-05 9.9946E-05 9.9946E-05 0.0933028 9.9946E-05 0.696019
0.0604171 0.0017214 9.9982E-05 9.9982E-05 0.512115 0.00540543 0.0633967 0.00821707 0.348527
9.9991E-05 0.025101 0.110812 0.00935261 0.112984 0.0264878 0.0153364 0.0207005 0.679126
9.9964E-05 9.9964E-05 0.100967 0.1172 0.287873 9.9964E-05 9.9964E-05 0.0627146 0.430846
0.0234899 9.9991E-05 0.028511 0.0105732 0.53597 0.0524098 0.0961638 0.0375821 0.2152
9.9955E-05 9.9955E-05 0.10213 9.9955E-05 0.514511 0.0137211 9.9955E-05 9.9955E-05 0.369138
0.169611 9.9964E-05 0.278438 9.9964E-05 0.400346 9.9964E-05 0.0808521 9.9964E-05 0.0703536
9.9964E-05 9.9964E-05 0.0352245 0.0976998 0.475519 0.0123252 9.9964E-05 9.9964E-05 0.378832
0.0157007 0.0288239 0.129219 0.00967545 0.426742 9.9982E-05 9.9982E-05 0.0668507 0.322788
9.9964E-05 0.0111538 0.0244036 9.9964E-05 0.294904 9.9964E-05 0.0143067 9.9964E-05 0.654832
9.9991E-05 0.0399356 0.13429 0.113674 0.463775 0.0184475 0.0292938 0.0406205 0.159863
0.0229393 0.0561273 0.221144 0.112663 9.9982E-05 0.578764 0.00334866 0.00481359 9.9982E-05
0.0368765 0.0930232 0.0450313 0.0256642 0.0129547 0.64276 9.9991E-05 0.0136975 0.129892
0.0959049 0.158316 0.091454 9.9964E-05 9.9964E-05 0.627566 9.9964E-05 9.9964E-05 0.0263592
0.0287688 0.130627 0.153717 9.9955E-05 9.9955E-05 0.686387 9.9955E-05 9.9955E-05 9.9955E-05
9.9955E-05 0.0435702 0.130508 0.175013 9.9955E-05 0.650409 9.9955E-05 9.9955E-05 9.9955E-05
9.9964E-05 9.9964E-05 0.0671788 9.9964E-05 0.133723 0.0948593 9.9964E-05 0.00276408 0.701075
9.9973E-05 0.0343872 0.0782388 0.108191 0.0926312 0.0454179 9.9973E-05 9.9973E-05 0.640834
