0.85332 0.0527162 9.9955E-05 0.046137 0.0236103 0.0237167 9.9955E-05 9.9955E-05 9.9955E-05 9.9955E-05
0.908764 0.00221605 9.9964E-05 9.9964E-05 9.9964E-05 0.0021314 0.0498722 9.9964E-05 0.00198291 0.0346338
0.777596 0.0275817 9.9964E-05 0.0323211 0.0406881 0.00674983 9.9964E-05 0.114663 9.9964E-05 9.9964E-05
0.770756 0.0613419 9.9964E-05 0.0300928 0.00471911 0.0315792 9.9964E-05 0.101111 9.9964E-05 9.9964E-05
0.81044 0.0836104 9.9955E-05 9.9955E-05 9.9955E-05 0.0302732 0.0433215 0.0318549 9.9955E-05 9.9955E-05
0.574582 0.0821634 0.342555 9.9937E-05 9.9937E-05 9.9937E-05 9.9937E-05 9.9937E-05 9.9937E-05 9.9937E-05
0.734919 9.9937E-05 0.234268 9.9937E-05 9.9937E-05 9.9937E-05 9.9937E-05 9.9937E-05 9.9937E-05 0.0301135
0.711397 9.9946E-05 0.242655 0.0267766 9.9946E-05 0.0185715 9.9946E-05 9.9946E-05 9.9946E-05 9.9946E-05
0.738406 9.99639E-05 9.99639E-05 0.0262235 0.131652 0.0520077 9.99639E-05 9.99639E-05 0.0509339 0.000377814
0.629203 0.113567 0.23168 0.0100155 9.9955E-05 9.9955E-05 0.0150342 9.9955E-05 9.9955E-05 9.9955E-05
0.728905 9.9955E-05 0.21047 0.00299907 9.9955E-05 0.0490187 9.9955E-05 9.9955E-05 9.9955E-05 0.00810737
9.9964E-05 0.0850091 0.0118185 9.9964E-05 9.9964E-05 0.0207276 9.9964E-05 0.0933334 0.0620858 0.726626
9.9955E-05 0.0489808 9.9955E-05 0.0193645 9.9955E-05 0.106451 9.9955E-05 0.428813 9.9955E-05 0.395892
9.9955E-05 0.0702879 9.9955E-05 9.9955E-05 0.0431469 9.9955E-05 0.0186208 0.0745017 9.9955E-05 0.792943
9.9937E-05 0.190495 9.9937E-05 9.9937E-05 9.9937E-05 9.9937E-05 9.9937E-05 0.0204901 9.9937E-05 0.788316
0.0505416 0.156115 0.0730108 9.9973E-05 9.9973E-05 9.9973E-05 0.0339136 0.201661 0.0543431 0.430115
0.0188328 0.0751744 0.00563896 0.090399 9.9973E-05 9.9973E-05 0.0391159 0.461226 9.9973E-05 0.309313
0.012365 0.0874375 0.0776051 9.9973E-05 9.9973E-05 9.9973E-05 0.00296172 0.250866 0.124869 0.443595
0.0676647 0.0902195 9.9955E-05 9.9955E-05 0.0542506 9.9955E-05 9.9955E-05 0.182774 9.9955E-05 0.604591
0.0287514 9.9946E-05 0.117534 9.9946E-05 9.9946E-05 0.112094 9.9946E-05 9.9946E-05 9.9946E-05 0.74102
0.0347588 0.0843706 9.9982E-05 0.0694091 0.00816346 9.9982E-05 0.0548655 0.279689 0.060772 0.407771
9.9973E-05 9.9973E-05 0.1482 0.0211038 0.131821 0.0206298 9.9973E-05 0.403079 0.0707655 0.204101
0.0402236 9.9964E-05 0.0925405 0.0134134 9.9964E-05 9.9964E-05 9.9964E-05 0.485857 0.0862433 0.281322
9.9955E-05 0.137491 0.0472238 9.9955E-05 9.9955E-05 9.9955E-05 9.9955E-05 0.0553384 0.0265206 0.732926
0.0501576 0.054538 0.0687968 9.9964E-05 9.9964E-05 0.00590414 9.9964E-05 0.56856 9.9964E-05 0.251644
0.0305822 9.9964E-05 0.0281987 9.9964E-05 0.0697103 0.0115486 9.9964E-05 0.544795 9.9964E-05 0.314766
0.0424821 0.116159 0.0452261 9.9964E-05 9.9964E-05 0.00603033 9.9964E-05 9.9964E-05 0.0273702 0.762333
9.9946E-05 0.214212 0.0321108 9.9946E-05 9.9946E-05 9.9946E-05 9.9946E-05 0.0183043 9.9946E-05 0.734773
0.0142441 0.0171907 0.103998 0.0198266 0.0156319 0.00628281 0.00560234 0.0649187 9.9991E-05 0.752205
0.816624 0.0541399 9.9937E-05 9.9937E-05 9.9937E-05 9.9937E-05 9.9937E-05 0.128536 9.9937E-05 9.9937E-05
0.805578 9.9937E-05 9.9937E-05 9.9937E-05 9.9937E-05 9.9937E-05 9.9937E-05 0.163421 9.9937E-05 0.0303005
0.76043 0.0735193 9.9955E-05 9.9955E-05 9.9955E-05 0.0368345 9.9955E-05 0.107066 0.0216502 9.9955E-05
0.706637 0.100866 9.9955E-05 9.9955E-05 0.0380837 9.9955E-05 9.9955E-05 0.0960447 0.0578681 9.9955E-05
0.0148722 9.9973E-05 0.125505 0.0303573 9.9973E-05 0.0321928 9.9973E-05 0.473999 0.1901 0.132674
9.9964E-05 0.156802 9.9964E-05 0.00883112 9.9964E-05 0.029866 9.9964E-05 0.346737 0.330547 0.126817
9.9946E-05 9.9946E-05 9.9946E-05 0.0340041 9.9946E-05 0.035065 9.9946E-05 0.547421 0.38291 9.9946E-05
0.0742963 9.9973E-05 9.9973E-05 0.0215632 0.00806199 0.214523 9.9973E-05 0.0872604 0.0113638 0.582631
0.0362355 0.0111881 9.9964E-05 9.9964E-05 0.0215167 0.00307173 9.9964E-05 0.309287 0.618301 9.9964E-05
0.0321246 0.0979097 9.9973E-05 9.9973E-05 9.9973E-05 0.00535685 0.0696509 0.411291 0.125916 0.257452
0.0257733 0.0238549 0.0637983 0.0348805 9.9964E-05 9.9964E-05 9.9964E-05 0.658663 0.19263 9.9964E-05
0.058197 0.00991855 0.256807 0.0840138 9.9973E-05 9.9973E-05 9.9973E-05 0.493787 0.0775784 0.0193979
0.088914 9.9982E-05 0.0614902 0.0557582 9.9982E-05 0.0291767 0.0604878 0.50873 0.0875387 0.107705
0.0372165 9.9964E-05 9.9964E-05 0.036934 0.0248083 9.9964E-05 9.9964E-05 0.133378 0.524417 0.242846
0.0534278 0.0371976 0.248333 9.9982E-05 0.00969101 0.0274131 9.9982E-05 0.524895 0.0453488 0.0534941
0.0512389 0.0926962 9.9964E-05 0.0218378 9.9964E-05 9.9964E-05 0.118739 0.434412 0.280676 9.9964E-05
0.0893447 0.0653455 0.0944987 0.0221855 0.00110092 0.0802103 9.9991E-05 0.540806 0.042205 0.0642032
0.0054772 9.9955E-05 9.9955E-05 9.9955E-05 0.0107593 9.9955E-05 0.0561353 0.325932 0.601196 9.9955E-05
0.0307406 9.9955E-05 9.9955E-05 9.9955E-05 0.0130026 9.9955E-05 9.9955E-05 0.623138 0.224855 0.107764
0.0966679 9.9982E-05 0.0510253 0.013824 0.0309951 0.0499905 0.0215106 0.563084 0.172703 9.9982E-05
0.0255526 9.9955E-05 0.000761093 9.9955E-05 0.218742 0.0239678 9.9955E-05 9.9955E-05 0.730477 9.9955E-05
9.9982E-05 9.9982E-05 0.0872014 0.0224482 0.00215474 0.139849 0.0698969 0.111578 0.171713 0.394959
9.9964E-05 0.00486665 0.18018 9.9964E-05 0.122627 9.9964E-05 0.140914 9.9964E-05 0.164517 0.386497
0.0338463 9.9982E-05 9.9982E-05 0.0179042 0.116861 0.0568565 0.0542402 0.497443 0.0257104 0.196938
0.0286026 0.102131 0.126579 9.9973E-05 9.9973E-05 0.046207 9.9973E-05 0.491774 0.0578215 0.146585
0.00194008 0.105646 0.098423 0.0817541 0.0199057 9.9991E-05 0.0581488 0.472142 0.0391211 0.122819
0.015935 9.9982E-05 9.9982E-05 0.0793393 0.131847 0.112389 0.0909531 0.145369 0.161632 0.262335
9.9955E-05 9.9955E-05 9.9955E-05 0.0923231 0.00045639 0.131572 9.9955E-05 0.535586 9.9955E-05 0.239562
9.9955E-05 0.142056 0.206249 9.9955E-05 0.0755443 9.9955E-05 9.9955E-05 0.432927 9.9955E-05 0.142723
0.129487 9.9982E-05 0.0698506 0.0114751 9.9982E-05 0.0575448 0.0773417 0.315385 0.130155 0.208561
0.170651 0.0259038 0.0431191 0.0772747 0.0997861 9.9973E-05 9.9973E-05 9.9973E-05 0.088432 0.494533
0.0312704 9.9982E-05 0.0949045 0.062942 0.0672785 0.0583302 9.9982E-05 0.528482 0.091853 0.0647392
0.0114 9.9973E-05 9.9973E-05 0.089038 0.142519 0.01341 0.0568274 0.378745 9.9973E-05 0.30776
0.0372001 9.9964E-05 0.0522694 0.112194 0.0845467 9.9964E-05 9.9964E-05 9.9964E-05 0.0530918 0.660299
9.9955E-05 9.9955E-05 9.9955E-05 9.9955E-05 0.110918 9.9955E-05 0.0199715 0.471746 0.00799409 0.388871
9.9982E-05 0.0314531 0.0253739 0.00299327 0.107667 9.9982E-05 0.12802 0.571496 0.0274324 0.105364
0.11458 9.9964E-05 9.9964E-05 9.9964E-05 0.0844989 0.0579723 9.9964E-05 0.539493 0.0150168 0.188038
0.0555404 0.0357864 0.0040086 0.0239887 0.0676161 9.9991E-05 0.0521027 0.221333 0.0972098 0.442314
0.0285661 0.0164764 9.9982E-05 0.0209099 0.0534674 0.0374925 0.0129733 0.454515 9.9982E-05 0.375399
0.0613106 9.9973E-05 9.9973E-05 0.0602381 0.0642576 0.0555813 0.0731218 0.608967 9.9973E-05 0.0762235
0.00559309 9.9991E-05 0.0433471 0.0438365 0.0371474 0.0208031 0.046167 0.108422 0.0827495 0.611834
9.9955E-05 9.9955E-05 9.9955E-05 0.00142268 9.9955E-05 0.0656845 9.9955E-05 0.454717 0.385003 0.0926726
0.0226658 0.0159633 9.9955E-05 9.9955E-05 9.9955E-05 9.9955E-05 9.9955E-05 0.103718 0.685423 0.171729
0.0396996 0.0606841 9.9973E-05 0.0250797 9.9973E-05 0.110495 0.0842999 0.493941 0.185501 9.9973E-05
0.0141275 9.9937E-05 9.9937E-05 9.9937E-05 0.0735855 9.9937E-05 9.9937E-05 9.9937E-05 0.911587 9.9937E-05
9.9973E-05 9.9973E-05 0.0397688 0.0169334 0.0474496 0.00147142 0.0183486 9.9973E-05 0.814977 0.0607512
9.9946E-05 9.9946E-05 9.9946E-05 0.0180642 0.0189361 9.9946E-05 9.9946E-05 0.251297 0.711103 9.9946E-05
9.9946E-05 0.0149693 9.9946E-05 0.0658141 9.9946E-05 9.9946E-05 9.9946E-05 0.458248 0.460369 9.9946E-05
0.121769 9.9973E-05 9.9973E-05 9.9973E-05 0.00198223 0.0331513 0.0893912 0.548323 0.131798 0.0732857
9.9955E-05 0.04519 9.9955E-05 9.9955E-05 0.11239 0.00633818 9.9955E-05 0.401835 0.433747 9.9955E-05
0.0537837 0.034116 9.9973E-05 0.00342576 9.9973E-05 0.04374 9.9973E-05 0.121659 0.600213 0.142762
0.0189424 0.00797799 9.9964E-05 0.108652 9.9964E-05 0.0933473 9.9964E-05 0.21629 0.55439 9.9964E-05
0.0140036 0.000955582 0.0282908 9.9982E-05 0.11681 0.0385958 0.0726484 0.528683 0.199814 9.9982E-05
9.9955E-05 0.0506524 0.0314537 9.9955E-05 9.9955E-05 9.9955E-05 9.9955E-05 0.210341 0.610829 0.0962243
0.0363492 9.9973E-05 0.0140888 0.0253548 9.9973E-05 0.00732841 9.9973E-05 0.435473 0.410014 0.0710917
9.9937E-05 9.9937E-05 0.0698086 9.9937E-05 9.9937E-05 9.9937E-05 9.9937E-05 0.342432 0.58706 9.9937E-05
0.000471212 9.9973E-05 0.0701826 0.00214467 0.0948843 0.0158581 0.0823839 9.9973E-05 0.733775 9.9973E-05
9.9955E-05 9.9955E-05 0.0291109 0.0195342 0.0700527 9.9955E-05 9.9955E-05 0.584314 0.296488 9.9955E-05
0.750155 9.9955E-05 9.9955E-05 0.00744929 0.0692145 9.9955E-05 9.9955E-05 0.0976847 9.9955E-05 0.0749971
0.870675 9.9946E-05 9.9946E-05 9.9946E-05 0.0187203 9.9946E-05 0.00791142 0.102093 9.9946E-05 9.9946E-05
0.81524 9.9937E-05 9.9937E-05 9.9937E-05 0.0425437 9.9937E-05 9.9937E-05 0.141517 9.9937E-05 9.9937E-05
0.805804 9.99406E-05 9.99406E-05 9.99406E-05 0.138772 9.99406E-05 9.99406E-05 0.054724 9.99406E-05 9.99406E-05
0.788107 9.9937E-05 9.9937E-05 9.9937E-05 0.0851378 9.9937E-05 9.9937E-05 0.126056 9.9937E-05 9.9937E-05
0.795108 0.00378866 9.9955E-05 0.0232001 0.0883979 9.9955E-05 9.9955E-05 0.0890056 9.9955E-05 9.9955E-05
0.906563 9.99371E-05 9.99371E-05 9.99371E-05 0.0187731 9.99371E-05 9.99371E-05 0.0739647 9.99371E-05 9.99371E-05
0.0679542 0.0186415 9.9973E-05 9.9973E-05 0.00479826 0.00812014 9.9973E-05 0.536743 0.270561 0.0928822
0.125235 0.0386372 9.9973E-05 0.0209999 9.9973E-05 0.0258535 9.9973E-05 0.46056 0.165758 0.162656
0.0705915 9.9955E-05 9.9955E-05 9.9955E-05 9.9955E-05 0.00147466 0.030514 9.9955E-05 0.727508 0.169412
0.143487 0.0398209 9.9964E-05 0.0734983 9.9964E-05 9.9964E-05 9.9964E-05 0.513968 0.2099 0.0189254
0.0550223 9.9964E-05 0.038353 9.9964E-05 9.9964E-05 0.0105116 9.9964E-05 0.369198 0.357436 0.16908
0.0455674 9.9973E-05 0.0221571 0.0304786 9.9973E-05 0.00957672 0.0583519 0.663021 0.170547 9.9973E-05
0.044739 9.9955E-05 0.0287373 9.9955E-05 9.9955E-05 9.9955E-05 0.142275 0.555655 0.228094 9.9955E-05
0.00967328 0.0612677 9.9955E-05 9.9955E-05 9.9955E-05 9.9955E-05 0.0344233 0.489314 0.404822 9.9955E-05
0.101409 9.9946E-05 9.9946E-05 9.9946E-05 9.9946E-05 9.9946E-05 0.0297439 9.9946E-05 0.604687 0.263561
0.101273 0.115229 9.9982E-05 9.9982E-05 0.000347845 0.055096 0.107464 0.394381 0.130464 0.0955449
0.0382668 9.9964E-05 0.0404303 9.9964E-05 9.9964E-05 0.0112948 9.9964E-05 0.649352 0.18441 0.0758458
0.0811546 0.0525943 0.000921855 0.0427253 0.0106187 0.0573642 0.0378398 0.479266 0.145687 0.0918281
0.0202887 0.0412329 9.9982E-05 0.0462017 0.10615 9.9982E-05 0.0289346 0.252049 0.446905 0.0580387
9.9955E-05 9.9955E-05 0.0175365 9.9955E-05 0.0281809 9.9955E-05 0.0160996 0.489026 0.448657 9.9955E-05
0.0202837 9.9973E-05 9.9973E-05 0.0201438 0.00310938 0.00640586 9.9973E-05 0.450667 0.439346 0.0597446
9.9937E-05 0.0963716 9.9937E-05 9.9937E-05 9.9937E-05 9.9937E-05 9.9937E-05 0.286174 0.616754 9.9937E-05
0.0840917 9.9955E-05 0.0347444 9.9955E-05 9.9955E-05 0.0891013 9.9955E-05 0.401899 0.389664 9.9955E-05
0.0835702 0.0125803 9.9982E-05 9.9982E-05 0.0576518 0.0606838 0.0691259 0.498492 0.128072 0.0896238
0.0523875 0.0261744 9.9982E-05 9.9982E-05 0.0405314 0.0571719 0.141431 0.176803 0.10088 0.40442
0.07133 0.0908568 0.0621168 0.14089 0.0349232 0.0623281 9.9982E-05 0.34484 9.9982E-05 0.192515
0.0472906 9.9973E-05 9.9973E-05 0.0553139 0.0593474 0.0674403 0.147301 0.560453 9.9973E-05 0.0625538
0.0715215 9.9982E-05 0.0856678 0.0476405 9.9982E-05 0.0323274 0.0201134 0.648792 0.0368565 0.0568808
0.0403599 9.9964E-05 9.9964E-05 9.9964E-05 0.0143291 0.079586 0.0580147 0.411649 9.9964E-05 0.395662
9.9973E-05 9.9973E-05 9.9973E-05 0.0354454 0.0551905 0.0974923 0.025392 0.53191 0.0250828 0.229187
9.9964E-05 9.9964E-05 9.9964E-05 0.104505 0.0484762 0.0557133 0.0409475 0.417961 9.9964E-05 0.331997
0.055043 9.9973E-05 9.9973E-05 9.9973E-05 0.0704921 0.0850675 0.0760842 0.531704 0.0486263 0.132683
9.9982E-05 9.9982E-05 0.0931804 0.0825763 0.110869 0.0428967 0.031401 0.582673 0.0162455 0.0399586
0.0315419 9.9973E-05 9.9973E-05 9.9973E-05 0.026198 0.107854 0.0479395 0.578404 0.0455074 0.162256
9.9964E-05 9.9964E-05 9.9964E-05 0.0495418 9.9964E-05 0.149989 0.0137392 0.493499 0.0521033 0.240728
0.00248608 0.0517301 0.0565505 0.0582256 0.124289 9.9973E-05 9.9973E-05 0.605539 9.9973E-05 0.10088
9.9982E-05 0.152307 0.156733 0.077841 0.0119987 0.109588 0.0668259 0.376072 0.0484339 9.9982E-05
9.9964E-05 0.0530979 9.9964E-05 9.9964E-05 9.9964E-05 0.101383 0.0321594 0.473479 0.11529 0.224191
0.0230236 0.0682368 0.0521152 9.9982E-05 0.0582651 0.137724 0.0353417 0.509107 9.9982E-05 0.115987
9.9973E-05 0.0281017 9.9973E-05 0.0421708 0.103568 0.0526246 9.9973E-05 0.549521 0.121883 0.10183
0.0727493 9.9982E-05 0.0443729 0.0422938 0.0765525 0.0520171 0.0879997 0.407641 9.9982E-05 0.216174
9.9973E-05 0.000949325 0.0259565 9.9973E-05 0.0762927 0.0780341 9.9973E-05 0.622851 0.0451156 0.150501
9.9964E-05 9.9964E-05 9.9964E-05 0.0243501 0.182668 0.0323716 0.0109732 0.66807 9.9964E-05 0.0811669
9.9982E-05 0.0727643 0.0149719 9.9982E-05 0.0368656 0.211591 0.0338584 0.185314 0.103579 0.340856
0.0024051 9.9982E-05 0.0981893 0.0231908 0.136979 0.128533 0.134641 0.0588597 9.9982E-05 0.417002
9.9973E-05 0.0448978 0.0309989 0.0511129 9.9973E-05 0.0554595 9.9973E-05 0.48877 0.0732007 0.25526
9.9982E-05 0.00903583 9.9982E-05 0.150427 0.126534 0.0598297 0.181008 0.0356113 0.195664 0.24169
0.0698613 9.9973E-05 0.0356194 9.9973E-05 9.9973E-05 0.119923 0.0442021 0.217346 0.036203 0.476545
0.00137275 9.9964E-05 0.0304309 9.9964E-05 9.9964E-05 0.116554 9.9964E-05 0.395911 0.0917093 0.363622
0.0127605 9.9973E-05 9.9973E-05 0.0825994 9.9973E-05 0.0507319 0.0270778 0.228359 0.14804 0.450132
0.0143205 0.0219573 0.0459466 9.9973E-05 9.9973E-05 0.125317 9.9973E-05 0.244992 0.0579898 0.489177
0.0391048 0.0615768 0.0891345 9.9982E-05 9.9982E-05 0.0365449 0.0664198 0.554397 0.0301804 0.122442
0.0754003 9.9964E-05 9.9964E-05 0.0572282 0.113893 0.0850494 0.062789 0.605241 9.9964E-05 9.9964E-05
9.9991E-05 0.144672 0.0566018 0.00692733 0.0016573 0.0759722 0.117679 0.328972 0.0917432 0.175676
9.9991E-05 0.0126651 0.119996 0.00421005 0.207032 0.120907 0.00267095 0.0813734 0.151554 0.299492
0.165579 0.00581069 0.133516 0.0100549 0.0320513 9.9982E-05 9.9982E-05 0.495816 0.0682773 0.0886957
9.9964E-05 0.00232607 0.261626 9.9964E-05 0.142895 9.9964E-05 9.9964E-05 0.478488 0.0581127 0.0561534
0.0725608 9.9982E-05 0.418716 0.00467934 0.121025 0.0894829 0.113702 9.9982E-05 0.106384 0.0732491
0.0797387 9.9964E-05 0.0313582 9.9964E-05 0.10747 9.9964E-05 0.0849618 0.658947 0.0371251 9.9964E-05
0.0650498 9.9973E-05 0.119651 9.9973E-05 0.150991 0.0153503 0.126066 0.36617 0.156422 9.9973E-05
0.0477817 0.0340194 0.101813 0.0721455 0.121281 9.9991E-05 0.090533 0.403164 0.0328242 0.0963379
9.9964E-05 9.9964E-05 0.306216 0.0774521 0.193334 9.9964E-05 9.9964E-05 0.221186 0.0388072 0.162604
0.0499842 9.9973E-05 0.377566 9.9973E-05 0.0553212 0.0906066 0.16399 0.123475 9.9973E-05 0.138757
0.0244015 9.9991E-05 0.13807 0.114992 0.0638209 0.00344099 0.104872 0.396592 0.0603734 0.0933377
9.9982E-05 0.060082 0.137295 0.0485061 0.096884 9.9982E-05 0.0859963 0.430287 0.0689896 0.0717599
0.140946 0.0696473 0.164973 0.04899 0.00635154 0.0341336 9.9991E-05 0.295797 0.140066 0.098995
0.0216932 0.139952 0.177812 9.9982E-05 0.165415 0.00308907 0.0681263 9.9982E-05 0.246928 0.176785
0.0835302 0.0530132 0.0141426 0.0960224 9.9991E-05 0.00238987 0.127331 0.512421 0.0198006 0.0912495
9.9964E-05 9.9964E-05 0.343967 9.9964E-05 0.0265095 9.9964E-05 0.013354 0.331272 0.118449 0.166049
9.9973E-05 9.9973E-05 0.162668 0.0194011 0.0227767 9.9973E-05 0.0597155 0.435561 0.0866282 0.212949
0.17054 0.035039 0.0465039 9.9982E-05 9.9982E-05 0.0758264 0.0437105 0.440177 0.150668 0.0373354
0.281845 0.225807 0.123146 9.9973E-05 0.163727 9.9973E-05 9.9973E-05 0.123748 0.0128197 0.0686075
0.388482 0.090592 0.116775 9.9946E-05 0.403552 9.9946E-05 9.9946E-05 9.9946E-05 9.9946E-05 9.9946E-05
0.280874 0.0821017 0.0948561 9.9955E-05 0.503187 9.9955E-05 0.038481 9.9955E-05 9.9955E-05 9.9955E-05
0.283436 0.291081 0.080877 9.9973E-05 0.223808 0.0297449 9.9973E-05 0.0606768 9.9973E-05 0.0300759
9.9946E-05 9.9946E-05 0.244599 9.9946E-05 0.0152466 9.9946E-05 9.9946E-05 0.607531 0.132024 9.9946E-05
0.127859 0.0274027 0.212774 9.9973E-05 9.9973E-05 9.9973E-05 0.000173049 0.529243 0.0355742 0.0666749
9.99371E-05 0.660985 9.99371E-05 9.99371E-05 9.99371E-05 0.0148173 9.99371E-05 0.323498 9.99371E-05 9.99371E-05
0.0228118 0.37637 9.9973E-05 9.9973E-05 0.00392991 0.00438085 9.9973E-05 0.357617 0.0897586 0.144832
0.122194 0.366166 0.0175954 9.9964E-05 9.9964E-05 9.9964E-05 0.0701168 0.326168 0.0973601 9.9964E-05
9.9982E-05 0.0175418 0.404958 9.9982E-05 0.0303407 0.00464013 0.197603 0.22042 0.0859971 0.0382994
0.0241843 0.0689611 0.129571 0.0924781 0.0339519 9.9982E-05 9.9982E-05 0.488844 0.085266 0.076543
9.9964E-05 9.9964E-05 0.456758 9.9964E-05 0.114513 9.9964E-05 0.177241 0.12803 0.0839955 0.0390634
9.9964E-05 9.9964E-05 0.294844 0.0342925 0.00228631 9.9964E-05 9.9964E-05 0.551891 0.0684282 0.0478586
0.0118094 0.0540279 0.204724 9.9991E-05 0.0156561 0.0143463 0.115426 0.417535 0.112108 0.0542674
9.9973E-05 0.0716886 0.281014 9.9973E-05 0.00324989 9.9973E-05 0.00293515 0.444723 0.0454017 0.150688
9.9964E-05 9.9964E-05 0.454133 9.9964E-05 0.0704005 9.9964E-05 0.0748468 0.110745 0.179801 0.109674
0.0097824 0.00602096 0.177212 0.0481033 9.9982E-05 0.0399553 0.0355248 0.613248 0.069953 9.9982E-05
0.0975513 9.9982E-05 0.180473 0.0329212 0.0178019 9.9982E-05 0.0594867 0.573556 0.0107622 0.0272481
9.9937E-05 0.968882 9.9937E-05 9.9937E-05 0.00249377 9.9937E-05 0.027925 9.9937E-05 9.9937E-05 9.9937E-05
9.9955E-05 0.853837 0.0142046 9.9955E-05 9.9955E-05 0.0033195 9.9955E-05 0.115463 9.9955E-05 0.0126768
0.0597021 0.591451 9.9964E-05 9.9964E-05 9.9964E-05 9.9964E-05 0.0232803 0.191319 0.0385081 0.0953392
9.9946E-05 0.674338 9.9946E-05 0.0149952 9.9946E-05 9.9946E-05 0.0109309 0.299136 9.9946E-05 9.9946E-05
9.9964E-05 0.801622 0.0685801 0.033026 9.9964E-05 9.9964E-05 9.9964E-05 0.0594031 0.0181219 0.0188468
9.9928E-05 0.98249 9.9928E-05 9.9928E-05 0.0167104 9.9928E-05 9.9928E-05 9.9928E-05 9.9928E-05 9.9928E-05
9.9937E-05 0.929683 9.9937E-05 0.0359468 9.9937E-05 0.0336711 9.9937E-05 9.9937E-05 9.9937E-05 9.9937E-05
9.9937E-05 0.849297 0.00264952 9.9937E-05 9.9937E-05 9.9937E-05 9.9937E-05 0.147354 9.9937E-05 9.9937E-05
9.9937E-05 0.97628 9.9937E-05 0.0203197 9.9937E-05 9.9937E-05 9.9937E-05 9.9937E-05 9.9937E-05 0.0027005
9.99201E-05 0.999101 9.99201E-05 9.99201E-05 9.99201E-05 9.99201E-05 9.99201E-05 9.99201E-05 9.99201E-05 9.99201E-05
0.00275662 0.97915 9.9937E-05 9.9937E-05 0.0173936 9.9937E-05 9.9937E-05 9.9937E-05 9.9937E-05 9.9937E-05
0.00857807 0.72586 0.00865591 9.9955E-05 9.9955E-05 9.9955E-05 9.9955E-05 0.161704 9.9955E-05 0.0947017
0.0246482 0.736738 9.9973E-05 0.0453046 0.0401019 0.00851337 9.9973E-05 0.105274 0.0391196 9.9973E-05
9.9928E-05 0.979876 9.9928E-05 9.9928E-05 9.9928E-05 9.9928E-05 9.9928E-05 9.9928E-05 0.0193243 9.9928E-05
0.0175248 0.314398 0.0417281 9.9973E-05 0.0853869 0.124467 9.9973E-05 0.396645 9.9973E-05 0.0195494
9.9946E-05 0.606984 9.9946E-05 0.0823899 9.9946E-05 0.0551947 9.9946E-05 0.254831 9.9946E-05 9.9946E-05
0.0227891 0.80322 9.9955E-05 9.9955E-05 0.0545979 0.047545 9.9955E-05 0.0713487 9.9955E-05 9.9955E-05
0.016346 0.903242 9.9955E-05 9.9955E-05 9.9955E-05 9.9955E-05 0.0156147 0.0492109 9.9955E-05 0.015087
0.0214096 0.977791 9.9928E-05 9.9928E-05 9.9928E-05 9.9928E-05 9.9928E-05 9.9928E-05 9.9928E-05 9.9928E-05
0.0537716 0.886348 9.9955E-05 9.9955E-05 0.0116027 9.9955E-05 0.0329513 0.0148271 9.9955E-05 9.9955E-05
9.99201E-05 0.999101 9.99201E-05 9.99201E-05 9.99201E-05 9.99201E-05 9.99201E-05 9.99201E-05 9.99201E-05 9.99201E-05
0.0463855 0.577095 9.9973E-05 0.00778671 9.9973E-05 9.9973E-05 0.0677792 0.257348 0.0356362 0.00767012
0.00968431 0.855051 0.0341392 9.9955E-05 9.9955E-05 0.0238938 9.9955E-05 0.0767323 9.9955E-05 9.9955E-05
0.245116 9.9946E-05 0.503787 9.9946E-05 0.18105 9.9946E-05 0.0694474 9.9946E-05 9.9946E-05 9.9946E-05
0.146006 0.102385 0.317472 0.0102905 0.0267673 0.0806958 9.9982E-05 0.308411 9.9982E-05 0.00777231
0.168057 0.0529476 0.282102 0.00366176 9.9982E-05 0.0243658 0.0334081 0.366486 0.0687724 9.9982E-05
0.100733 0.0597633 0.355915 0.0156865 0.250021 0.0126844 0.047117 0.15788 9.9982E-05 9.9982E-05
0.0925715 0.0887154 0.196755 0.0212343 0.0222136 9.9973E-05 9.9973E-05 0.492284 9.9973E-05 0.0859262
0.21476 0.0464815 0.289508 9.9973E-05 0.144454 9.9973E-05 0.111677 0.140942 0.051877 9.9973E-05
0.131465 0.0351603 0.0742313 0.0605214 0.061347 9.9991E-05 0.108016 0.413897 0.019412 0.0958503
0.0270759 0.144896 0.307442 0.0346244 0.223736 9.9973E-05 9.9973E-05 0.259137 0.00278937 9.9973E-05
0.143436 0.109156 0.20458 9.9982E-05 0.0167616 9.9982E-05 0.030147 0.427965 0.021382 0.0463721
0.120926 0.234181 0.316457 9.9973E-05 0.0812352 9.9973E-05 0.0567584 0.185002 0.00513973 9.9973E-05
0.150341 0.0194505 0.139737 9.9964E-05 0.0909262 9.9964E-05 9.9964E-05 0.530821 9.9964E-05 0.0683247
0.772512 9.9973E-05 0.0538109 0.0465968 0.00982573 0.0298073 0.0185582 0.0685888 9.9973E-05 9.9973E-05
0.867882 0.0739312 9.99371E-05 9.99371E-05 0.0574875 9.99371E-05 9.99371E-05 9.99371E-05 9.99371E-05 9.99371E-05
0.87901 9.9946E-05 9.9946E-05 9.9946E-05 0.0994625 0.0179818 9.9946E-05 0.00294557 9.9946E-05 9.9946E-05
0.874762 9.9955E-05 9.9955E-05 0.00105007 0.0694852 0.0240492 9.9955E-05 0.0301536 9.9955E-05 9.9955E-05
0.807805 0.00667705 9.9964E-05 9.9964E-05 0.0922705 0.0384488 9.9964E-05 0.00274591 9.9964E-05 0.0516527
0.816891 0.0639603 9.9937E-05 9.9937E-05 0.118449 9.9937E-05 9.9937E-05 9.9937E-05 9.9937E-05 9.9937E-05
0.85731 0.0902017 9.9955E-05 0.0266231 9.9955E-05 0.00393272 9.9955E-05 0.0214331 9.9955E-05 9.9955E-05
0.859646 0.0231062 9.9955E-05 9.9955E-05 0.0375977 9.9955E-05 0.0759884 9.9955E-05 0.00316199 9.9955E-05
0.869777 0.00653952 9.9955E-05 9.9955E-05 0.00816183 9.9955E-05 0.0495923 0.06543 9.9955E-05 9.9955E-05
0.7482 0.10593 9.9964E-05 9.9964E-05 0.0992617 0.0066877 0.0118054 9.9964E-05 9.9964E-05 0.0277149
0.572557 9.9946E-05 9.9946E-05 0.0548075 9.9946E-05 9.9946E-05 9.9946E-05 9.9946E-05 0.0619329 0.310102
0.529657 9.9955E-05 9.9955E-05 0.175971 0.0662868 0.0582172 9.9955E-05 9.9955E-05 9.9955E-05 0.169368
0.512761 9.9964E-05 0.090971 0.0196343 0.00107207 0.040355 9.9964E-05 9.9964E-05 9.9964E-05 0.334806
0.460357 9.9973E-05 0.065056 0.0678911 9.9973E-05 0.0161287 0.036724 9.9973E-05 0.0204085 0.333135
0.0285086 9.9964E-05 9.9964E-05 9.9964E-05 9.9964E-05 0.102407 0.0455563 0.486404 0.229312 0.107412
9.9955E-05 9.9955E-05 9.9955E-05 0.0855906 9.9955E-05 9.9955E-05 0.056188 0.508942 0.229262 0.119518
0.0372074 0.0980604 0.169578 9.9973E-05 9.9973E-05 0.13044 9.9973E-05 0.404296 0.0877546 0.0723638
9.9964E-05 9.9964E-05 9.9964E-05 0.053404 0.013759 0.120931 9.9964E-05 0.332609 0.276234 0.202663
9.9964E-05 9.9964E-05 0.117702 9.9964E-05 9.9964E-05 0.338485 0.00176882 0.0846831 0.0993341 0.357627
0.0578183 9.9964E-05 0.0868079 9.9964E-05 0.0480028 9.9964E-05 0.032119 0.595495 0.179357 9.9964E-05
9.9964E-05 9.9964E-05 9.9964E-05 0.113868 0.0342366 0.0432918 9.9964E-05 0.451239 0.350569 0.00639451
9.9973E-05 9.9973E-05 0.0291761 0.0957749 0.0488134 9.9973E-05 0.0586582 0.49725 0.19999 0.0700373
9.9946E-05 0.0182028 0.0546106 9.9946E-05 9.9946E-05 9.9946E-05 9.9946E-05 0.348903 0.577684 9.9946E-05
0.0341749 0.0252574 9.9982E-05 0.0807603 0.0386582 0.0627139 0.0335228 0.591 0.133712 9.9982E-05
9.9964E-05 9.9964E-05 0.00889569 0.105508 9.9964E-05 9.9964E-05 0.0531131 0.401548 0.313026 0.11751
9.9955E-05 9.9955E-05 0.0057856 9.9955E-05 9.9955E-05 0.0913603 0.158186 9.9955E-05 0.738938 0.00523081
0.0580936 0.00267488 9.9991E-05 0.0710255 0.0334686 0.0366497 0.0711199 0.52031 0.136322 0.0702365
9.9964E-05 9.9964E-05 0.149997 0.0264505 0.0618378 9.9964E-05 0.0319133 0.237384 0.492018 9.9964E-05
9.9955E-05 9.9955E-05 0.0526881 0.102954 0.0356656 9.9955E-05 9.9955E-05 0.475712 0.332481 9.9955E-05
0.0536478 9.9973E-05 9.9973E-05 0.0525452 9.9973E-05 0.0138177 0.0220702 0.0482345 0.666772 0.142612
0.0170082 9.9946E-05 9.9946E-05 0.845504 0.0703217 0.0665667 9.9946E-05 9.9946E-05 9.9946E-05 9.9946E-05
9.99201E-05 9.99201E-05 9.99201E-05 0.999101 9.99201E-05 9.99201E-05 9.99201E-05 9.99201E-05 9.99201E-05 9.99201E-05
9.99201E-05 9.99201E-05 9.99201E-05 0.999101 9.99201E-05 9.99201E-05 9.99201E-05 9.99201E-05 9.99201E-05 9.99201E-05
0.0426345 9.9937E-05 9.9937E-05 0.883725 9.9937E-05 9.9937E-05 9.9937E-05 9.9937E-05 0.0729412 9.9937E-05
9.9946E-05 0.0290107 9.9946E-05 0.939559 9.9946E-05 9.9946E-05 9.9946E-05 0.00687909 9.9946E-05 0.0239514
9.9937E-05 9.9937E-05 9.9937E-05 0.916707 9.9937E-05 0.00658869 9.9937E-05 0.0760047 9.9937E-05 9.9937E-05
0.813378 0.0214516 9.9955E-05 0.0312845 0.023882 9.9955E-05 9.9955E-05 0.109504 9.9955E-05 9.9955E-05
0.807204 9.9955E-05 9.9955E-05 9.9955E-05 0.00752209 0.0380749 9.9955E-05 0.113052 9.9955E-05 0.0336473
0.758486 0.0733278 0.0150919 0.00208605 9.9955E-05 9.9955E-05 9.9955E-05 0.150508 9.9955E-05 9.9955E-05
0.72968 0.156382 9.9955E-05 9.9955E-05 9.9955E-05 0.0385057 9.9955E-05 0.0173489 9.9955E-05 0.0575839
0.747069 0.0800463 9.9955E-05 9.9955E-05 0.0469097 0.0209992 9.9955E-05 0.104476 9.9955E-05 9.9955E-05
0.320421 9.9973E-05 0.0865284 0.158547 0.0109662 0.349285 9.9973E-05 9.9973E-05 0.0380131 0.0359389
0.457742 9.9964E-05 0.094544 0.120646 9.9964E-05 0.237271 0.0601871 9.9964E-05 0.0292104 9.9964E-05
0.419747 9.9964E-05 9.9964E-05 0.239366 9.9964E-05 0.224976 0.0588686 9.9964E-05 0.0403413 0.0163015
0.805364 0.0241985 9.9955E-05 9.9955E-05 9.9955E-05 0.00877883 9.9955E-05 0.136821 9.9955E-05 0.024337
0.313952 9.99687E-05 9.99687E-05 0.286904 0.0518065 0.203741 0.0129884 9.99687E-05 0.130209 9.99687E-05
0.100817 0.326756 0.0504964 0.00555758 0.227935 9.9973E-05 9.9973E-05 0.272061 9.9973E-05 0.0160768
0.0315556 0.12802 0.0721231 0.00269011 0.0645101 0.0759512 9.9973E-05 0.62485 9.9973E-05 9.9973E-05
0.146994 0.230721 9.9955E-05 9.9955E-05 0.0324326 9.9955E-05 9.9955E-05 0.587091 9.9955E-05 0.00226105
0.116286 0.147059 0.030425 0.109774 0.205123 9.9973E-05 9.9973E-05 0.381738 0.00929494 9.9973E-05
0.158771 0.0813751 0.133799 9.9964E-05 9.9964E-05 0.0405373 9.9964E-05 0.539266 9.9964E-05 0.0458519
0.314017 0.246791 0.102205 0.043116 0.287997 9.9964E-05 9.9964E-05 9.9964E-05 9.9964E-05 0.00547364
9.9973E-05 9.9973E-05 0.115869 0.0563757 9.9973E-05 0.066353 0.00555472 0.360681 0.0557417 0.339125
9.9982E-05 9.9982E-05 0.014025 0.0591494 0.119516 0.0871709 0.0516539 0.344469 0.137193 0.186623
0.0738035 0.00975478 9.9973E-05 0.0367945 9.9973E-05 0.0325106 0.011448 0.182598 9.9973E-05 0.65279
9.9964E-05 9.9964E-05 9.9964E-05 0.132715 0.00160589 9.9964E-05 0.16386 0.340708 0.175591 0.185121
9.9964E-05 9.9964E-05 9.9964E-05 0.0400799 0.26179 0.0174825 0.336118 9.9964E-05 0.241754 0.102376
0.0632552 9.9982E-05 0.108861 9.9982E-05 0.0765662 0.0243188 0.0374469 0.486869 0.021188 0.181294
0.00992118 9.9973E-05 0.109664 9.9973E-05 0.000708954 0.142659 0.119685 0.437366 9.9973E-05 0.179696
0.0656547 9.9964E-05 9.9964E-05 9.9964E-05 9.9964E-05 0.205827 0.0158568 0.271989 0.0774011 0.362872
9.9982E-05 0.0822463 0.0641869 0.0112976 0.0377025 0.112736 9.9982E-05 0.467531 0.0793905 0.14471
9.9964E-05 9.9964E-05 0.0961732 9.9964E-05 0.148352 9.9964E-05 0.0891092 0.000931933 0.0996152 0.565419
9.9982E-05 0.00432036 0.0518101 0.0921163 0.0986274 9.9982E-05 0.133608 0.36894 0.0999425 0.150436
9.9964E-05 9.9964E-05 9.9964E-05 0.0902648 0.0367539 0.0513969 9.9964E-05 0.502944 0.0788997 0.239341
0.113155 0.0829696 9.9964E-05 9.9964E-05 0.16782 9.9964E-05 9.9964E-05 0.430584 0.0798191 0.125252
9.9982E-05 0.0105814 9.9982E-05 0.0295049 0.0148877 0.0314035 0.161101 0.287507 0.028366 0.436448
9.9982E-05 0.0132594 0.000940154 0.0352473 9.9982E-05 0.049582 0.0798437 0.404232 0.151899 0.264797
9.9973E-05 0.0396114 0.142997 9.9973E-05 9.9973E-05 0.0517069 0.120326 0.410287 0.182459 0.0523124
0.0285051 9.9982E-05 0.166441 0.0754695 9.9982E-05 0.002228 0.074458 0.45711 0.0472419 0.148346
9.9982E-05 0.0387212 0.0309592 0.114624 9.9982E-05 0.040022 0.0514789 0.619521 0.024408 0.080066
0.0698072 0.133795 0.0503351 9.9991E-05 0.0353109 0.0197263 0.0165194 0.365352 0.192768 0.116286
0.0322907 0.0497665 0.0563214 0.00827798 0.0432716 0.0821968 9.9991E-05 0.463053 0.0360496 0.228672
0.74727 0.103803 9.9946E-05 9.9946E-05 0.0121628 9.9946E-05 9.9946E-05 0.136165 9.9946E-05 9.9946E-05
0.804027 0.0322681 9.9955E-05 9.9955E-05 9.9955E-05 9.9955E-05 0.0519648 0.0974575 0.013783 9.9955E-05
0.689648 0.0577522 0.125529 9.9955E-05 0.0323912 0.09418 9.9955E-05 9.9955E-05 9.9955E-05 9.9955E-05
0.749185 0.0874262 9.9955E-05 0.0773986 9.9955E-05 9.9955E-05 0.0317528 9.9955E-05 0.053738 9.9955E-05
0.824498 0.040602 9.9955E-05 9.9955E-05 9.9955E-05 9.9955E-05 0.0273547 0.0939128 9.9955E-05 0.0131327
9.9982E-05 0.0209001 0.0568839 0.0360873 0.028383 0.0985485 9.9982E-05 0.066788 0.00289555 0.689314
9.99892E-05 0.046747 0.00976996 0.0903871 0.0384046 9.99892E-05 0.0455456 0.468506 0.151254 0.149185
0.141814 0.201612 0.0443866 0.0357361 9.9973E-05 9.9973E-05 0.121764 0.377872 0.0765165 9.9973E-05
0.00160234 9.9964E-05 9.9964E-05 9.9964E-05 0.0294919 0.0885993 9.9964E-05 0.719777 0.107846 0.0522837
0.0130852 9.9973E-05 9.9973E-05 0.0105289 0.0553717 0.104643 9.9973E-05 0.496503 0.0860369 0.233531
9.9982E-05 0.0202557 0.0148592 0.0688903 0.137927 0.0869319 0.123642 0.225104 9.9982E-05 0.32219
0.0639289 9.9964E-05 9.9964E-05 0.106617 0.0935082 0.170686 9.9964E-05 9.9964E-05 0.0365552 0.528305
0.0191871 9.9973E-05 0.00890657 0.151872 9.9973E-05 0.0886799 9.9973E-05 0.531235 0.0387478 0.161072
0.0831708 0.0745224 0.0534509 0.0788612 9.9991E-05 0.0894539 0.0972578 0.0615712 0.0570592 0.404553
0.0565857 9.9991E-05 0.000225471 0.101762 0.0738101 0.0877658 0.0442564 0.440601 0.117095 0.0777992
0.145891 9.9973E-05 9.9973E-05 0.0745992 0.0766226 0.0686666 0.0268806 0.0584929 9.9973E-05 0.548547
0.0820176 0.0583797 9.9982E-05 0.0349655 0.0534211 0.142261 0.0046966 0.495149 9.9982E-05 0.12891
0.0439161 9.9973E-05 0.0222063 9.9973E-05 0.0427449 0.248728 0.105346 0.124551 9.9973E-05 0.412208
0.0166174 0.00698476 0.0521849 9.9982E-05 0.0320966 0.0431571 0.0821359 0.285484 9.9982E-05 0.481139
9.9964E-05 0.0554092 0.191836 9.9964E-05 9.9964E-05 0.0800205 0.0763997 0.407021 9.9964E-05 0.188914
0.00384923 0.0196027 0.5842 0.0154335 9.9973E-05 9.9973E-05 0.156736 0.127418 9.9973E-05 0.0924612
0.0529871 0.026354 0.266038 0.0491972 9.9973E-05 9.9973E-05 9.9973E-05 0.43502 0.0878345 0.0822688
0.0943095 0.0494899 0.19053 9.9973E-05 0.0404931 0.0408805 9.9973E-05 0.503088 9.9973E-05 0.080909
9.9982E-05 9.9982E-05 0.5089 0.0636037 0.0213272 0.0253513 0.0804088 0.214461 0.0352741 0.0504746
0.0427032 0.114417 0.188288 0.00412363 9.9973E-05 9.9973E-05 0.09232 0.399393 9.9973E-05 0.158455
9.9973E-05 9.9973E-05 0.20361 0.0425516 0.0818393 0.0541126 0.110453 0.476542 0.0305904 9.9973E-05
9.9964E-05 9.9964E-05 0.553617 9.9964E-05 0.103252 0.00408986 0.0780618 9.9964E-05 0.207671 0.0529083
9.9955E-05 9.9955E-05 0.54892 0.00668437 0.10705 9.9955E-05 9.9955E-05 0.18757 0.149275 9.9955E-05
9.9964E-05 9.9964E-05 0.304855 0.0941034 0.0357901 0.0128179 0.125834 0.426199 9.9964E-05 9.9964E-05
9.9973E-05 9.9973E-05 0.513057 0.061887 9.9973E-05 0.0181614 0.0703325 0.0674007 0.166199 0.102662
9.9946E-05 9.9946E-05 0.36151 9.9946E-05 0.0343068 9.9946E-05 9.9946E-05 0.379883 9.9946E-05 0.223701
9.9973E-05 9.9973E-05 9.9973E-05 0.0383768 0.127452 0.183405 0.0199961 0.0364606 0.0848747 0.509135
9.9973E-05 9.9973E-05 9.9973E-05 0.021391 0.07488 0.196972 0.179381 0.225375 0.132816 0.168885
9.9973E-05 0.0675139 9.9973E-05 0.0484058 9.9973E-05 0.122823 0.0130796 0.214695 0.131485 0.401698
9.9964E-05 0.0695833 9.9964E-05 9.9964E-05 0.108474 0.0757716 9.9964E-05 0.566475 0.0350716 0.144225
9.9964E-05 9.9964E-05 0.00911302 0.0502357 9.9964E-05 0.105688 9.9964E-05 0.192987 0.12165 0.519927
0.000846843 0.0486254 0.00157469 0.0651585 0.134561 0.138009 0.170651 0.440373 9.9982E-05 9.9982E-05
0.00850858 9.9973E-05 9.9973E-05 0.0714052 0.138101 0.0927651 9.9973E-05 0.56595 0.0180105 0.10496
9.9982E-05 0.0450091 9.9982E-05 0.0700614 0.111491 0.058201 0.00489075 0.408122 0.0791253 0.222899
0.0248584 0.0446772 9.9982E-05 0.00994711 9.9982E-05 0.0869101 0.0928433 0.483574 0.0295838 0.227406
0.0184928 0.0278597 9.9973E-05 0.126047 9.9973E-05 0.138286 9.9973E-05 0.339635 0.0538551 0.295524
9.9964E-05 0.056067 9.9964E-05 0.0375336 9.9964E-05 0.156083 9.9964E-05 0.180729 0.164112 0.405075
9.9973E-05 0.0566159 0.0700443 9.9973E-05 9.9973E-05 0.226609 0.106416 0.30126 0.0336611 0.205093
9.9982E-05 0.0741783 0.019838 9.9982E-05 0.0160863 0.0979664 0.0216017 0.497521 0.0867614 0.185847
0.0705495 0.0333008 9.9973E-05 9.9973E-05 0.10675 0.137149 9.9973E-05 0.541206 0.0933038 0.017441
9.9964E-05 9.9964E-05 9.9964E-05 0.0367227 0.174938 0.0980367 0.0955302 0.404986 9.9964E-05 0.189386
9.9964E-05 9.9964E-05 9.9964E-05 0.135528 0.0603639 0.0809299 0.069151 0.534676 9.9964E-05 0.118951
0.00836196 9.9991E-05 0.079812 0.0246048 0.0654873 0.252997 0.0269233 0.324886 0.00464107 0.212186
9.9964E-05 0.0622564 9.9964E-05 0.00786301 9.9964E-05 0.0851202 9.9964E-05 0.571864 0.0237665 0.24873
0.0480721 0.0772301 9.9973E-05 0.0645734 9.9973E-05 0.0999045 9.9973E-05 0.479008 0.0885294 0.142383
0.119739 0.0497944 9.9973E-05 9.9973E-05 0.021797 0.115782 0.0776573 0.496254 0.118676 9.9973E-05
0.31019 0.109952 0.00945422 9.9982E-05 0.0762505 9.9982E-05 0.0122653 0.391637 0.0233969 0.0666545
0.0468794 0.165564 9.9973E-05 9.9973E-05 0.186524 0.0283832 0.0613562 0.395647 0.115346 9.9973E-05
0.0477099 0.073313 9.9973E-05 9.9973E-05 0.1342 0.0899256 0.01847 0.607706 0.0283765 9.9973E-05
0.0630164 0.0952006 0.010717 0.0390935 0.0352906 9.9991E-05 0.0799859 0.513772 0.0444644 0.118359
0.203792 0.136343 9.9964E-05 0.00678723 9.9964E-05 9.9964E-05 9.9964E-05 0.480581 0.0494261 0.122671
9.9982E-05 0.0177256 0.0888897 0.0930577 0.0579524 0.00943177 0.170365 0.389691 9.9982E-05 0.172687
0.127283 0.171507 9.9991E-05 0.0151348 0.0750143 0.0133028 0.0566091 0.410915 0.0265639 0.10357
0.142844 0.0383102 0.114331 9.9973E-05 0.389003 9.9973E-05 9.9973E-05 0.0807984 0.136323 0.0980905
0.119306 0.120481 0.0842756 0.0050014 0.0763987 0.0104549 9.9991E-05 0.431092 0.086755 0.0661354
0.0819436 0.0990447 9.9991E-05 0.0204428 0.124672 0.0372521 0.0437328 0.550677 0.0259588 0.0161767
0.0386078 0.215579 9.9973E-05 0.0676163 0.0762083 9.9973E-05 0.100658 0.403561 9.9973E-05 0.0974687
0.106389 0.109828 9.9973E-05 9.9973E-05 0.257541 0.0183202 9.9973E-05 0.236997 0.121291 0.149333
0.135356 0.068444 0.0636167 9.9973E-05 0.153917 0.00928558 9.9973E-05 0.528432 9.9973E-05 0.0406488
0.122453 0.11941 0.0761024 9.9973E-05 0.066498 0.0341384 9.9973E-05 0.563779 9.9973E-05 0.0173193
0.306928 0.132087 0.0397292 9.9964E-05 0.453526 9.9964E-05 0.0419857 9.9964E-05 0.0253449 9.9964E-05
0.0531494 0.16308 9.9964E-05 9.9964E-05 0.129776 0.0833757 9.9964E-05 0.525384 9.9964E-05 0.0448354
0.120974 0.163862 0.0692258 9.9973E-05 0.0611097 0.0302154 0.0390988 0.515215 9.9973E-05 9.9973E-05
0.0626014 0.130484 0.0366166 0.0228828 0.0591954 0.033444 0.0343516 0.51698 0.0112677 0.0921755
0.150547 0.0993053 9.9946E-05 9.9946E-05 0.173058 9.9946E-05 9.9946E-05 0.57649 9.9946E-05 9.9946E-05
0.154219 0.114371 0.105069 9.9973E-05 9.9973E-05 0.0894343 0.0414104 0.480152 0.0150445 9.9973E-05
0.0297682 0.00138663 9.9973E-05 9.9973E-05 0.0377825 0.0392407 0.375185 0.409201 0.107136 9.9973E-05
0.0286373 0.0661591 0.0089731 9.9982E-05 0.0913343 9.9982E-05 0.182136 0.416445 0.0781613 0.127953
9.9955E-05 9.9955E-05 0.00403322 0.0153029 9.9955E-05 9.9955E-05 0.75996 9.9955E-05 0.0877286 0.132476
9.99369E-05 9.99369E-05 0.0364702 9.99369E-05 9.99369E-05 0.108542 0.854288 9.99369E-05 9.99369E-05 9.99369E-05
0.0741901 0.0261998 0.00567258 0.0629158 0.0125606 9.9991E-05 0.266096 0.453419 0.0541851 0.0446611
0.027074 0.233095 0.0405798 9.9982E-05 0.212082 0.0311522 0.0410357 0.386843 9.9982E-05 0.0279377
0.0153666 0.266501 9.9955E-05 9.9955E-05 0.11601 9.9955E-05 0.264504 0.337119 9.9955E-05 9.9955E-05
0.129051 0.283311 0.0464529 9.9973E-05 0.167714 9.9973E-05 0.179612 0.125882 9.9973E-05 0.0676784
0.146798 0.190047 9.9955E-05 9.9955E-05 0.127602 9.9955E-05 0.162012 0.373042 9.9955E-05 9.9955E-05
0.026465 0.0438475 0.0525247 9.9964E-05 0.131789 9.9964E-05 0.692039 0.0529345 9.9964E-05 9.9964E-05
0.0144573 0.00956151 9.9955E-05 9.9955E-05 0.229621 9.9955E-05 0.571943 0.173918 9.9955E-05 9.9955E-05
9.9955E-05 0.0729791 9.9955E-05 9.9955E-05 0.00445649 9.9955E-05 0.378868 0.505449 9.9955E-05 0.0377468
0.0551142 0.0820877 9.9946E-05 9.9946E-05 9.9946E-05 9.9946E-05 0.47288 0.389319 9.9946E-05 9.9946E-05
0.0546206 0.0674002 9.9964E-05 9.9964E-05 0.0507994 9.9964E-05 0.623072 0.190617 9.9964E-05 0.0130913
0.0165252 0.0813656 9.9964E-05 9.9964E-05 9.9964E-05 0.0574716 0.341657 0.442949 9.9964E-05 0.0596322
9.9973E-05 0.145742 0.069456 0.00438808 9.9973E-05 0.0168727 0.300844 0.461047 9.9973E-05 0.00135114
0.00931062 0.113057 0.02196 9.9982E-05 0.089731 0.0496225 0.261223 0.406927 9.9982E-05 0.0479693
0.0120154 9.9973E-05 0.010494 0.0283562 9.9973E-05 9.9973E-05 0.491373 0.261693 0.0629599 0.132808
9.9946E-05 9.9946E-05 0.0357329 9.9946E-05 9.9946E-05 9.9946E-05 0.424648 0.324715 9.9946E-05 0.214305
0.076079 9.9982E-05 0.0487651 0.0117866 0.0100266 0.00242951 0.228242 0.545125 0.0773459 9.9982E-05
0.0223149 0.0156864 0.0254326 0.0510485 0.0667446 0.06447 0.35643 0.397673 9.9982E-05 9.9982E-05
9.9991E-05 0.0427477 0.0732024 0.00521025 0.104765 0.0516137 0.0116972 0.465024 0.0641715 0.181468
9.9946E-05 9.9946E-05 0.104351 9.9946E-05 0.0181101 9.9946E-05 0.423071 0.453868 9.9946E-05 9.9946E-05
9.9955E-05 9.9955E-05 0.0568614 0.0208521 9.9955E-05 9.9955E-05 0.677608 0.157374 9.9955E-05 0.086805
0.0104841 9.9955E-05 9.9955E-05 9.9955E-05 0.0175431 9.9955E-05 0.347462 0.588101 0.0359101 9.9955E-05
9.9955E-05 9.9955E-05 9.9955E-05 0.00848013 9.9955E-05 9.9955E-05 0.68586 0.146774 0.0840667 0.0743189
9.9946E-05 9.9946E-05 0.0621253 9.9946E-05 9.9946E-05 9.9946E-05 0.539572 0.373261 9.9946E-05 0.0244418
0.0588825 9.9964E-05 0.0136587 9.9964E-05 9.9964E-05 0.0660402 0.284869 0.532773 0.0433771 9.9964E-05
0.00606032 0.037512 0.0311412 9.9991E-05 0.000812996 0.0219049 0.302905 0.408131 0.0185807 0.172852
0.166472 0.228979 0.0680985 0.0408646 0.0382174 9.9973E-05 0.0402921 0.416776 9.9973E-05 9.9973E-05
0.112524 0.0368519 0.0381432 0.00285519 0.0529901 9.9982E-05 0.205467 0.449193 9.9982E-05 0.101776
0.0847341 0.201977 0.0218868 0.0258717 0.142366 0.119422 0.0190214 0.329376 9.9991E-05 0.0552451
0.13261 0.222512 0.0626983 0.117166 0.0270154 0.0377451 9.9982E-05 0.302081 9.9982E-05 0.0979726
0.159254 0.186241 0.0344841 0.0315362 9.9991E-05 0.00504928 0.131747 0.321381 0.0284709 0.101736
0.133766 0.0828166 0.0418092 0.0468606 0.0898736 9.9982E-05 0.130434 0.46533 9.9982E-05 0.00890973
0.144411 0.115055 9.9946E-05 9.9946E-05 0.110945 9.9946E-05 0.628989 9.9946E-05 9.9946E-05 9.9946E-05
0.0772369 0.190653 0.051768 0.0269532 9.9973E-05 0.00659517 0.0995887 0.546905 9.9973E-05 9.9973E-05
0.309429 0.0416286 9.9946E-05 9.9946E-05 0.233593 9.9946E-05 0.41475 9.9946E-05 9.9946E-05 9.9946E-05
0.0599122 0.102924 0.0199198 0.0417307 9.9964E-05 9.9964E-05 0.249628 0.525485 9.9964E-05 9.9964E-05
9.9946E-05 9.9946E-05 9.9946E-05 0.00800537 9.9946E-05 9.9946E-05 0.781561 0.0457315 0.164103 9.9946E-05
9.9937E-05 9.9937E-05 9.9937E-05 9.9937E-05 9.9937E-05 9.9937E-05 0.888042 9.9937E-05 0.0865138 0.0247443
