9.9991E-05 0.900141 0.0997585
0.0158455 0.94132 0.0428348
0.0241895 0.790881 0.184929
0.0165219 0.80367 0.179808
9.9991E-05 0.865532 0.134368
0.196817 0.657649 0.145534
0.0719198 0.87998 0.0480998
0.14569 0.785782 0.0685275
0.0596667 0.940233 9.9991E-05
0.0832367 0.738865 0.177898
0.118961 0.823825 0.0572131
0.747595 0.108246 0.144159
0.57581 0.0450296 0.37916
0.677773 0.203312 0.118915
0.545729 0.108584 0.345687
0.520332 0.127909 0.351759
0.601623 9.9991E-05 0.398277
0.619907 0.0275308 0.352562
0.588312 0.211508 0.20018
0.774406 0.225494 9.9991E-05
0.633416 0.0875729 0.279011
0.614162 0.032344 0.353494
0.697088 9.9991E-05 0.302812
0.666415 0.110107 0.223479
0.509772 0.0682675 0.421961
0.55315 0.0423847 0.404465
0.660573 0.191846 0.147581
0.626225 0.151419 0.222357
0.759129 0.167569 0.0733021
9.9991E-05 0.793717 0.206183
9.9991E-05 0.789069 0.210831
0.028132 0.774074 0.197794
0.0192006 0.758892 0.221907
0.669603 9.9991E-05 0.330297
0.613133 0.0159203 0.370947
0.673436 9.9991E-05 0.326464
0.738314 0.254886 0.00679987
0.794086 9.9991E-05 0.205814
0.651526 9.9991E-05 0.348374
0.549966 9.9991E-05 0.449934
0.587722 0.068019 0.344259
0.515342 0.0610585 0.423599
0.879887 0.050248 0.0698654
0.588764 0.00272268 0.408514
0.66329 0.0076084 0.329102
0.496236 0.0715557 0.432208
0.859625 9.9991E-05 0.140275
0.613379 9.9991E-05 0.386521
0.500952 0.0775751 0.421473
0.818511 0.181389 9.9991E-05
0.858659 0.107038 0.0343035
0.828481 0.16194 0.00957842
0.558878 0.0396419 0.401481
0.520857 0.0954707 0.383672
0.577234 0.0250619 0.397704
0.785704 0.20348 0.010816
0.657954 9.9991E-05 0.341946
0.562964 0.0516683 0.385368
0.594032 0.181636 0.224332
0.627734 0.338681 0.0335852
0.644574 0.0195325 0.335894
0.589736 0.0972244 0.313039
0.786323 0.213577 9.9991E-05
0.728542 9.9991E-05 0.271358
0.578642 9.9991E-05 0.421258
0.611538 0.0274772 0.360984
0.719012 0.130204 0.150784
0.6283 9.9991E-05 0.3716
0.582069 0.061707 0.356224
0.820041 0.164781 0.0151777
0.760562 9.9991E-05 0.239338
0.883265 0.0244481 0.0922874
0.643038 0.0558201 0.301141
0.981554 0.0183462 9.9991E-05
0.988994 0.0109059 9.9991E-05
0.886124 9.9991E-05 0.113776
0.797211 0.0264394 0.176349
0.494517 0.0127124 0.492771
0.690872 0.0138462 0.295281
0.820848 0.0932513 0.0859007
0.825859 0.0993631 0.0747781
0.577524 0.0420726 0.380403
0.801171 0.0254256 0.173403
0.762637 9.9991E-05 0.237263
0.772128 9.9991E-05 0.227772
0.915128 0.0847716 9.9991E-05
0.603223 9.9991E-05 0.396677
0.0292375 0.831284 0.139479
9.9991E-05 0.867417 0.132483
9.9991E-05 0.816265 0.183635
9.9991E-05 0.888458 0.111442
9.9991E-05 0.85176 0.14814
9.9991E-05 0.872984 0.126916
9.9991E-05 0.900909 0.0989906
0.596884 0.0551148 0.348001
0.636561 9.9991E-05 0.363339
0.925438 0.0744622 9.9991E-05
0.614923 0.0462819 0.338796
0.722736 0.016746 0.260518
0.624829 9.9991E-05 0.375071
0.684157 9.9991E-05 0.315743
0.668812 9.9991E-05 0.331088
0.876445 0.123455 9.9991E-05
0.611115 0.0392327 0.349652
0.608803 9.9991E-05 0.391097
0.540301 0.0267236 0.432975
0.811414 0.0121151 0.176471
0.712995 9.9991E-05 0.286905
0.731081 0.0237441 0.245175
0.731284 9.9991E-05 0.268616
0.695691 0.070534 0.233775
0.552482 0.0592911 0.388226
0.766767 0.156748 0.0764848
0.593093 0.132054 0.274853
0.504103 0.1561 0.339797
0.549601 0.064885 0.385514
0.717795 0.0252005 0.257005
0.659458 9.9991E-05 0.340442
0.633449 0.0870479 0.279503
0.617605 0.0829936 0.299401
0.586729 0.0569894 0.356281
0.624579 9.9991E-05 0.375321
0.692559 0.0563929 0.251048
0.58157 9.9991E-05 0.41833
0.561178 0.0331383 0.405684
0.638238 9.9991E-05 0.361662
0.542634 0.116846 0.340521
0.599055 9.9991E-05 0.400845
0.63394 0.134334 0.231726
0.595966 9.9991E-05 0.403934
0.572414 9.9991E-05 0.427486
0.732132 0.127671 0.140197
0.770672 0.14149 0.0878385
0.66697 0.0214563 0.311574
0.882922 0.0830532 0.034025
0.767488 0.111439 0.121073
0.7923 0.0277045 0.179996
0.741004 0.0854433 0.173553
0.787897 0.0792507 0.132853
0.598154 0.0289107 0.372936
0.52895 0.0755927 0.395457
0.642401 9.9991E-05 0.357499
0.806338 0.123867 0.0697954
0.474217 0.191104 0.334679
0.631594 0.0225953 0.34581
0.68978 0.31012 9.9991E-05
0.522289 0.0462789 0.431433
0.680505 0.0972093 0.222286
0.628494 0.0094711 0.362035
0.73839 0.152615 0.108995
0.804413 0.185977 0.00961045
0.732185 0.0383636 0.229451
0.544803 0.075228 0.379969
0.548808 0.180498 0.270695
0.661998 0.215158 0.122844
0.551819 0.113308 0.334874
0.843574 0.0253922 0.131034
0.760999 9.9991E-05 0.238901
0.543893 0.0576428 0.398464
0.242304 0.386687 0.371009
0.078732 0.77081 0.150458
0.197466 0.677589 0.124945
0.139807 0.4777 0.382494
0.625811 9.9991E-05 0.374089
0.559252 0.0864403 0.354308
0.0771943 9.9991E-05 0.922706
0.279433 0.0993237 0.621243
0.225701 0.129918 0.644381
0.772528 0.040278 0.187194
0.563503 0.0645546 0.371942
0.821294 0.11353 0.065177
0.653246 9.9991E-05 0.346654
0.719461 9.9991E-05 0.280439
0.661958 9.9991E-05 0.337942
0.837777 0.11094 0.0512835
0.570001 9.9991E-05 0.429899
0.561897 0.0732468 0.364856
9.9991E-05 0.0640377 0.935862
9.9991E-05 0.0472432 0.952657
0.12355 0.116377 0.760073
0.0598945 0.0439709 0.896135
0.0305706 0.102416 0.867013
9.9991E-05 0.0527071 0.947193
9.9991E-05 0.0841739 0.915726
9.9991E-05 0.0146292 0.985271
9.9991E-05 0.0562811 0.943619
9.9991E-05 0.081582 0.918318
9.9991E-05 0.0800984 0.919802
0.0119177 0.129613 0.858469
9.9991E-05 0.149335 0.850565
9.9991E-05 0.0405525 0.959347
0.279208 0.0827185 0.638074
0.0865539 0.0950978 0.818348
0.0251454 0.156737 0.818118
9.9991E-05 0.105296 0.894604
9.9991E-05 0.0328429 0.967057
9.9991E-05 0.0971171 0.902783
9.9991E-05 0.0720539 0.927846
0.0965505 0.131663 0.771787
9.9991E-05 0.0946406 0.905259
0.476409 0.513353 0.0102373
0.462464 0.220515 0.317021
0.40459 0.238763 0.356647
0.42356 0.349867 0.226573
0.49421 0.0787298 0.42706
0.405817 0.327383 0.2668
0.519706 0.161864 0.31843
0.445175 0.15694 0.397885
0.42693 0.134048 0.439022
0.347865 0.191886 0.460248
0.53061 0.064145 0.405245
0.0790894 0.858545 0.0623659
9.9991E-05 0.921564 0.0783361
9.9991E-05 0.940902 0.0589978
9.9991E-05 0.936549 0.063351
9.9991E-05 0.903118 0.0967823
9.9991E-05 0.873114 0.126786
9.9991E-05 0.881988 0.117912
0.0133469 0.905224 0.0814291
9.9991E-05 0.904755 0.0951452
9.9991E-05 0.846626 0.153274
0.279683 0.720217 9.9991E-05
0.287422 0.712478 9.9991E-05
0.342958 0.656942 9.9991E-05
0.404845 0.595055 9.9991E-05
0.668931 0.00600497 0.325064
0.699712 9.9991E-05 0.300188
0.709411 0.00566778 0.284921
0.808297 0.0835653 0.108137
0.834984 0.141096 0.0239199
0.613423 9.9991E-05 0.386477
0.683643 9.9991E-05 0.316258
0.752286 9.9991E-05 0.247614
0.81232 9.9991E-05 0.18758
0.593818 9.9991E-05 0.406082
0.77603 9.9991E-05 0.22387
0.951632 0.0482684 9.9991E-05
0.670686 9.9991E-05 0.329214
0.857137 0.0732357 0.0696269
0.71259 9.9991E-05 0.28731
0.898591 0.101309 9.9991E-05
0.650625 0.349275 9.9991E-05
0.679604 0.320296 9.9991E-05
0.72871 0.27119 9.9991E-05
0.702003 0.297897 9.9991E-05
0.717527 0.282373 9.9991E-05
0.716095 0.271936 0.0119696
9.9991E-05 0.864482 0.135418
0.00660743 0.841067 0.152326
9.9991E-05 0.725219 0.274681
0.0108317 0.798633 0.190535
9.9991E-05 0.808602 0.191298
0.419108 0.580792 9.9991E-05
0.412445 0.587455 9.9991E-05
0.394631 0.605269 9.9991E-05
9.9991E-05 0.774408 0.225492
0.456735 0.543165 9.9991E-05
0.183972 0.28255 0.533478
0.357715 0.0796796 0.562606
0.178906 0.148517 0.672577
0.334232 0.294745 0.371023
0.379433 0.166519 0.454049
0.104026 0.560443 0.335531
0.762003 0.0467411 0.191256
0.740492 0.0583098 0.201198
0.705001 0.155306 0.139694
0.727277 0.0279904 0.244733
0.889777 0.110123 9.9991E-05
0.59276 0.0630621 0.344178
0.689619 0.0501453 0.260236
0.771409 0.111201 0.11739
0.592891 0.05397 0.353139
0.891401 0.108499 9.9991E-05
0.727127 9.9991E-05 0.272773
0.659039 9.9991E-05 0.340861
0.448444 0.170368 0.381187
0.830818 9.9991E-05 0.169082
0.707379 0.048607 0.244014
0.652871 0.00114257 0.345987
0.736068 9.9991E-05 0.263832
0.57567 0.00863614 0.415694
0.563554 0.0661567 0.370289
0.604292 9.9991E-05 0.395608
9.9991E-05 0.763534 0.236366
9.9991E-05 0.815194 0.184706
0.0837895 0.807435 0.108776
0.0663647 0.810513 0.123123
9.9991E-05 0.841413 0.158487
0.809916 0.141144 0.0489399
0.61301 0.043243 0.343747
0.397379 0.186714 0.415906
0.550456 9.9991E-05 0.449445
0.667888 0.0669806 0.265131
0.709057 0.104155 0.186788
0.688905 0.310995 9.9991E-05
0.651216 0.0260271 0.322757
0.75089 0.207719 0.0413905
0.599746 0.0610195 0.339234
0.699314 0.300586 9.9991E-05
0.474273 0.0894955 0.436231
0.743389 0.195261 0.0613499
0.654383 0.0744591 0.271157
0.641127 0.0417862 0.317086
0.760457 0.109412 0.130131
0.650182 9.9991E-05 0.349718
0.540601 0.11069 0.34871
0.806521 0.074156 0.119323
0.579824 0.113224 0.306952
0.636949 0.00795021 0.3551
0.942634 0.0572659 9.9991E-05
0.855646 0.0720318 0.0723224
0.719733 0.00927883 0.270988
0.871154 0.128746 9.9991E-05
0.75373 0.0490775 0.197192
0.783948 0.215253 0.000799232
0.853694 9.9991E-05 0.146206
0.716961 0.0677812 0.215258
0.546652 9.9991E-05 0.453248
0.869221 0.0299178 0.100861
0.617199 0.0418825 0.340918
0.539965 0.0245315 0.435503
0.636148 0.0336512 0.330201
0.595849 0.0816462 0.322505
0.709611 0.0242434 0.266145
0.772047 0.0638559 0.164097
0.69685 0.0533465 0.249803
0.593032 9.9991E-05 0.406868
0.597141 9.9991E-05 0.402759
0.68445 0.0732343 0.242316
0.647716 9.9991E-05 0.352184
0.644241 0.160076 0.195682
0.56241 0.0242715 0.413319
0.563424 0.130417 0.306159
0.505114 0.0602035 0.434682
0.300024 0.317687 0.38229
0.397985 0.12859 0.473424
0.413502 0.144296 0.442202
0.467697 0.0678 0.464503
0.305455 0.187054 0.507491
0.731321 9.9991E-05 0.268579
0.332876 0.183537 0.483587
0.468446 0.394553 0.137002
0.399167 0.0999311 0.500902
0.43287 0.0291779 0.537952
0.373167 0.0431514 0.583681
0.433186 0.264629 0.302185
0.388129 0.103139 0.508732
0.370965 0.130484 0.498552
0.172886 0.643482 0.183631
0.285683 0.16481 0.549506
0.403641 0.149383 0.446976
0.478238 0.0555263 0.466236
0.318756 0.148397 0.532847
0.392964 0.16411 0.442926
0.667363 9.9991E-05 0.332537
0.590385 0.0236445 0.385971
0.951391 0.0485088 9.9991E-05
0.902811 0.0970893 9.9991E-05
0.629315 9.9991E-05 0.370585
0.275465 0.157881 0.566654
0.314969 0.104749 0.580282
0.290908 0.307111 0.401982
0.297627 0.190425 0.511947
0.668792 0.204588 0.12662
0.597088 0.186845 0.216067
0.570649 9.9991E-05 0.429251
0.527793 0.0854017 0.386805
0.589842 0.159362 0.250796
0.555631 0.0458557 0.398513
0.53675 0.03458 0.42867
0.513374 0.0985549 0.388071
0.857186 0.0442911 0.0985226
0.78417 9.9991E-05 0.21573
0.676931 9.9991E-05 0.322969
0.72514 0.0428459 0.232014
0.583407 0.0259648 0.390628
0.764891 9.9991E-05 0.235009
0.825572 0.0511671 0.123261
0.651654 0.00462533 0.343721
0.871366 0.0185233 0.110111
0.736479 9.9991E-05 0.263421
0.603897 0.0499701 0.346133
0.71112 9.9991E-05 0.28878
0.355376 0.101064 0.54356
0.512847 0.116501 0.370651
0.336713 0.204701 0.458586
0.362339 0.196909 0.440752
0.419319 0.168731 0.411949
0.330712 0.159958 0.50933
0.495963 0.374911 0.129125
0.364925 0.0664121 0.568663
0.315716 0.552841 0.131443
0.455264 0.0379619 0.506774
0.93962 0.06028 9.99927E-05
0.878037 0.121863 9.9991E-05
0.729708 9.9991E-05 0.270192
0.598533 9.9991E-05 0.401367
0.811057 9.9991E-05 0.188843
0.726738 9.9991E-05 0.273162
0.691937 9.9991E-05 0.307963
0.0155729 0.800668 0.183759
0.0685366 0.79006 0.141404
9.9991E-05 0.874704 0.125196
9.9991E-05 0.903036 0.0968636
0.719356 9.9991E-05 0.280544
0.557881 0.0286383 0.41348
0.747645 9.9991E-05 0.252255
0.627474 0.0102126 0.362313
0.625426 0.0724131 0.302161
0.857669 0.0530543 0.0892764
0.676209 9.9991E-05 0.323691
0.8307 0.0306658 0.138634
0.334933 0.211012 0.454055
0.71855 9.9991E-05 0.28135
0.828779 9.9991E-05 0.171121
0.734277 9.9991E-05 0.265623
0.763588 0.0374178 0.198994
0.613735 9.9991E-05 0.386165
0.673853 9.9991E-05 0.326047
0.973382 9.9991E-05 0.026518
0.880987 0.0130093 0.106004
0.825989 9.9991E-05 0.173911
0.9998 9.999E-05 9.999E-05
0.766703 0.0229395 0.210358
0.932364 0.0416032 0.0260333
0.897917 0.101983 9.9991E-05
0.61211 0.00829204 0.379598
0.759043 0.0766697 0.164288
0.735951 9.9991E-05 0.263949
0.497408 0.0718965 0.430695
0.71184 9.9991E-05 0.28806
0.72543 0.0180141 0.256555
0.697535 9.9991E-05 0.302365
0.717047 9.9991E-05 0.282853
0.866718 9.9991E-05 0.133182
0.566155 0.0378099 0.396035
0.248415 0.749438 0.00214707
0.143455 0.78392 0.0726252
0.08462 0.91528 9.9991E-05
0.138321 0.861579 9.9991E-05
0.206281 0.789389 0.00432944
0.901115 0.0564206 0.0424647
0.907433 0.092467 9.9991E-05
0.934117 9.9991E-05 0.0657826
0.472751 0.112329 0.41492
0.597397 0.0322601 0.370343
0.780258 0.0150739 0.204669
0.637801 9.9991E-05 0.362099
0.731849 9.9991E-05 0.268051
0.701545 9.9991E-05 0.298355
0.626839 9.9991E-05 0.373061
0.87663 9.9991E-05 0.12327
0.806328 0.0253146 0.168357
0.844932 9.9991E-05 0.154968
0.599085 0.0347906 0.366124
0.840585 9.9991E-05 0.159315
0.737333 9.9991E-05 0.262567
0.254767 0.0240636 0.721169
0.192069 0.14703 0.660901
0.141051 0.0869241 0.772025
0.098387 0.180911 0.720702
0.264316 0.123457 0.612227
0.677157 9.9991E-05 0.322743
9.9991E-05 0.26134 0.73856
0.0920644 0.224619 0.683316
0.43451 0.149714 0.415776
0.550224 0.149196 0.30058
0.557995 0.162191 0.279813
0.601859 0.0646222 0.333518
0.566857 0.0341767 0.398967
0.0702111 0.226892 0.702897
0.312068 0.0929969 0.594935
0.0928872 0.144918 0.762195
0.340223 0.117457 0.54232
0.120569 0.153051 0.72638
0.310354 0.178882 0.510764
0.0808482 0.191459 0.727693
0.20769 0.117643 0.674667
0.630109 0.0342232 0.335668
0.271236 0.134366 0.594398
9.9991E-05 0.242261 0.757639
0.241438 0.146722 0.61184
0.653845 0.252019 0.0941365
0.576678 9.9991E-05 0.423222
0.255957 0.183718 0.560326
0.57263 0.0579379 0.369432
0.534313 0.15038 0.315307
0.330672 0.226294 0.443033
0.255817 0.247783 0.4964
0.439968 0.0502302 0.509802
0.251136 0.165178 0.583686
0.234999 0.10053 0.664471
0.0102905 0.278898 0.710812
0.508121 0.0898378 0.402041
0.632243 0.152491 0.215267
0.650302 0.211772 0.137926
0.579202 0.0645517 0.356247
0.552756 0.121426 0.325818
0.416396 0.124396 0.459208
0.4787 0.124963 0.396337
0.279937 0.484822 0.235242
0.329512 0.507158 0.16333
0.506589 0.190427 0.302984
0.316518 0.449136 0.234347
0.124543 0.611535 0.263922
0.458362 0.132879 0.408759
0.372757 0.286929 0.340315
0.390668 0.309272 0.30006
0.363551 0.428002 0.208448
0.481892 0.139147 0.378962
0.462962 0.320213 0.216825
0.250468 0.636824 0.112708
0.479566 0.0812759 0.439158
0.352204 0.198513 0.449283
0.225938 0.320705 0.453357
0.260308 0.125179 0.614513
0.332519 0.140587 0.526894
0.29544 0.137634 0.566926
0.201409 0.353724 0.444867
0.288139 0.141585 0.570276
0.229208 0.20014 0.570652
0.351461 0.250878 0.397661
0.477216 0.22828 0.294504
0.403745 0.143137 0.453119
0.438262 0.100036 0.461702
0.520858 0.0570638 0.422078
0.184786 0.231874 0.583341
0.338687 0.116097 0.545215
0.147301 0.477191 0.375509
0.373761 0.137233 0.489006
0.184081 0.322873 0.493047
0.0865993 0.870613 0.0427876
0.70546 0.29444 9.9991E-05
0.761136 0.238764 9.9991E-05
0.695863 0.304037 9.9991E-05
0.745611 0.254289 9.9991E-05
0.735089 0.264811 9.9991E-05
0.802816 0.197084 9.9991E-05
0.690634 0.309266 9.9991E-05
0.556142 0.443758 9.9991E-05
9.9991E-05 0.925437 0.0744633
0.0720694 0.824404 0.103527
9.9991E-05 0.847758 0.152142
0.0794691 0.855539 0.0649917
9.9991E-05 0.909896 0.0900038
0.0166154 0.922482 0.0609029
0.0176291 0.760436 0.221935
9.9991E-05 0.861949 0.137951
0.142874 0.742073 0.115053
9.9991E-05 0.865225 0.134675
9.9991E-05 0.960745 0.0391548
0.0233067 0.848441 0.128252
9.9991E-05 0.940346 0.0595541
9.9991E-05 0.870798 0.129102
9.9991E-05 0.856888 0.143012
9.9991E-05 0.812277 0.187623
9.9991E-05 0.739444 0.260456
9.9991E-05 0.72691 0.27299
9.9991E-05 0.764106 0.235794
0.564316 0.223521 0.212164
0.588329 0.060692 0.350979
0.559857 0.0582053 0.381937
0.802861 0.169114 0.0280256
0.56824 0.141569 0.290191
0.678503 0.277375 0.0441215
0.577605 0.0617501 0.360645
0.710371 0.078154 0.211475
0.652355 0.0350043 0.312641
0.719017 9.9991E-05 0.280883
0.69159 0.126036 0.182374
0.512247 0.0770063 0.410747
0.60072 0.0764426 0.322837
0.837152 0.162748 9.9991E-05
0.79494 0.20496 9.9991E-05
0.734798 0.196181 0.0690214
0.526821 0.0552032 0.417976
0.583557 0.114368 0.302075
0.599685 0.0840615 0.316253
0.597971 9.9991E-05 0.401929
0.34478 0.128697 0.526523
0.311815 0.144851 0.543334
0.30488 0.458462 0.236658
0.584957 0.101859 0.313183
0.395002 0.200139 0.404859
0.252789 0.596004 0.151207
0.324535 0.29176 0.383706
0.248314 0.3753 0.376386
0.318073 0.323278 0.358649
0.400893 0.0804002 0.518707
0.371225 0.128346 0.500429
0.371903 0.0813914 0.546706
0.40466 0.164056 0.431284
0.191371 0.443958 0.364671
