0.0167561 9.9991E-05 0.910905 0.0722393
0.00975481 0.00107441 0.989071 9.9991E-05
9.999E-05 0.0937721 0.861802 0.0443254
0.0423546 0.0564448 0.788464 0.112737
0.0179244 0.0336359 0.914423 0.0340166
0.220964 0.0271737 0.667634 0.0842277
0.0962336 9.9991E-05 0.851178 0.0524886
0.16596 9.9991E-05 0.750608 0.0833317
0.16147 9.9982E-05 0.83833 9.9982E-05
0.132775 0.0270802 0.678834 0.161311
0.159108 0.0606768 0.780116 9.9991E-05
0.540465 0.362877 0.0306323 0.0660252
0.251643 0.587899 0.0412724 0.119185
0.430722 0.368284 0.107743 0.0932511
0.280499 0.415254 0.143719 0.160529
0.20682 0.475968 0.145705 0.171507
0.0918541 0.650712 0.0880524 0.169382
0.305765 0.538011 0.0622468 0.0939773
0.289295 0.478831 0.203913 0.0279603
0.660737 0.142576 0.186154 0.0105327
0.38419 0.455585 0.0245983 0.135626
0.403943 0.388523 0.0269978 0.180536
0.233371 0.68375 0.0634122 0.0194671
0.376246 0.440911 0.116526 0.0663163
0.102581 0.675112 0.105537 0.11677
0.154219 0.63967 0.0930186 0.113093
0.503442 0.339563 0.10881 0.0481854
0.396885 0.364803 0.106111 0.132201
0.628952 0.302825 0.0309108 0.0373123
9.9991E-05 0.0791797 0.847725 0.0729957
9.9982E-05 0.142098 0.857702 9.9982E-05
9.9991E-05 0.154585 0.81028 0.0350351
0.00576689 0.106018 0.740481 0.147735
0.231367 0.722491 0.0460416 9.9991E-05
0.0933266 0.809535 0.097038 9.9991E-05
0.123386 0.836022 0.0404926 9.9991E-05
0.575954 0.252732 0.171214 9.9991E-05
0.4118 0.570836 0.0172637 9.9991E-05
0.157142 0.68149 0.161268 9.9991E-05
0.0605025 0.783374 0.0267384 0.129385
0.17118 0.711462 0.117258 9.9991E-05
0.025693 0.807254 0.166953 9.9991E-05
0.521298 0.387478 0.0911238 9.9991E-05
0.197346 0.625252 0.0894249 0.0879765
0.118342 0.669143 0.0930973 0.119417
0.16629 0.649882 0.086926 0.0969018
0.412737 0.587063 9.9982E-05 9.9982E-05
0.140866 0.745837 0.0416503 0.0716472
0.227303 0.660567 0.0938913 0.018239
0.798281 0.0743789 0.12724 9.9991E-05
0.673051 0.314944 0.0119047 9.9991E-05
0.717822 0.160816 0.067291 0.0540703
0.274294 0.548104 9.9991E-05 0.177502
0.10077 0.682839 0.100551 0.115841
0.112787 0.681768 0.107729 0.0977161
0.555978 0.29083 0.146058 0.00713493
0.18994 0.717794 0.033724 0.0585416
0.237391 0.551191 0.0474545 0.163964
0.400569 0.446028 0.123062 0.0303407
0.500491 0.178234 0.255196 0.0660788
0.156166 0.669509 0.0776177 0.0967069
0.392781 0.456852 0.0246922 0.125675
0.68263 0.158951 0.158319 9.9991E-05
0.30847 0.625265 0.0208611 0.0454036
0.183529 0.617347 9.9991E-05 0.199023
0.123116 0.681343 0.111584 0.0839574
0.407634 0.402884 0.126381 0.0631011
0.300061 0.579752 0.0107929 0.109394
0.0832532 0.703961 0.182266 0.0305199
0.608147 0.308909 0.082844 9.9991E-05
0.242019 0.757781 9.9982E-05 9.9982E-05
0.486737 0.501494 0.011669 9.9991E-05
0.193218 0.666705 0.0835422 0.0565352
0.713669 0.286131 9.9982E-05 9.9982E-05
0.730693 0.269107 9.9982E-05 9.9982E-05
0.424859 0.574941 9.9982E-05 9.9982E-05
0.201611 0.742669 0.0556197 9.9991E-05
0.086373 0.706049 0.10561 0.101968
0.274006 0.698373 0.0227932 0.00482739
0.474522 0.454524 0.0708537 9.9991E-05
0.458548 0.481766 0.059586 9.9991E-05
0.208907 0.637877 0.0758028 0.0774134
0.457069 0.50757 9.9991E-05 0.0352613
0.24003 0.725699 0.0341716 9.9991E-05
0.264204 0.721922 0.0137736 9.9991E-05
0.753879 0.239144 9.9991E-05 0.00687716
0.171118 0.711861 0.0621186 0.054902
9.9991E-05 0.15867 0.831956 0.00927443
9.9982E-05 0.0815511 0.918249 9.9982E-05
9.9991E-05 0.0643888 0.872092 0.0634196
9.9991E-05 0.0252038 0.953712 0.0209845
9.9991E-05 0.0534636 0.882085 0.0643517
9.9991E-05 0.0861487 0.912718 0.00103342
9.9991E-05 0.0414507 0.924258 0.0341915
0.201388 0.557999 0.147451 0.0931619
0.123307 0.697149 0.119862 0.0596829
0.636832 0.362969 9.9982E-05 9.9982E-05
0.13797 0.710349 0.0799351 0.071746
0.271378 0.68134 0.0471823 9.9991E-05
0.125394 0.755111 0.0972477 0.0222473
0.197704 0.739971 0.0613849 0.000940088
0.203797 0.688216 9.9991E-05 0.107888
0.727511 0.208369 0.0640199 9.9991E-05
0.178337 0.60316 0.1593 0.0592028
0.0780655 0.775632 0.0970805 0.0492222
0.170634 0.702014 0.0794197 0.0479324
0.425721 0.505125 9.9991E-05 0.0690537
0.222547 0.73718 0.0401734 9.9991E-05
0.271156 0.678762 0.0499816 9.9991E-05
0.372827 0.571107 9.9991E-05 0.0559663
0.267127 0.674249 0.0585237 9.9991E-05
0.129943 0.591055 0.172405 0.106597
0.535953 0.270008 0.0794338 0.114604
0.226872 0.531701 0.1653 0.0761272
0.235109 0.529899 0.157291 0.0777012
0.0941857 0.726338 0.113706 0.065771
0.242039 0.559145 0.139205 0.059611
0.334806 0.563685 0.0292202 0.072289
0.236658 0.635222 0.12802 9.9991E-05
0.191323 0.594367 0.21421 9.9991E-05
0.146256 0.682325 0.131469 0.0399503
0.260967 0.680804 0.0115411 0.0466875
0.308459 0.618654 0.0727871 9.9991E-05
0.207479 0.652188 9.9991E-05 0.140233
0.163129 0.663555 0.136975 0.0363411
0.251989 0.692233 9.9991E-05 0.0556781
0.268103 0.563301 0.00283967 0.165756
0.228548 0.565216 0.0756025 0.130634
0.376608 0.384412 0.204129 0.0348515
0.23772 0.61709 9.9991E-05 0.14509
0.14885 0.690227 0.0639389 0.0969847
0.458394 0.440199 0.0980843 0.0033233
0.557983 0.243923 0.0808208 0.117273
0.249248 0.641046 0.0522037 0.0575025
0.749146 0.138444 9.9991E-05 0.11231
0.514406 0.382322 0.103172 9.9991E-05
0.356549 0.586856 0.0564944 9.9991E-05
0.417864 0.496498 0.0855384 9.9991E-05
0.546803 0.402443 0.0506544 9.9991E-05
0.120264 0.694515 0.133993 0.051228
0.177346 0.594806 0.0556854 0.172163
0.16694 0.670551 0.135984 0.0265249
0.693186 0.180486 0.0197293 0.106599
0.0150531 0.808477 0.17637 9.9991E-05
0.241964 0.563677 0.0405484 0.153811
0.716807 0.0360457 0.192114 0.0550338
0.125637 0.641914 0.0478559 0.184593
0.378088 0.40594 0.105791 0.110181
0.279379 0.517248 0.0620358 0.141337
0.491928 0.3164 0.109105 0.082567
0.563368 0.301742 0.118271 0.0166196
0.326755 0.580707 0.0806548 0.011883
0.258146 0.482536 0.128086 0.131232
0.302807 0.430222 0.18161 0.0853602
0.66962 9.9991E-05 0.0776338 0.252646
0.277996 0.544503 0.0699543 0.107547
0.545367 0.395893 9.9991E-05 0.0586394
0.450487 0.478829 9.9991E-05 0.0705844
0.153396 0.648768 0.14545 0.052386
0.211046 0.155293 0.316588 0.317073
0.17754 9.9991E-05 0.608816 0.213545
0.253456 9.9991E-05 0.501094 0.24535
0.156816 0.062388 0.402482 0.378313
0.14768 0.794675 0.00441961 0.0532261
0.195587 0.671388 0.077221 0.0558039
9.9982E-05 0.279478 9.9982E-05 0.720322
0.105904 0.448932 0.0197767 0.425388
0.137198 0.36012 0.0732339 0.429448
0.494444 0.396176 9.9991E-05 0.10928
0.284141 0.544141 0.0286571 0.143061
0.642868 0.22016 9.9991E-05 0.136872
0.223436 0.623316 0.0374801 0.115768
0.384928 0.480787 0.0464891 0.0877966
0.272062 0.540788 0.0501511 0.136999
0.66553 0.247575 0.00672015 0.0801739
0.150194 0.674919 0.0425581 0.132328
0.142908 0.64714 0.0750316 0.134921
0.00129868 9.9982E-05 9.9982E-05 0.998501
0.0155063 0.0813297 9.9991E-05 0.903064
9.9991E-05 0.269458 0.0746436 0.655798
9.9982E-05 0.332305 9.9982E-05 0.667495
0.0232956 0.0973165 9.9991E-05 0.879288
9.998E-05 9.998E-05 9.998E-05 0.9997
0.0285217 9.9982E-05 9.9982E-05 0.971278
9.9982E-05 0.0915402 9.9982E-05 0.90826
0.0106752 0.0120781 9.9991E-05 0.977147
9.998E-05 9.998E-05 9.998E-05 0.9997
9.998E-05 9.998E-05 9.998E-05 0.9997
9.9991E-05 0.191134 0.00810406 0.800662
9.9991E-05 0.11911 0.103721 0.777069
0.00546687 0.0232674 9.9991E-05 0.971166
0.13623 0.367397 0.0496313 0.446741
9.9991E-05 0.278981 0.0765846 0.644334
9.9991E-05 0.207906 0.0514076 0.740587
9.9991E-05 0.039944 0.043902 0.916054
9.998E-05 9.998E-05 9.998E-05 0.9997
9.9991E-05 0.113578 0.0417463 0.844576
9.998E-05 9.998E-05 9.998E-05 0.9997
0.0147647 0.313488 0.08711 0.584637
0.00400667 0.0351996 0.03146 0.929334
0.500329 9.9991E-05 0.358255 0.141316
0.27913 0.342607 0.148843 0.229421
0.165771 0.429489 0.247454 0.157286
0.378623 0.131232 0.261453 0.228693
0.191113 0.495943 0.141246 0.171699
0.3422 0.194028 0.27113 0.192642
0.210844 0.402646 0.203656 0.182854
0.270407 0.287128 0.129728 0.312737
0.19325 0.404233 0.15162 0.250897
0.101982 0.403972 0.200394 0.293652
0.196365 0.451017 0.182127 0.170492
0.0620057 0.0474344 0.884863 0.00569708
9.9982E-05 9.9982E-05 0.941338 0.058462
0.0081485 9.9982E-05 0.991652 9.9982E-05
9.9982E-05 0.0316179 0.968182 9.9982E-05
9.9991E-05 0.0182562 0.929683 0.0519608
9.9982E-05 9.9982E-05 0.911492 0.088308
9.9982E-05 9.9982E-05 0.908687 0.0911126
0.0604814 9.9991E-05 0.891157 0.0482619
0.00196865 0.0752569 0.888749 0.0340258
0.00825312 9.9991E-05 0.88933 0.102317
0.320101 9.9991E-05 0.679666 0.000133281
0.312126 0.0225539 0.66522 9.9991E-05
0.386845 9.9982E-05 0.612955 9.9982E-05
0.457665 9.9982E-05 0.542135 9.9982E-05
0.190934 0.733902 0.0750641 9.9991E-05
0.281219 0.61902 0.0758668 0.0238938
0.2626 0.611743 9.9991E-05 0.125556
0.424787 0.47599 0.099123 9.9991E-05
0.62348 0.321131 0.0552887 9.9991E-05
0.202771 0.656387 9.9991E-05 0.140742
0.264177 0.735623 9.9982E-05 9.9982E-05
0.27973 0.688362 0.0318077 9.9991E-05
0.34999 0.606632 9.9991E-05 0.0432784
0.0887828 0.736741 0.0912585 0.0832177
0.370627 0.629173 9.9982E-05 9.9982E-05
0.873803 0.11162 9.9991E-05 0.0144764
0.183541 0.749965 0.0608316 0.00566232
0.497481 0.468736 0.021047 0.0127353
0.258995 0.668701 0.00374502 0.0685593
0.585938 0.389445 0.0245173 9.9991E-05
0.711406 0.0310245 0.241469 0.0161007
0.683631 0.123306 0.192963 9.9991E-05
0.709794 0.0749196 0.215186 9.9991E-05
0.707809 0.0395315 0.25256 9.9991E-05
0.729788 0.0996677 0.170444 9.9991E-05
0.617351 0.198213 0.184337 9.9991E-05
9.9991E-05 0.110928 0.874366 0.0146066
9.9991E-05 0.0876301 0.840291 0.0719792
9.9991E-05 0.0946464 0.755252 0.150002
0.00514531 0.0943328 0.783481 0.117041
9.9991E-05 0.10325 0.782066 0.114584
0.492483 9.9982E-05 0.507317 9.9982E-05
0.466729 9.9982E-05 0.533071 9.9982E-05
0.485166 0.0133634 0.501371 9.9991E-05
9.9991E-05 0.134926 0.855627 0.00934639
0.491769 0.0195953 0.488536 9.9991E-05
0.0921941 0.232416 0.217449 0.45794
0.0427457 0.514609 0.153856 0.288789
9.9991E-05 0.532492 0.191373 0.276035
0.0865266 0.34464 0.297939 0.270894
0.0779196 0.49649 0.190202 0.235388
0.151311 9.9991E-05 0.493185 0.355403
0.395502 0.563588 0.0408098 9.9991E-05
0.469458 0.411505 0.0569232 0.0621135
0.410344 0.399182 0.190374 9.9991E-05
0.371683 0.578016 9.9991E-05 0.0502012
0.9997 9.998E-05 9.998E-05 9.998E-05
0.222114 0.59371 0.0690175 0.115159
0.346095 0.492079 0.0172827 0.144543
0.368657 0.525985 0.105258 9.9991E-05
0.107936 0.653564 0.154875 0.083625
0.73489 0.194512 0.0402658 0.0303322
0.398995 0.443635 9.9991E-05 0.15727
0.282846 0.619132 0.0466834 0.0513379
0.173242 0.420458 0.148517 0.257783
0.48211 0.447897 9.9991E-05 0.0698921
0.328656 0.559717 0.0674331 0.0441939
0.366048 0.442565 9.9991E-05 0.191287
0.330423 0.577318 0.00132182 0.0909373
0.107334 0.708763 0.0764046 0.107498
0.145717 0.658761 0.195423 9.9991E-05
0.16239 0.625585 0.147157 0.0648681
9.9991E-05 0.111665 0.806827 0.0814081
9.9991E-05 0.111423 0.869825 0.0186523
0.131716 0.0188547 0.810866 0.0385629
0.0993542 0.0340177 0.828842 0.0377866
9.9982E-05 0.123454 0.876346 9.9982E-05
0.571808 0.282258 0.0995854 0.0463492
0.282383 0.508211 0.0679799 0.141426
0.0394342 0.511399 0.20805 0.241117
0.131645 0.736543 0.0504672 0.0813438
0.217077 0.685779 0.0970431 9.9991E-05
0.614099 0.229133 0.0145729 0.142195
0.695573 0.0782795 0.226048 9.9991E-05
0.274448 0.603731 0.0670191 0.054802
0.582093 0.202364 0.18458 0.0309632
0.280261 0.517199 0.0948892 0.10765
0.620168 0.136987 0.18453 0.0583146
0.0594505 0.729839 0.183694 0.0270165
0.494922 0.315631 0.189347 9.9991E-05
0.449509 0.421811 9.9991E-05 0.12858
0.294625 0.511589 0.0883928 0.105394
0.551971 0.300736 0.0464146 0.100879
0.181783 0.620873 0.136442 0.0609016
0.13334 0.674336 0.132314 0.0600104
0.497414 0.460215 0.0143208 0.0280504
0.190987 0.547731 0.0803609 0.180921
0.234732 0.698424 0.066744 9.9991E-05
0.812017 0.126779 9.9991E-05 0.0611037
0.593995 0.325376 9.9991E-05 0.0805285
0.36536 0.559509 0.0281025 0.0470282
0.695645 0.263234 0.0410213 9.9991E-05
0.339352 0.622304 9.9991E-05 0.0382434
0.585922 0.292313 0.121665 9.9991E-05
0.650008 0.279372 9.9991E-05 0.0705203
0.323279 0.528948 0.116228 0.0315446
0.0988491 0.792853 0.0700889 0.0382085
0.536174 0.463626 9.9982E-05 9.9982E-05
0.318135 0.465242 0.116883 0.0997406
0.184401 0.643935 0.0630553 0.108608
0.197912 0.599388 0.0518678 0.150832
0.279102 0.498493 9.9991E-05 0.222305
0.209128 0.635746 0.139774 0.0153525
0.585262 0.318131 9.9991E-05 0.0965077
0.496164 0.316455 0.00711962 0.180261
0.249528 0.62792 0.00148822 0.121065
0.195357 0.654541 0.0716596 0.0784429
0.319026 0.587303 0.0925562 0.00111534
0.341318 0.484345 9.9991E-05 0.174237
0.298625 0.505869 0.176883 0.0186229
0.264687 0.632917 0.00956889 0.0928272
0.17457 0.68627 0.115238 0.0239223
0.234773 0.560696 0.095914 0.108617
0.0835667 0.359197 0.343191 0.214045
0.0994951 0.458829 0.0949673 0.346709
0.0359225 0.660467 0.199991 0.10362
0.0999046 0.63578 0.110317 0.153999
0.0948932 0.493993 0.182892 0.228222
0.383029 0.51148 9.9991E-05 0.10539
0.0712625 0.492376 0.189085 0.247276
0.488552 9.9991E-05 0.244374 0.266973
0.143489 0.473061 0.0911211 0.292329
0.129619 0.593241 0.0841325 0.193008
0.16211 0.408212 0.0634965 0.366181
0.265765 0.284445 0.208736 0.241054
0.0547461 0.586817 0.206834 0.151603
0.0651244 0.50077 0.103959 0.330146
0.25591 9.9991E-05 0.498796 0.245193
0.0191528 0.566466 0.216386 0.197995
0.0197456 0.552661 0.116674 0.31092
0.0742357 0.725434 0.140398 0.0599317
0.0729326 0.470974 0.183723 0.272371
0.0878119 0.64341 0.195461 0.0733165
0.332112 0.503254 0.0703409 0.0942933
0.20496 0.605697 0.0863618 0.102981
0.853638 0.0572469 9.9991E-05 0.0890152
0.876252 0.0814317 9.9991E-05 0.0422164
0.321506 0.46105 0.0394413 0.178003
0.13326 0.40211 0.0869535 0.377677
0.14732 0.278734 0.126256 0.44769
0.24754 0.147108 0.186991 0.418361
0.0750334 0.415593 0.184556 0.324818
0.641231 0.0741865 0.0776848 0.206898
0.513491 0.164256 0.0561512 0.266102
0.23795 0.592598 9.9991E-05 0.169352
0.27948 0.495599 0.0289809 0.19594
0.498445 0.26924 0.0442047 0.18811
0.222244 0.528846 0.0967747 0.152135
0.263777 0.498243 0.0341571 0.203823
0.305384 0.453567 0.0754012 0.165648
0.544124 0.439485 0.0162911 9.9991E-05
0.472054 0.419507 9.9991E-05 0.108339
0.265872 0.565971 0.099655 0.0685023
0.354594 0.460679 0.0850967 0.0996301
0.271805 0.437864 0.0793964 0.210934
0.366307 0.569213 9.9991E-05 0.0643798
0.646389 0.311868 9.9991E-05 0.0416423
0.189014 0.686568 9.9991E-05 0.124318
0.702138 0.236754 9.9991E-05 0.0610079
0.425797 0.4895 0.0208 0.0639033
0.164847 0.677332 0.0875389 0.0702822
0.359042 0.557518 9.9991E-05 0.0833399
0.0086947 0.598698 0.23412 0.158487
0.136451 0.46672 0.153966 0.242862
0.136264 0.341367 0.223257 0.299112
0.189418 0.345711 0.234551 0.23032
0.190449 0.39124 0.186518 0.231793
0.241907 0.392937 0.13735 0.227805
0.563011 9.9991E-05 0.164389 0.2725
0.0430693 0.605964 0.0464247 0.304542
0.389838 9.9991E-05 0.380304 0.229758
0.108523 0.596304 0.0534809 0.241691
0.682648 0.309793 9.9991E-05 0.00745923
0.919839 0.0462512 9.9991E-05 0.0338101
0.400341 0.593272 9.9991E-05 0.00628656
0.197456 0.709282 9.9991E-05 0.0931623
0.43162 0.552679 9.9991E-05 0.0156004
0.28427 0.654543 0.044664 0.0165233
0.313295 0.567454 9.9991E-05 0.119151
0.0550582 0.0674788 0.834596 0.0428667
0.0965393 0.0261749 0.783341 0.0939449
9.9982E-05 9.9982E-05 0.925833 0.0739671
9.9982E-05 0.0470271 0.952773 9.9982E-05
0.225647 0.699362 0.0551214 0.0198694
0.19595 0.734096 0.0698535 9.9991E-05
0.210036 0.782843 0.00702097 9.9991E-05
0.166016 0.676815 0.157069 9.9991E-05
0.155355 0.632529 0.110726 0.10139
0.433773 0.515224 0.0509034 9.9991E-05
0.148551 0.851249 9.9982E-05 9.9982E-05
0.431512 0.568288 9.9982E-05 9.9982E-05
0.153016 0.321438 0.25389 0.271656
0.347606 0.544626 9.9991E-05 0.107668
0.404431 0.572473 0.022996 9.9991E-05
0.253215 0.712454 9.9991E-05 0.034231
0.297181 0.655862 0.0468576 9.9991E-05
0.19672 0.747681 9.9991E-05 0.0554983
0.122933 0.759248 0.0771515 0.0406677
0.573508 0.426292 9.9982E-05 9.9982E-05
0.428488 0.554791 0.0166209 9.9991E-05
0.478036 0.487887 0.00850798 0.0255696
0.781576 0.218224 9.9982E-05 9.9982E-05
0.337963 0.589747 0.0445552 0.0277349
0.624487 0.349871 9.9991E-05 0.0255419
0.837287 0.129219 9.9991E-05 0.0333944
0.171931 0.785171 0.0031492 0.0397485
0.493739 0.486477 0.019684 9.9991E-05
0.352791 0.599374 0.0161208 0.0317143
0.184241 0.576693 0.0627891 0.176276
0.287042 0.66426 9.9991E-05 0.0485975
0.504576 0.323071 9.9991E-05 0.172253
0.256059 0.732267 9.9991E-05 0.0115732
0.299369 0.663592 0.0368484 0.000190907
0.45439 0.54541 9.9982E-05 9.9982E-05
0.238535 0.665994 0.0325189 0.0629521
0.252224 0.0316175 0.716058 9.9991E-05
0.0821052 0.111363 0.806432 9.9991E-05
0.141348 9.9982E-05 0.858452 9.9982E-05
0.151479 9.9982E-05 0.848321 9.9982E-05
0.138534 0.0543633 0.807003 9.9991E-05
0.554645 0.397479 0.047776 9.9991E-05
0.593693 0.3596 0.0466069 9.9991E-05
0.522715 0.477085 9.9982E-05 9.9982E-05
0.215877 0.615498 0.0373204 0.131305
0.26769 0.581494 0.0624693 0.0883466
0.38193 0.61787 9.9982E-05 9.9982E-05
0.139641 0.704602 0.0236855 0.132071
0.276773 0.662303 0.0608244 9.9991E-05
0.182609 0.740268 0.0372474 0.0398764
0.0955497 0.73989 0.0919798 0.0725809
0.469818 0.529982 9.9982E-05 9.9982E-05
0.361733 0.638067 9.9982E-05 9.9982E-05
0.380491 0.619309 9.9982E-05 9.9982E-05
0.212999 0.627422 0.122015 0.037564
0.338986 0.660815 9.9982E-05 9.9982E-05
0.25951 0.698889 0.0282908 0.0133095
0.0768198 0.413907 0.082983 0.42629
0.0412657 0.289482 0.124545 0.544708
9.9991E-05 0.432674 0.13504 0.432186
9.9991E-05 0.336893 0.141092 0.521915
9.9991E-05 0.473646 0.151004 0.37525
0.296675 0.614114 0.0286321 0.0605783
9.9991E-05 0.0691244 0.296105 0.63467
9.9991E-05 0.344345 0.109757 0.545798
0.16269 0.408504 0.199134 0.229672
0.107367 0.688174 0.199941 0.00451899
0.26058 0.428822 0.219351 0.0912464
0.154077 0.690654 0.131107 0.0241619
0.0981942 0.701407 0.154359 0.0460397
9.9991E-05 0.28836 0.192382 0.519158
0.0357813 0.485938 0.0904664 0.387814
9.9991E-05 0.413394 0.0745453 0.511961
0.118165 0.4735 0.0961316 0.312203
0.0371877 0.297544 0.109201 0.556067
0.07433 0.497963 0.124242 0.303464
0.0495784 0.196057 0.182373 0.571992
0.0965706 0.4763 0.0323241 0.394805
0.174448 0.645056 0.0876397 0.0928556
0.0662376 0.384453 0.170378 0.378932
9.9991E-05 0.171002 0.162485 0.666413
0.0649141 0.422263 0.203639 0.309184
0.469086 0.29726 0.233487 0.000167145
0.192056 0.602668 0.0191393 0.186136
0.0652884 0.40844 0.172535 0.353736
0.0864886 0.675126 0.217332 0.0210529
0.176033 0.625407 0.19846 9.9991E-05
0.129472 0.384788 0.226111 0.259629
0.12079 0.309865 0.216393 0.352952
0.106567 0.694348 0.080597 0.118489
0.0147034 0.404187 0.144033 0.437077
9.9991E-05 0.403278 0.0824196 0.514203
0.00598662 0.116815 0.207373 0.669825
0.0473838 0.717433 0.15676 0.0784233
0.245452 0.594026 0.160421 9.9991E-05
0.588671 0.107497 0.10361 0.200221
0.0547153 0.677929 0.148921 0.118435
0.305757 0.472892 0.170303 0.0510483
0.1269 0.458571 0.196206 0.218324
0.217534 0.435906 0.164361 0.182198
0.369691 9.9991E-05 0.368425 0.261784
0.44131 9.9991E-05 0.366762 0.191828
0.418243 0.231811 0.140526 0.209421
0.369135 9.9991E-05 0.378288 0.252477
0.211276 9.9991E-05 0.476766 0.311857
0.268282 0.343202 0.133335 0.25518
0.127103 0.468563 0.331269 0.0730646
0.295018 0.185274 0.258681 0.261027
0.344993 0.0526403 0.349625 0.252742
0.215849 0.497324 0.170501 0.116326
0.413231 0.12673 0.251935 0.208103
0.380993 9.9991E-05 0.474886 0.144021
0.201188 0.439608 0.106519 0.252684
0.09294 0.411701 0.238036 0.257323
9.9991E-05 0.544062 0.305587 0.150251
9.9991E-05 0.517161 0.189577 0.293162
0.0369013 0.549684 0.205366 0.208049
0.0932748 0.430021 0.165037 0.311668
9.9991E-05 0.422294 0.383727 0.193878
0.0450296 0.552166 0.192059 0.210745
9.9991E-05 0.447984 0.272642 0.279274
0.12157 0.291794 0.30473 0.281907
0.282443 0.363193 0.174952 0.179412
0.0419832 0.646802 0.173601 0.137614
0.0981967 0.546323 0.21423 0.141249
0.0384546 0.652442 0.15301 0.156093
0.0660602 0.359237 0.263946 0.310757
0.07533 0.506328 0.193683 0.224659
0.119277 0.185219 0.425297 0.270207
0.0883256 0.491155 0.2276 0.192919
0.177947 0.180675 0.256449 0.38493
0.122109 0.0350344 0.822918 0.019939
0.629754 0.175858 0.194287 9.9991E-05
0.723268 0.0680865 0.208545 9.9991E-05
0.732801 0.0718391 0.19526 9.9991E-05
0.766064 0.104896 0.128939 9.9991E-05
0.639659 0.148942 0.211299 9.9991E-05
0.690495 0.185984 0.123421 9.9991E-05
0.754936 0.0191172 0.225846 9.9991E-05
0.583465 0.0893137 0.327122 9.9991E-05
0.0153543 0.0427908 0.940491 0.0013636
0.0775859 0.0730691 0.831 0.0183448
0.00582106 0.0293437 0.932206 0.0326296
0.126508 0.00782369 0.865568 9.9991E-05
0.00503685 9.9991E-05 0.922961 0.0719023
0.0655116 9.9982E-05 0.934288 9.9982E-05
9.9991E-05 0.100937 0.798624 0.100339
9.9991E-05 0.0546644 0.859478 0.0857581
0.112763 0.0722708 0.755238 0.0597278
9.9982E-05 9.9982E-05 0.923654 0.0761464
9.998E-05 9.998E-05 0.9997 9.998E-05
0.0471513 9.9991E-05 0.864498 0.0882507
9.9982E-05 0.0172332 0.982567 9.9982E-05
9.9991E-05 0.0226701 0.925271 0.0519587
9.9991E-05 0.138848 0.856658 0.00439452
9.9991E-05 0.0858928 0.852703 0.0613045
9.9991E-05 0.0943765 0.78201 0.123513
9.9991E-05 0.128524 0.775261 0.0961142
9.9991E-05 0.0960092 0.81244 0.0914504
0.269349 0.490019 0.240532 9.9991E-05
0.0927648 0.808234 0.098901 9.9991E-05
0.0495956 0.656008 0.136521 0.157875
0.656571 0.151781 0.0890395 0.102608
0.273022 0.55124 0.111032 0.0647054
0.574157 0.0970124 0.17237 0.15646
0.124235 0.675428 0.0352434 0.165094
0.326549 0.519284 0.154067 9.9991E-05
0.183014 0.69207 0.124816 9.9991E-05
0.241828 0.727246 0.0305629 0.000362958
0.240655 0.575703 0.183543 9.9991E-05
0.0891703 0.705735 0.136928 0.0681671
0.149922 0.724919 0.125059 9.9991E-05
0.75577 0.0859705 0.0162934 0.141966
0.842386 9.9991E-05 0.0865369 0.0709773
0.656659 0.114407 0.0546982 0.174236
0.155808 0.697028 0.0871705 0.0599938
0.186598 0.601643 0.15594 0.0558195
0.170428 0.602718 0.187703 0.0391502
0.104923 0.76722 0.091629 0.0362277
0.0743204 0.53346 0.184961 0.207259
9.9991E-05 0.624809 0.181146 0.193946
0.198454 0.175289 0.437532 0.188725
0.153342 0.684828 0.0978275 0.064003
0.169952 0.401675 0.242288 0.186085
0.305557 9.9991E-05 0.445865 0.248478
0.0575635 0.457564 0.314039 0.170834
0.0712535 0.369511 0.383878 0.175358
0.0663446 0.529908 0.372009 0.0317392
0.11716 0.512436 0.158005 0.212398
0.0922249 0.486721 0.163743 0.257311
0.00251805 0.612653 0.203596 0.181233
0.0792211 0.491031 0.263413 0.166335
0.0104944 0.35574 0.509361 0.124405
