0.0162282 9.9964E-05 0.0206083 9.9964E-05 0.028565 0.813775 9.9964E-05 0.0531739 0.0672501 9.9964E-05
9.9955E-05 0.105546 0.00577528 9.9955E-05 9.9955E-05 0.858362 9.9955E-05 0.000888889 0.028928 9.9955E-05
0.0108035 9.9964E-05 0.0288267 9.9964E-05 0.0249354 0.748376 9.9964E-05 9.9964E-05 0.0548925 0.131766
9.9964E-05 0.0248699 0.0586412 9.9964E-05 0.105313 0.701354 9.9964E-05 0.0558145 0.0536071 9.9964E-05
9.9946E-05 9.9946E-05 9.9946E-05 9.9946E-05 0.0546746 0.847335 9.9946E-05 0.0531735 9.9946E-05 0.0442169
0.0736363 9.9982E-05 0.084741 0.0453154 0.0349293 0.600921 0.105073 0.00722524 9.9982E-05 0.0479586
0.105168 9.9955E-05 0.0451795 0.0639013 9.9955E-05 0.757792 9.9955E-05 9.9955E-05 0.0274603 9.9955E-05
0.0334419 9.9991E-05 0.130163 0.0421443 0.0293498 0.693181 0.00963838 0.0196085 0.0399449 0.00242853
9.99549E-05 9.99549E-05 9.99549E-05 0.0638929 9.99549E-05 0.806259 0.0719329 0.0484341 0.00898084 9.99549E-05
9.9973E-05 0.0544539 0.0336295 0.0763905 0.0589154 0.653242 9.9973E-05 9.9973E-05 0.0435048 0.0795644
0.0263545 9.9964E-05 0.0717246 0.0623894 9.9964E-05 0.750513 9.9964E-05 0.0527977 9.9964E-05 0.0358214
0.844041 9.9946E-05 0.040034 9.9946E-05 0.0512115 9.9946E-05 9.9946E-05 9.9946E-05 9.9946E-05 0.0641142
0.410785 9.9973E-05 0.0890694 0.00569859 0.010933 9.9973E-05 9.9973E-05 0.0473762 0.0287377 0.4071
0.712079 0.0697215 0.020196 9.9973E-05 0.072807 0.0242837 9.9973E-05 9.9973E-05 0.0238846 0.076728
0.735918 9.9946E-05 9.9946E-05 9.9946E-05 0.18929 0.01384 9.9946E-05 9.9946E-05 9.9946E-05 0.0603523
0.495558 0.0231876 9.9973E-05 0.0449775 0.140182 0.0988248 9.9973E-05 9.9973E-05 0.00601954 0.19095
0.371687 9.9955E-05 0.0277506 9.9955E-05 0.154186 0.0565837 9.9955E-05 9.9955E-05 9.9955E-05 0.389293
0.444958 0.00293983 9.9973E-05 0.019223 0.0249542 9.9973E-05 0.0649126 9.9973E-05 0.0697405 0.372972
0.601848 9.9973E-05 9.9973E-05 9.9973E-05 0.109876 0.0927654 0.0158413 0.00597268 0.0155881 0.157808
0.788416 0.0747922 9.9946E-05 9.9946E-05 9.9946E-05 0.037615 9.9946E-05 0.0985771 9.9946E-05 9.9946E-05
0.384521 9.9964E-05 0.120511 9.9964E-05 0.11748 0.0051029 0.132869 9.9964E-05 9.9964E-05 0.239116
0.299073 0.103014 9.9973E-05 0.077615 9.9973E-05 0.0294855 9.9973E-05 0.00651013 0.0377604 0.446242
0.338575 9.9973E-05 0.035002 9.9973E-05 0.0243508 0.035429 0.0580867 0.00451325 9.9973E-05 0.503744
0.765829 9.9946E-05 9.9946E-05 9.9946E-05 0.0900373 9.9946E-05 9.9946E-05 9.9946E-05 0.0213701 0.122164
0.163839 0.111345 9.9973E-05 9.9973E-05 0.0818074 0.0505595 0.0335107 9.9973E-05 0.0483578 0.510281
0.521013 9.9973E-05 9.9973E-05 0.00860488 0.0768382 0.00168744 0.001899 9.9973E-05 0.038288 0.35137
0.861714 9.9937E-05 9.9937E-05 9.9937E-05 0.119196 9.9937E-05 9.9937E-05 9.9937E-05 0.0183903 9.9937E-05
0.788224 9.9937E-05 9.9937E-05 9.9937E-05 0.163392 9.9937E-05 9.9937E-05 9.9937E-05 9.9937E-05 0.0476847
0.793859 0.0799076 0.0203058 9.9964E-05 0.00403253 0.0142778 9.9964E-05 9.9964E-05 9.9964E-05 0.0872179
9.99201E-05 9.99201E-05 9.99201E-05 9.99201E-05 9.99201E-05 9.99201E-05 9.99201E-05 9.99201E-05 0.999101 9.99201E-05
9.99201E-05 9.99201E-05 9.99201E-05 9.99201E-05 9.99201E-05 9.99201E-05 9.99201E-05 9.99201E-05 0.999101 9.99201E-05
9.9955E-05 9.9955E-05 9.9955E-05 9.9955E-05 9.9955E-05 0.459732 0.028065 0.0212854 0.357572 0.132845
9.9955E-05 9.9955E-05 9.9955E-05 9.9955E-05 0.02232 0.550759 0.0478123 9.9955E-05 0.27117 0.107439
0.09532 0.0200562 0.0159467 0.11426 9.9973E-05 9.9973E-05 0.233622 9.9973E-05 0.00781014 0.512685
0.124088 0.0230053 0.0227857 9.9973E-05 9.9973E-05 0.0796928 0.258189 0.046563 9.9973E-05 0.445375
9.9937E-05 9.9937E-05 9.9937E-05 9.9937E-05 9.9937E-05 9.9937E-05 0.401076 0.0405567 9.9937E-05 0.557668
0.407344 0.0182847 9.9982E-05 0.00976313 9.9982E-05 0.0483801 0.0508575 0.332224 0.0218837 0.111062
9.9964E-05 9.9964E-05 9.9964E-05 0.0135897 0.0379787 9.9964E-05 0.586106 0.033171 0.0281037 0.300651
0.00106748 0.0151377 9.9973E-05 9.9973E-05 0.0119586 0.0470043 0.186983 0.182404 9.9973E-05 0.555145
9.9964E-05 9.9964E-05 9.9964E-05 0.054411 0.00560286 0.0221035 0.240854 9.9964E-05 0.00618723 0.670442
9.9973E-05 9.9973E-05 0.0794499 0.146886 9.9973E-05 0.0687546 0.0754257 0.0312457 0.0457214 0.552217
0.00036781 9.9982E-05 0.0627363 9.9982E-05 0.00398881 0.0065891 0.203737 0.0477669 0.100536 0.574078
0.159653 9.9973E-05 0.0231764 9.9973E-05 9.9973E-05 0.0479317 0.641456 0.00815989 0.0224941 0.0968291
0.0645298 9.9982E-05 0.0121371 0.157243 0.0807403 0.026658 0.12629 0.0071503 9.9982E-05 0.525052
9.9973E-05 0.099301 9.9973E-05 0.042123 0.0485076 0.0285324 0.199306 9.9973E-05 0.0343868 0.547544
0.0465151 9.9991E-05 0.0413194 0.0382368 0.0516323 0.0542494 0.212763 0.0496181 0.0668961 0.43867
9.9946E-05 0.0601019 9.9946E-05 0.0032823 9.9946E-05 9.9946E-05 0.66964 9.9946E-05 9.9946E-05 0.266376
9.9955E-05 9.9955E-05 9.9955E-05 0.048495 9.9955E-05 9.9955E-05 0.294236 0.00226243 0.0622019 0.592305
0.0239899 9.9991E-05 0.0470262 0.0862989 0.0545179 0.0786511 0.180271 0.0113695 0.0134059 0.504369
9.9946E-05 9.9946E-05 9.9946E-05 0.267017 9.9946E-05 0.0475451 0.671529 9.9946E-05 0.0133098 9.9946E-05
0.349427 0.0527096 0.0360122 0.0912738 9.9973E-05 9.9973E-05 0.0981592 0.211353 9.9973E-05 0.160766
0.36228 0.163662 0.0519149 0.287913 0.00854714 9.9982E-05 0.0833447 0.0116867 9.9982E-05 0.030452
0.0116861 0.0751659 0.0269847 0.0482226 0.0785154 0.0427402 0.0681342 0.109573 9.9991E-05 0.538878
0.053117 0.122777 0.0245944 0.0473575 0.0730309 0.0601107 9.9982E-05 0.0320362 9.9982E-05 0.586777
9.9982E-05 0.115196 0.0665773 0.0459306 0.142086 0.00603074 0.117233 9.9982E-05 0.0204866 0.48626
0.17382 0.0924624 0.033746 0.100615 0.0139699 0.0604003 0.159418 0.186919 0.0280814 0.150567
0.123896 0.0870267 0.0765449 0.0436882 9.9973E-05 9.9973E-05 9.9973E-05 0.126829 0.00579065 0.535924
0.107292 9.9973E-05 9.9973E-05 0.132804 0.0345636 9.9973E-05 0.0496863 0.104176 0.0248715 0.546306
0.296394 0.0464304 9.9991E-05 0.036851 0.030279 0.0872729 0.0965767 0.0304974 0.037481 0.338118
0.541969 0.0115536 0.0751013 0.12569 0.0164195 0.143693 0.0100616 9.9991E-05 0.0623233 0.0130884
0.0863813 0.0936222 9.9973E-05 0.000837648 9.9973E-05 9.9973E-05 0.175634 0.113352 0.0533944 0.476478
0.245494 0.0806941 0.0447377 9.9982E-05 0.0289293 0.111262 0.0500531 0.0826388 9.9982E-05 0.355991
0.743237 9.9946E-05 0.124118 0.101619 9.9946E-05 9.9946E-05 9.9946E-05 9.9946E-05 0.0304266 9.9946E-05
0.437257 0.0982418 9.9964E-05 0.0360778 0.00557881 9.9964E-05 9.9964E-05 0.0274932 9.9964E-05 0.394952
0.0672018 0.192193 9.9964E-05 0.0565229 9.9964E-05 9.9964E-05 9.9964E-05 0.00571888 0.0650764 0.612887
0.0710595 0.0327935 9.9991E-05 0.0190861 0.0892148 0.00794622 0.0265081 0.232762 0.0743918 0.446138
0.415178 0.049451 0.0366975 0.0892262 0.0815941 9.9991E-05 0.0803319 0.0390294 0.0152262 0.193166
0.323736 0.0815503 0.0197602 0.0386676 0.13322 9.9982E-05 0.081508 9.9982E-05 0.0345275 0.28683
0.0835691 0.135664 0.0398829 9.9991E-05 0.0135484 0.00478358 0.0659534 0.0721808 0.0733254 0.510993
0.525283 0.00806289 0.0318621 0.101937 9.9982E-05 9.9982E-05 0.103211 0.0525911 0.0658794 0.110974
0.114925 9.9955E-05 0.028069 9.9955E-05 9.9955E-05 9.9955E-05 0.34278 0.000811904 9.9955E-05 0.512914
0.226769 9.9946E-05 9.9946E-05 9.9946E-05 9.9946E-05 9.9946E-05 0.605858 9.9946E-05 0.0443605 0.122413
9.9973E-05 0.0341471 0.0367672 9.9973E-05 0.0326357 0.102544 0.230222 0.0744691 9.9973E-05 0.488914
0.0189919 9.9946E-05 9.9946E-05 0.184469 9.9946E-05 9.9946E-05 0.795047 9.9946E-05 0.000892767 9.9946E-05
0.0958427 0.0149042 0.0275509 0.0839012 9.9955E-05 9.9955E-05 0.777301 9.9955E-05 9.9955E-05 9.9955E-05
9.9946E-05 0.00803396 9.9946E-05 0.0297848 9.9946E-05 9.9946E-05 0.700197 9.9946E-05 9.9946E-05 0.261385
0.118418 9.9955E-05 0.0563623 9.9955E-05 9.9955E-05 9.9955E-05 0.404016 9.9955E-05 0.0349571 0.385747
0.0927263 9.9973E-05 9.9973E-05 9.9973E-05 0.000974643 0.11754 0.147033 0.00724198 0.027646 0.606539
0.130581 9.9964E-05 9.9964E-05 9.9964E-05 0.0325203 9.9964E-05 0.337641 0.0735709 0.0521702 0.373117
0.150098 9.9964E-05 0.0609088 9.9964E-05 0.065211 9.9964E-05 0.614012 9.9964E-05 0.0252475 0.0841226
0.077113 9.9973E-05 0.0872383 9.9973E-05 9.9973E-05 0.0403892 0.455412 0.0724168 0.0255958 0.241535
9.9964E-05 9.9964E-05 9.9964E-05 0.0601455 0.142291 9.9964E-05 0.211645 0.115789 0.0606409 0.409088
0.210708 9.9946E-05 9.9946E-05 9.9946E-05 9.9946E-05 9.9946E-05 0.522693 9.9946E-05 0.0396447 0.226355
0.213298 9.9964E-05 9.9964E-05 0.0415385 9.9964E-05 0.00604806 0.38974 9.9964E-05 0.0209804 0.327996
9.9955E-05 0.0279112 9.9955E-05 0.0596575 9.9955E-05 9.9955E-05 0.549893 9.9955E-05 0.0398345 0.322204
0.0329429 0.109441 9.9964E-05 0.188053 0.00647735 0.00871817 0.653968 9.9964E-05 9.9964E-05 9.9964E-05
0.0600582 9.9973E-05 0.00655944 0.010106 0.0352485 9.9973E-05 0.22162 0.0983693 9.9973E-05 0.567739
0.0432903 9.9964E-05 9.9964E-05 9.9964E-05 0.0442845 0.781921 9.9964E-05 0.0188714 0.0489197 0.0623136
9.99371E-05 9.99371E-05 9.99371E-05 9.99371E-05 9.99371E-05 0.808174 9.99371E-05 9.99371E-05 0.101335 0.0897912
0.0158333 9.9964E-05 9.9964E-05 9.9964E-05 0.0523993 0.764019 0.00216612 9.9964E-05 0.113092 0.0520906
9.9964E-05 9.9964E-05 9.9964E-05 0.00267683 0.00183311 0.804732 0.0258274 9.9964E-05 0.106193 0.058338
9.9955E-05 9.9955E-05 9.9955E-05 0.00227094 0.0156274 0.806106 9.9955E-05 9.9955E-05 0.0832554 0.0922402
9.9955E-05 9.9955E-05 0.0660504 9.9955E-05 0.0416377 0.819237 9.9955E-05 9.9955E-05 0.0418707 0.0307049
9.99371E-05 9.99371E-05 9.99371E-05 9.99371E-05 9.99371E-05 0.87498 9.99371E-05 9.99371E-05 0.0424788 0.0818419
0.0890793 0.0235352 0.0401339 0.0736367 0.155339 0.0344559 0.210538 0.060544 9.99938E-05 0.312639
0.0506896 0.052561 9.9982E-05 9.9982E-05 0.046458 0.106702 0.116149 0.0618377 0.0164674 0.548935
0.149466 0.0749825 9.9955E-05 0.0193056 9.9955E-05 0.0573468 0.698399 9.9955E-05 9.9955E-05 9.9955E-05
0.0839032 0.0283457 0.0405478 0.0167182 0.0445652 0.0761338 0.186263 9.9991E-05 0.00553971 0.517884
0.162352 9.9964E-05 0.0301366 9.9964E-05 0.020608 9.9964E-05 0.336617 9.9964E-05 0.0363508 0.413535
0.0107384 0.0893756 9.9964E-05 9.9964E-05 9.9964E-05 0.0543621 0.298279 9.9964E-05 0.0232751 0.52357
0.0716108 0.0278894 0.0741949 0.0751039 0.0436346 9.9991E-05 0.201878 0.0331226 0.0372749 0.435191
9.9955E-05 9.9955E-05 9.9955E-05 9.9955E-05 0.134615 0.00395362 0.478041 0.0153756 9.9955E-05 0.367515
0.210814 9.9946E-05 0.0513804 9.9946E-05 9.9946E-05 0.070633 0.666573 9.9946E-05 9.9946E-05 9.9946E-05
9.9973E-05 0.0753367 9.9973E-05 9.9973E-05 0.0581565 0.0564506 0.18309 0.0673913 0.0385825 0.520692
0.0134415 9.9973E-05 9.9973E-05 0.087662 0.0152302 0.031584 0.220019 9.9973E-05 0.0482165 0.583547
0.012634 0.0281778 0.0210744 0.0930236 0.0628493 0.0441008 0.129565 0.0781061 0.0312582 0.499211
9.9973E-05 0.0318458 0.0178574 0.102444 0.00484641 9.9973E-05 0.508394 9.9973E-05 0.0181791 0.316133
9.9964E-05 0.0755591 0.00616151 0.059547 9.9964E-05 9.9964E-05 0.339445 9.9964E-05 0.0370609 0.481826
0.140133 9.9955E-05 0.0593234 0.0188729 9.9955E-05 9.9955E-05 0.324285 9.9955E-05 9.9955E-05 0.456886
0.0404299 9.9964E-05 0.0102534 0.00626073 0.123005 9.9964E-05 0.552678 9.9964E-05 9.9964E-05 0.266973
0.0725957 9.9964E-05 9.9964E-05 9.9964E-05 9.9964E-05 0.0892593 0.347883 0.103086 0.0127741 0.374002
0.0819319 9.9973E-05 9.9973E-05 9.9973E-05 0.0292612 0.0536557 0.142431 0.0982546 0.0581481 0.536017
0.282104 0.165739 0.0109843 0.106282 0.0011694 0.0746991 0.0768166 0.108095 0.00429896 0.169811
0.265475 9.9973E-05 0.152219 0.0224516 0.0107769 0.125655 9.9973E-05 0.0283352 9.9973E-05 0.394787
0.121304 0.028376 9.9982E-05 9.9982E-05 0.0459172 0.115695 0.10842 0.104692 0.0274546 0.447942
9.9982E-05 0.074797 0.0413223 0.018641 9.9982E-05 0.0995122 0.0675491 0.0112309 0.012327 0.67442
0.31899 0.025535 9.9964E-05 9.9964E-05 9.9964E-05 9.9964E-05 0.0111412 0.143473 0.0647236 0.435737
0.109358 0.0557446 0.000638583 0.00737947 0.0500295 0.0569631 9.9982E-05 0.148858 9.9982E-05 0.570829
0.267614 0.0697157 0.133599 9.9991E-05 0.00452217 0.00160996 0.00322835 0.118722 0.0134252 0.387463
9.9982E-05 0.140983 0.00149195 9.9982E-05 0.0107512 0.061971 0.0228351 0.204205 0.0607346 0.496829
9.9982E-05 0.0410554 0.0102037 0.125122 0.0425452 9.9982E-05 0.00677326 0.107655 0.0175527 0.648892
0.183498 0.0898781 9.9973E-05 9.9973E-05 9.9973E-05 0.0330345 0.0189376 0.0910534 0.0207861 0.562512
0.161312 9.9973E-05 0.0115048 0.0509446 9.9973E-05 9.9973E-05 0.0259332 0.25417 0.0375726 0.458263
0.0120529 0.0484527 0.0858912 0.0536988 0.0195377 0.0596122 0.0369501 0.0724605 0.0200972 0.591247
9.9973E-05 0.0233636 0.0735987 0.0218712 9.9973E-05 0.0868381 9.9973E-05 0.0984422 0.0389869 0.656599
0.213832 0.0722194 0.0862851 9.9973E-05 0.0470969 9.9973E-05 0.0117163 0.0961756 9.9973E-05 0.472375
9.9982E-05 0.0602941 0.00653578 0.114706 0.0242287 0.0466838 9.9982E-05 0.202854 0.0229297 0.521568
0.0638045 0.118349 0.120042 0.048758 0.10418 9.9991E-05 0.0285073 0.0670284 0.00837009 0.44086
0.125966 0.0812821 0.0552934 0.117851 9.9982E-05 0.0893368 9.9982E-05 0.167335 0.036276 0.32646
0.0550974 0.0139821 9.9973E-05 0.0468773 9.9973E-05 9.9973E-05 0.0140819 0.129319 0.0389943 0.701348
0.0042039 0.151688 0.0696956 9.9973E-05 0.00173138 9.9973E-05 9.9973E-05 0.0716506 0.00754464 0.693186
0.295358 0.070232 9.9973E-05 9.9973E-05 0.100041 9.9973E-05 0.0944784 0.278822 0.00014825 0.16062
0.171092 0.139493 0.0575845 0.177821 0.0282332 9.9982E-05 0.045051 0.164903 9.9982E-05 0.215624
0.104711 0.00309968 0.106869 9.9982E-05 0.0717859 0.0340958 0.0394437 0.124653 9.9982E-05 0.515141
0.0576701 0.31247 0.0888923 0.138637 0.0300605 9.9982E-05 0.115758 0.181907 9.9982E-05 0.0744058
0.464695 0.0417963 9.9964E-05 9.9964E-05 9.9964E-05 0.0544458 0.0958324 0.172055 9.9964E-05 0.170776
0.211119 0.0986406 9.9964E-05 9.9964E-05 9.9964E-05 0.00303821 0.219187 0.137955 9.9964E-05 0.329661
0.328561 9.9973E-05 0.0407595 9.9973E-05 9.9973E-05 0.00731305 0.0856365 0.185975 0.0298555 0.3216
0.313264 0.0182219 0.0374842 9.9964E-05 9.9964E-05 9.9964E-05 0.0750206 0.29218 9.9964E-05 0.26343
0.0571079 0.0239742 9.9982E-05 9.9982E-05 0.0591739 0.0522527 0.054726 0.10201 0.0690417 0.581514
0.0337238 0.142603 0.0356072 9.9982E-05 0.0656606 0.0928277 0.0842994 0.0406019 9.9982E-05 0.504476
0.0572751 0.136751 0.0066134 9.9973E-05 9.9973E-05 0.0472309 0.0979231 0.104059 9.9973E-05 0.549848
0.211604 0.13942 0.0474613 0.156786 0.0461952 9.9982E-05 0.118261 0.193194 9.9982E-05 0.0868794
9.9973E-05 9.9973E-05 9.9973E-05 0.144657 0.00719408 0.0734818 0.0894728 0.154477 0.0236108 0.506807
9.9973E-05 0.149226 9.9973E-05 0.176208 0.0290493 0.0322 0.0473734 0.0577942 9.9973E-05 0.507849
0.150167 0.0836684 0.00607826 0.470674 9.9982E-05 0.125557 0.105485 0.0462241 0.0119467 9.9982E-05
0.0525188 0.0437454 9.9973E-05 0.0213375 0.025147 0.10111 0.102125 9.9973E-05 9.9973E-05 0.653716
9.9982E-05 0.0413963 9.9982E-05 0.264573 0.0408889 0.0608768 0.14303 0.069309 0.00771112 0.372015
0.0857647 0.0609677 9.9982E-05 0.211703 0.057176 0.00394285 9.9982E-05 0.00641139 0.0159373 0.557898
0.060928 0.0938413 9.9982E-05 0.37739 9.9982E-05 0.0492215 0.0572316 0.0313099 0.0266954 0.303182
0.148233 0.0789467 9.9982E-05 0.414212 9.9982E-05 0.00487987 0.0674344 0.0606039 0.0296488 0.195842
0.0438522 0.149813 0.0871848 0.102353 9.9982E-05 0.0330848 0.132946 0.0187666 9.9982E-05 0.431799
0.121017 0.000301601 9.9982E-05 0.148095 0.0332931 0.0379253 9.9982E-05 0.122227 0.040977 0.495964
0.106932 0.090004 0.0783846 0.0513469 0.0711503 0.129967 0.087064 9.9991E-05 0.014617 0.370434
0.210319 0.119479 9.9982E-05 0.335455 0.152549 0.00904454 0.125326 0.0287547 0.0188723 9.9982E-05
9.9973E-05 0.117199 9.9973E-05 0.0891452 0.0530612 0.0940553 9.9973E-05 0.0765335 0.0260887 0.543618
0.146982 0.00561378 9.9964E-05 0.351471 9.9964E-05 9.9964E-05 0.1208 0.0109763 9.9964E-05 0.363757
0.191111 0.112137 0.0615533 0.130311 9.9964E-05 9.9964E-05 0.0633614 9.9964E-05 9.9964E-05 0.441126
9.9973E-05 9.9973E-05 0.134526 0.0875198 0.023375 0.0768033 0.0592799 0.0499695 9.9973E-05 0.568226
9.9982E-05 0.0158567 0.0254286 0.233993 0.24376 0.257625 9.9982E-05 0.0163315 0.0903603 0.116446
9.9946E-05 9.9946E-05 9.9946E-05 0.386586 0.121123 0.465735 9.9946E-05 9.9946E-05 0.0259568 9.9946E-05
9.9946E-05 9.9946E-05 9.9946E-05 0.426642 0.17098 0.388264 9.9946E-05 9.9946E-05 0.0135142 9.9946E-05
9.9964E-05 9.9964E-05 9.9964E-05 0.223905 0.28406 0.359832 9.9964E-05 0.0105209 0.0246142 0.0966685
0.00607648 0.0918004 9.9964E-05 0.179248 9.9964E-05 9.9964E-05 0.091774 0.0398763 9.9964E-05 0.590825
0.0165487 9.9982E-05 0.0920262 0.110274 0.0201301 0.0321307 0.167163 9.9982E-05 0.0947966 0.466731
9.9955E-05 0.0129379 9.9955E-05 9.9955E-05 0.687764 9.9955E-05 0.0643714 0.0436474 9.9955E-05 0.19078
0.0241521 0.00662755 9.9973E-05 9.9973E-05 0.427453 9.9973E-05 0.0580506 0.164036 0.0229623 0.296419
0.0325755 0.00907688 0.0793771 0.0699238 0.319872 9.9991E-05 0.00219707 0.0238485 0.0500205 0.413009
0.0263274 0.141214 9.9964E-05 0.366092 9.9964E-05 9.9964E-05 0.0651424 9.9964E-05 0.00699402 0.39383
0.0501845 0.0592316 0.00507569 0.179302 0.0980198 9.9982E-05 0.119798 0.100628 9.9982E-05 0.38756
0.0708626 0.107025 9.9964E-05 0.527155 9.9964E-05 9.9964E-05 0.0619367 0.0157102 9.9964E-05 0.216911
9.9964E-05 0.0341665 0.0461715 0.22255 9.9964E-05 9.9964E-05 0.0995644 9.9964E-05 0.0182173 0.57893
0.134115 0.147611 0.0115914 0.155927 9.9982E-05 0.049515 0.00342425 9.9982E-05 0.0198628 0.477753
0.108012 0.0483862 0.0194253 0.253449 0.0165664 9.9973E-05 9.9973E-05 0.048279 9.9973E-05 0.505583
0.121718 0.118875 0.00239287 0.443667 9.9973E-05 9.9973E-05 0.0793443 0.015726 9.9973E-05 0.217978
9.9964E-05 0.0122503 9.9964E-05 0.155711 0.0527266 9.9964E-05 0.0632495 0.069443 9.9964E-05 0.646219
9.9973E-05 0.0947068 0.0902634 0.0975095 0.0240024 0.0222015 0.0978948 9.9973E-05 9.9973E-05 0.573122
9.9955E-05 0.00833428 0.00804226 0.00110186 0.979954 0.00206798 9.9955E-05 9.9955E-05 9.9955E-05 9.9955E-05
9.9955E-05 0.0186753 9.9955E-05 0.00239063 0.915426 9.9955E-05 9.9955E-05 0.00282029 9.9955E-05 0.0601877
9.9955E-05 9.9955E-05 9.9955E-05 9.9955E-05 0.577233 0.0879685 9.9955E-05 0.0735619 0.0134786 0.247258
9.9946E-05 9.9946E-05 0.0375938 9.9946E-05 0.695612 9.9946E-05 9.9946E-05 9.9946E-05 0.00267479 0.263519
0.00733539 9.9973E-05 0.022991 0.0662403 0.780647 9.9973E-05 0.006359 9.9973E-05 0.0215615 0.0945658
9.99201E-05 9.99201E-05 9.99201E-05 9.99201E-05 0.999101 9.99201E-05 9.99201E-05 9.99201E-05 9.99201E-05 9.99201E-05
9.9937E-05 0.0278441 9.9937E-05 9.9937E-05 0.968948 9.9937E-05 9.9937E-05 9.9937E-05 0.00250867 9.9937E-05
0.0119434 9.9937E-05 9.9937E-05 9.9937E-05 0.828958 9.9937E-05 9.9937E-05 9.9937E-05 9.9937E-05 0.158399
9.9937E-05 9.9937E-05 0.00671876 9.9937E-05 0.983937 9.9937E-05 9.9937E-05 0.008645 9.9937E-05 9.9937E-05
9.99201E-05 9.99201E-05 9.99201E-05 9.99201E-05 0.999101 9.99201E-05 9.99201E-05 9.99201E-05 9.99201E-05 9.99201E-05
9.9928E-05 9.9928E-05 9.9928E-05 9.9928E-05 0.964149 9.9928E-05 9.9928E-05 9.9928E-05 0.0350517 9.9928E-05
0.044676 9.9955E-05 9.9955E-05 9.9955E-05 0.740427 0.0016786 9.9955E-05 9.9955E-05 0.0591764 0.153542
9.9964E-05 9.9964E-05 0.0652426 9.9964E-05 0.808178 0.0236418 0.00341553 0.0391656 9.9964E-05 0.0599565
9.9928E-05 9.9928E-05 9.9928E-05 9.9928E-05 0.95627 9.9928E-05 0.0429305 9.9928E-05 9.9928E-05 9.9928E-05
0.11218 0.0111752 0.00933798 0.0994145 0.399407 0.0919923 9.9982E-05 0.0434738 9.9982E-05 0.232819
0.0426495 9.9964E-05 9.9964E-05 0.0417785 0.616463 0.0538766 0.0162357 9.9964E-05 9.9964E-05 0.228597
9.9937E-05 9.9937E-05 9.9937E-05 9.9937E-05 0.734733 9.9937E-05 9.9937E-05 9.9937E-05 0.0598176 0.20475
0.0163623 9.9955E-05 9.9955E-05 9.9955E-05 0.866901 9.9955E-05 9.9955E-05 0.00602922 0.0389741 0.071234
9.99201E-05 9.99201E-05 9.99201E-05 9.99201E-05 0.999101 9.99201E-05 9.99201E-05 9.99201E-05 9.99201E-05 9.99201E-05
0.016346 0.000717006 0.00795944 9.9973E-05 0.869417 0.02587 9.9973E-05 0.0304211 9.9973E-05 0.0489698
9.9928E-05 9.9928E-05 9.9928E-05 9.9928E-05 0.980808 9.9928E-05 9.9928E-05 9.9928E-05 0.0183923 9.9928E-05
9.9982E-05 0.0474044 0.00942519 9.9982E-05 0.587536 0.0610956 0.0152402 0.0134447 0.0224344 0.24322
0.0206109 0.0086419 9.9955E-05 9.9955E-05 0.907998 9.9955E-05 0.0426534 9.9955E-05 0.0195957 9.9955E-05
0.0338969 0.0511605 9.9955E-05 0.554862 0.0674986 0.292082 9.9955E-05 9.9955E-05 9.9955E-05 9.9955E-05
0.0855283 9.9973E-05 0.0925854 0.159413 9.9973E-05 0.176001 9.9973E-05 0.0023772 0.0150567 0.468738
0.0295484 0.0723411 0.00360972 0.145831 0.0248147 0.213394 0.0510895 9.9991E-05 0.0125553 0.446717
9.9973E-05 0.0161133 0.0284621 0.41039 0.0534011 0.162877 9.9973E-05 9.9973E-05 0.0454964 0.28296
0.031662 0.0425134 9.9982E-05 0.190292 0.0688009 0.107048 0.0947097 9.9982E-05 0.00164084 0.463132
0.0272162 0.0488569 9.9982E-05 0.354934 0.0940018 0.208047 0.024753 9.9982E-05 0.0438313 0.19816
0.166991 9.9982E-05 0.0249895 0.182255 0.0375607 0.140178 0.003098 9.9982E-05 0.0159448 0.428783
9.9955E-05 9.9955E-05 0.0422794 0.33826 0.174288 0.119993 9.9955E-05 9.9955E-05 9.9955E-05 0.324681
9.9964E-05 0.00124394 9.9964E-05 0.284267 0.0813986 0.0727146 9.9964E-05 9.9964E-05 0.0454929 0.514483
9.9973E-05 0.0432886 9.9973E-05 0.250793 0.159933 0.09386 0.00349037 9.9973E-05 0.0728559 0.375479
0.203921 9.9973E-05 9.9973E-05 0.0517873 0.0610009 0.164687 0.0793925 9.9973E-05 0.0355175 0.403394
9.9964E-05 0.0124784 0.0638315 0.057754 9.9964E-05 0.805759 9.9964E-05 0.0106265 9.9964E-05 0.0491504
9.9955E-05 0.00948629 9.9955E-05 9.9955E-05 0.0616365 0.784407 9.9955E-05 0.0353367 0.108634 9.9955E-05
9.9946E-05 9.9946E-05 9.9946E-05 0.0143492 9.9946E-05 0.878732 9.9946E-05 0.0543898 0.0519297 9.9946E-05
9.9955E-05 9.9955E-05 0.00944834 9.9955E-05 9.9955E-05 0.869926 9.9955E-05 0.0460318 0.0497966 0.0242972
0.0205354 9.9955E-05 9.9955E-05 0.0136346 9.9955E-05 0.776712 9.9955E-05 0.0880155 0.100603 9.9955E-05
9.9955E-05 0.0237885 9.9955E-05 9.9955E-05 0.0710757 0.849854 0.00823807 9.9955E-05 0.046544 9.9955E-05
9.9964E-05 9.9964E-05 0.0545779 9.9964E-05 0.0392495 0.80366 0.0157343 9.9964E-05 0.0852952 0.00108363
9.9955E-05 0.00784229 9.9955E-05 0.105648 9.9955E-05 0.86768 9.9955E-05 0.0114628 0.00686684 9.9955E-05
0.0180198 9.9955E-05 9.9955E-05 9.9955E-05 9.9955E-05 0.884965 0.0504672 0.00699952 9.9955E-05 0.039049
9.9955E-05 9.9955E-05 0.00681516 9.9955E-05 0.100462 0.802148 9.9955E-05 0.0428929 0.0471824 9.9955E-05
0.129689 0.0238644 0.0827863 9.9973E-05 9.9973E-05 0.556535 0.104535 0.0415511 0.0607397 9.9973E-05
0.130663 9.9964E-05 0.229321 9.9964E-05 9.9964E-05 0.525054 0.0270799 0.050152 0.0373302 9.9964E-05
0.313727 9.9964E-05 0.0799469 0.0493474 9.9964E-05 0.476224 9.9964E-05 0.0547538 0.0256011 9.9964E-05
0.317385 0.0766396 0.101027 0.00903907 9.9964E-05 0.464483 9.9964E-05 0.0310261 9.9964E-05 9.9964E-05
0.173609 0.0230377 0.0201156 0.0176917 9.9991E-05 0.0313227 0.158236 0.0489482 0.0445068 0.482432
0.147346 0.0445746 0.0795854 9.9982E-05 0.0565248 0.0177512 0.30972 0.0031085 9.9982E-05 0.34119
0.0966401 0.0159382 0.0517892 9.9991E-05 0.023354 0.045935 0.147088 0.0946948 0.00568131 0.518779
0.220342 0.0359418 9.9973E-05 9.9973E-05 9.9973E-05 0.0843436 0.126635 0.103213 0.029441 0.399784
0.251143 9.9964E-05 9.9964E-05 0.0574786 9.9964E-05 9.9964E-05 0.108112 0.4016 0.0254058 0.155861
0.0197729 0.0868676 0.00728683 9.9991E-05 0.0741742 0.0245907 0.233483 0.0179536 0.02169 0.514081
9.9955E-05 0.0436449 0.0065857 9.9955E-05 9.9955E-05 9.9955E-05 0.296319 0.0823494 9.9955E-05 0.570601
0.125826 0.0613585 0.0773098 0.0592462 9.9964E-05 9.9964E-05 0.173325 9.9964E-05 9.9964E-05 0.502534
9.9964E-05 9.9964E-05 0.0222732 0.0579009 0.0513084 9.9964E-05 0.533531 0.0229076 9.9964E-05 0.311679
9.9955E-05 9.9955E-05 0.0356025 9.9955E-05 9.9955E-05 0.0869596 0.132023 0.116253 9.9955E-05 0.628662
0.0823211 0.0656546 0.0734934 0.00921414 9.9973E-05 9.9973E-05 0.370695 9.9973E-05 0.0194082 0.378914
9.9937E-05 0.197169 9.9937E-05 9.9937E-05 9.9937E-05 9.9937E-05 0.713169 0.0889626 9.9937E-05 9.9937E-05
0.0768906 0.0912952 9.9973E-05 0.0575436 9.9973E-05 0.0613937 0.150961 0.0926279 9.9973E-05 0.468988
9.9973E-05 0.116678 0.0362005 0.138541 9.9973E-05 0.00871154 0.47949 9.9973E-05 0.000874883 0.219203
9.9964E-05 0.0884868 0.0138177 0.04073 9.9964E-05 9.9964E-05 0.28773 0.0706451 9.9964E-05 0.498191
0.0499568 9.9964E-05 0.0439079 9.9964E-05 9.9964E-05 0.0657001 0.637164 0.12062 9.9964E-05 0.0822511
9.9946E-05 9.9946E-05 0.858886 0.0400578 9.9946E-05 0.0254256 9.9946E-05 0.0750313 9.9946E-05 9.9946E-05
9.99201E-05 9.99201E-05 0.999101 9.99201E-05 9.99201E-05 9.99201E-05 9.99201E-05 9.99201E-05 9.99201E-05 9.99201E-05
9.99201E-05 9.99201E-05 0.999101 9.99201E-05 9.99201E-05 9.99201E-05 9.99201E-05 9.99201E-05 9.99201E-05 9.99201E-05
9.9964E-05 0.0101921 0.863444 9.9964E-05 9.9964E-05 0.00770641 0.019749 0.0928588 0.00565023 9.9964E-05
0.0475399 9.9928E-05 0.951661 9.9928E-05 9.9928E-05 9.9928E-05 9.9928E-05 9.9928E-05 9.9928E-05 9.9928E-05
9.9937E-05 9.9937E-05 0.968264 9.9937E-05 0.0018967 9.9937E-05 9.9937E-05 9.9937E-05 9.9937E-05 0.0291394
9.9946E-05 0.0009893 9.9946E-05 9.9946E-05 9.9946E-05 0.842956 9.9946E-05 9.9946E-05 0.052884 0.102571
0.00654132 9.9973E-05 0.00998073 0.0189655 0.0196068 0.792944 9.9973E-05 0.0286663 9.9973E-05 0.122996
9.9955E-05 9.9955E-05 0.00144813 9.9955E-05 0.0976008 0.718966 9.9955E-05 9.9955E-05 0.0301245 0.151361
0.0688198 0.00279017 0.014343 9.9982E-05 0.106374 0.689557 9.9982E-05 0.0612336 0.051485 0.00519748
9.9946E-05 9.9946E-05 9.9946E-05 9.9946E-05 0.0353732 0.796725 9.9946E-05 0.0365886 9.9946E-05 0.130714
0.0296189 9.9973E-05 0.138404 0.103206 9.9973E-05 0.348867 0.0318419 0.329141 0.0186208 9.9973E-05
9.9979E-05 0.0346454 0.186349 0.0668702 9.9979E-05 0.417856 0.095678 0.167409 0.0308921 9.9979E-05
9.9964E-05 0.0488741 0.256383 9.9964E-05 9.9964E-05 0.372507 0.0793977 0.199575 0.0428625 9.9964E-05
9.99201E-05 9.99201E-05 9.99201E-05 9.99201E-05 9.99201E-05 9.99201E-05 9.99201E-05 9.99201E-05 0.999101 9.99201E-05
9.9964E-05 9.9964E-05 0.244237 0.0456553 9.9964E-05 0.290041 0.127725 0.239314 0.0526278 9.9964E-05
9.9982E-05 0.0719648 0.00190572 0.107747 0.330896 0.203941 9.9982E-05 0.0297629 0.0113431 0.242239
0.00932229 0.00945297 9.9973E-05 0.0822752 0.179134 0.149267 9.9973E-05 0.0426614 9.9973E-05 0.527587
0.0275042 9.9955E-05 9.9955E-05 9.9955E-05 0.261841 0.16071 9.9955E-05 9.9955E-05 0.0123167 0.537128
9.9973E-05 9.9973E-05 0.113765 0.142738 0.17947 0.162634 0.0465867 9.9973E-05 0.00776918 0.346736
0.00802172 0.00853482 9.9982E-05 0.102454 0.115223 0.118421 0.0174271 0.0917575 9.9982E-05 0.537962
9.9955E-05 0.00163679 0.0100022 0.260183 0.316425 0.411254 9.9955E-05 9.9955E-05 9.9955E-05 9.9955E-05
0.337644 0.00619678 0.0609598 0.0733125 9.9973E-05 9.9973E-05 0.0760232 0.065941 9.9973E-05 0.379622
0.053304 0.234217 0.0671628 0.124899 9.9973E-05 9.9973E-05 0.032795 0.128193 9.9973E-05 0.359128
0.544344 0.0120079 0.0673766 9.9973E-05 9.9973E-05 0.0616296 9.9973E-05 0.100036 0.0593001 0.155006
0.0565264 0.264617 0.0477295 9.9973E-05 9.9973E-05 9.9973E-05 0.0259659 0.120169 0.00638658 0.478305
0.127327 0.315629 0.0195287 0.351873 9.9964E-05 9.9964E-05 0.167579 0.0176644 9.9964E-05 9.9964E-05
0.0116864 0.118872 9.9982E-05 0.144501 9.9982E-05 0.0924982 0.0138078 0.0420974 0.0374416 0.538896
0.190974 0.118314 9.9982E-05 0.0466312 9.9982E-05 0.0449557 0.0416242 0.117001 0.0301545 0.410145
0.453455 9.9964E-05 9.9964E-05 9.9964E-05 9.9964E-05 0.000532807 0.0230871 0.156056 0.0296696 0.336799
0.0277175 0.024051 9.9982E-05 0.0621073 0.0708708 0.105586 0.122723 0.123492 9.9982E-05 0.463252
0.478916 0.166187 0.00911026 0.265405 9.9964E-05 9.9964E-05 0.0720885 0.00789292 9.9964E-05 9.9964E-05
0.0865954 0.133752 0.0626518 0.0729572 0.0156301 0.0187226 0.0654784 0.0677064 9.9991E-05 0.476406
0.0894859 0.0468057 0.0711394 0.0248507 0.0332942 9.9982E-05 0.0846699 0.1734 9.9982E-05 0.476154
0.0521815 0.0675523 0.0346852 0.00125132 0.254982 0.0979317 0.102927 0.0807964 0.00356221 0.30413
0.311995 0.150825 0.0267761 0.101969 9.9973E-05 9.9973E-05 0.0292186 0.0438391 9.9973E-05 0.335078
0.24468 0.104963 0.101387 0.00480642 0.0395663 0.0024064 0.0555506 0.0696514 9.9991E-05 0.376888
0.198996 0.148716 0.0524847 0.04975 0.0513032 9.9982E-05 9.9982E-05 0.0424534 0.0142924 0.441804
0.142883 0.0504207 9.9973E-05 0.043698 9.9973E-05 0.0246704 0.160389 0.0416093 9.9973E-05 0.53603
0.144451 0.087554 0.00429145 9.9982E-05 9.9982E-05 0.0480261 0.0243644 0.027032 0.0185871 0.645494
0.0327529 0.00443137 0.025288 9.9982E-05 0.0957315 0.0920607 0.0736767 0.111925 9.9982E-05 0.563934
0.00870682 9.9982E-05 0.0792028 0.0949388 9.9982E-05 0.116342 0.0833592 0.0848529 0.000731255 0.531667
9.9946E-05 9.9946E-05 9.9946E-05 0.00577592 0.0570013 0.793409 9.9946E-05 9.9946E-05 9.9946E-05 0.143214
9.9964E-05 0.0402827 9.9964E-05 9.9964E-05 0.0735344 0.778811 0.0452665 9.9964E-05 0.0326507 0.0290544
9.9964E-05 0.00704521 9.9964E-05 0.0379065 9.9964E-05 0.778356 0.0159634 0.079409 9.9964E-05 0.0809197
9.9964E-05 9.9964E-05 0.0518218 9.9964E-05 0.0340055 0.75016 0.115239 9.9964E-05 0.0285281 0.0198456
9.9955E-05 9.9955E-05 0.0156317 9.9955E-05 0.0152687 0.785089 9.9955E-05 9.9955E-05 0.0612327 0.122278
0.569847 9.9955E-05 9.9955E-05 0.0424971 9.9955E-05 0.0152121 9.9955E-05 0.226772 9.9955E-05 0.145172
0.174137 0.175324 0.00490141 0.0439046 9.9982E-05 0.00288622 0.0607794 0.102027 9.9982E-05 0.435841
0.0109106 0.00859472 9.9991E-05 0.110567 0.112308 0.160803 0.0982697 0.0251259 0.0467995 0.426521
0.072409 9.9982E-05 9.9982E-05 0.00120823 0.0412493 0.00130088 0.0822725 0.133065 0.0652419 0.603053
0.0966252 0.0883041 0.01704 0.0162823 9.9982E-05 0.0795788 0.0447802 0.142464 9.9982E-05 0.514726
0.154762 0.0202946 0.0120307 0.265509 0.0106816 9.9982E-05 9.9982E-05 0.206283 0.0352451 0.294994
0.341187 9.9973E-05 0.0538939 0.176478 9.9973E-05 0.0899551 0.0340784 0.276006 0.0281017 9.9973E-05
0.118496 0.0364482 0.141231 0.0301849 0.00278351 9.9991E-05 0.0781077 0.156085 0.0101285 0.426435
0.349338 0.0971581 0.11237 9.9991E-05 0.0670228 0.0349199 0.0377654 0.259277 0.00327184 0.0387774
9.9982E-05 0.044602 0.0102173 0.122662 0.0262094 0.0860948 0.168738 0.1101 9.9982E-05 0.431176
0.439634 0.00760756 0.0494367 0.057166 9.9982E-05 0.160306 0.0594793 0.186025 9.9982E-05 0.040146
0.0560356 0.0417883 0.0336264 0.0213843 0.0541293 0.112725 9.9991E-05 0.129872 0.0253648 0.524974
0.48069 0.0541526 9.9982E-05 0.0344598 9.9982E-05 0.0392749 0.0533358 0.210482 0.0352109 0.0921942
0.12494 0.0889893 0.00719528 0.13737 0.131431 9.9991E-05 0.0665623 0.19284 0.0261998 0.224373
0.110342 0.115345 0.0344501 0.088755 0.0860864 0.043922 0.155025 0.0448516 0.00499536 0.316227
0.0756518 0.131211 0.0617259 0.373888 9.9964E-05 9.9964E-05 9.9964E-05 0.0235782 9.9964E-05 0.333545
0.15423 0.0253532 0.0459987 0.197654 9.9973E-05 0.0407905 0.0224396 9.9973E-05 9.9973E-05 0.513234
0.0125667 9.9982E-05 0.0546991 0.208135 0.0282126 0.0885185 0.126556 9.9982E-05 0.0480172 0.433095
0.038205 0.105511 9.9964E-05 0.422481 9.9964E-05 9.9964E-05 0.0310877 0.0831965 9.9964E-05 0.319119
0.0661935 0.0643548 0.0809922 0.0709506 9.9991E-05 0.0437114 0.0714836 0.0246533 0.0296136 0.547947
9.9964E-05 0.0875316 0.0829606 0.199507 9.9964E-05 9.9964E-05 0.00416369 9.9964E-05 0.0157676 0.609669
9.9964E-05 0.10576 0.05103 0.586107 9.9964E-05 9.9964E-05 0.0630459 0.0707769 9.9964E-05 0.122881
0.0454854 0.0318478 0.0485083 0.584256 9.9964E-05 9.9964E-05 0.0237638 9.9964E-05 9.9964E-05 0.265739
9.9964E-05 9.9964E-05 0.0673286 0.287847 9.9964E-05 0.0178403 9.9964E-05 0.104579 0.00293263 0.519073
0.0691014 0.062464 0.0814059 0.448825 9.9973E-05 9.9973E-05 0.137267 0.0313208 9.9973E-05 0.169315
0.165242 9.9955E-05 9.9955E-05 0.328643 9.9955E-05 9.9955E-05 0.047759 0.0370943 9.9955E-05 0.420763
0.347506 9.9982E-05 0.056536 0.0296698 0.0490882 9.9982E-05 0.155405 0.291453 0.0412433 0.0288985
0.160005 0.268371 0.0059823 9.9973E-05 0.0140073 9.9973E-05 0.0966426 0.220325 9.9973E-05 0.234367
0.0903558 0.0413709 9.9973E-05 9.9973E-05 0.00873924 9.9973E-05 0.153022 0.300228 0.0549709 0.351013
0.134251 0.0258178 0.0155919 9.9973E-05 0.0713003 9.9973E-05 0.0174654 0.110882 9.9973E-05 0.624392
0.390864 9.9955E-05 0.0309207 9.9955E-05 9.9955E-05 9.9955E-05 0.136717 0.237354 9.9955E-05 0.203644
9.9991E-05 0.19246 0.0894994 0.0663336 0.0654533 0.1219 0.0185986 0.03576 0.0339745 0.37592
0.146408 9.9964E-05 9.9964E-05 9.9964E-05 0.115051 9.9964E-05 0.108526 0.0800812 0.0572321 0.492301
0.31773 0.0292051 9.9973E-05 0.0266448 0.0642166 9.9973E-05 0.0129327 0.123117 9.9973E-05 0.425854
0.082397 0.125676 0.0672902 9.9982E-05 0.0559537 9.9982E-05 0.0433699 0.134421 0.0477565 0.442935
0.0482147 0.00420507 0.105681 9.9991E-05 0.0466034 0.0284791 0.17715 0.165624 0.0178782 0.406064
0.384359 9.9964E-05 0.0313956 9.9964E-05 0.0941211 9.9964E-05 0.129346 0.196138 9.9964E-05 0.164241
0.182935 0.0397099 0.0734719 9.9982E-05 0.0561719 9.9982E-05 0.061763 0.253656 0.0259463 0.306145
9.9955E-05 0.123582 9.9955E-05 9.9955E-05 0.0568565 9.9955E-05 0.128419 0.17165 9.9955E-05 0.518992
0.163742 0.0690225 9.9973E-05 0.0111378 9.9973E-05 0.105742 0.0484755 0.0160447 9.9973E-05 0.585535
0.0442713 0.0729066 0.0490234 0.136333 9.9982E-05 0.0174457 0.0495206 0.165407 9.9982E-05 0.464893
9.9973E-05 0.150085 0.0171686 0.0197953 0.0473189 9.9973E-05 0.00417289 0.211737 9.9973E-05 0.549422
0.240712 9.9964E-05 9.9964E-05 0.0844947 0.0138664 0.0466379 9.9964E-05 0.268004 9.9964E-05 0.345885
0.167575 9.9964E-05 0.0365088 9.9964E-05 9.9964E-05 0.0553332 9.9964E-05 0.14922 0.00578918 0.585174
9.9973E-05 0.01364 9.9973E-05 0.0659258 0.0518643 0.0646648 0.156828 0.15718 9.9973E-05 0.489597
0.0424072 0.0783646 0.0208811 9.9982E-05 0.14589 0.0486347 9.9982E-05 0.216533 0.0205478 0.426542
0.0405765 9.9973E-05 9.9973E-05 0.0898781 0.0709964 0.314734 0.0436565 9.9973E-05 0.0151932 0.424665
9.9973E-05 0.0163594 9.9973E-05 0.156901 0.184612 0.110795 0.0225208 9.9973E-05 0.0637846 0.444728
0.0637445 9.9973E-05 0.0511313 0.0717493 0.110076 0.0652469 9.9973E-05 9.9973E-05 0.042837 0.594915
0.0615912 0.0586874 0.0391813 9.9982E-05 0.099882 9.9982E-05 0.1085 0.0152191 0.101368 0.515371
0.0822128 0.0626734 9.9973E-05 9.9973E-05 0.180156 0.133507 0.0879485 9.9973E-05 0.0438037 0.409399
0.226002 0.204525 0.0492286 0.070776 9.9964E-05 9.9964E-05 9.9964E-05 0.0525976 9.9964E-05 0.396471
0.0772951 0.065803 0.039153 0.0215041 0.0887003 0.123421 0.0613482 9.9991E-05 0.0490411 0.473635
0.149884 0.0491188 9.9964E-05 0.388335 0.139715 0.204023 0.068525 9.9964E-05 9.9964E-05 9.9964E-05
0.0732994 0.0365711 0.0241674 0.0604001 0.1538 0.0416567 0.0212974 0.0891757 0.0371009 0.462532
0.0292882 0.00269608 0.0345844 0.072085 0.112374 0.10072 0.0897275 0.0050956 0.0343403 0.51909
0.065801 0.121734 0.0347114 0.0256137 0.279692 0.0288328 0.0441433 0.000519683 0.0293056 0.369646
0.0552113 0.0191101 9.9982E-05 0.264902 0.088579 0.126776 0.0656402 9.9982E-05 0.0982145 0.281368
0.0912334 9.9964E-05 9.9964E-05 0.0575114 0.144145 0.136823 9.9964E-05 0.0768229 9.9964E-05 0.493065
9.9973E-05 0.0745264 9.9973E-05 0.0750178 0.123571 0.0918438 9.9973E-05 0.0194434 0.0734911 0.541807
9.9946E-05 9.9946E-05 9.9946E-05 0.346172 0.209811 0.382674 9.9946E-05 9.9946E-05 0.0607438 9.9946E-05
0.0250869 9.9982E-05 0.00908548 0.0738904 0.185603 0.146613 0.0402293 9.9982E-05 0.077733 0.441559
9.9973E-05 0.0179505 9.9973E-05 0.073668 0.175475 0.18894 0.00182875 0.038503 9.9973E-05 0.503335
0.0468229 0.0071864 9.9991E-05 0.113855 0.0814065 0.0230618 0.0987205 0.0301706 0.0774473 0.521229
9.9955E-05 9.9955E-05 0.0128718 0.0789781 0.153293 0.21163 9.9955E-05 9.9955E-05 9.9955E-05 0.542727
9.9973E-05 0.101605 9.9973E-05 0.0312041 0.16901 0.141016 0.0275965 0.058909 9.9973E-05 0.470359
9.9964E-05 0.462268 9.9964E-05 9.9964E-05 0.034522 9.9964E-05 0.00572375 0.044744 0.0498496 0.402492
0.000982871 0.184485 0.0524469 0.0684992 0.0903731 0.0685243 0.00925396 9.9991E-05 0.0306187 0.494716
0.150338 0.848863 9.9928E-05 9.9928E-05 9.9928E-05 9.9928E-05 9.9928E-05 9.9928E-05 9.9928E-05 9.9928E-05
9.9946E-05 0.909961 0.00263053 0.0446046 9.9946E-05 9.9946E-05 9.9946E-05 0.042204 9.9946E-05 9.9946E-05
0.059571 0.36423 9.9964E-05 9.9964E-05 0.107845 9.9964E-05 0.0405007 9.9964E-05 0.0463939 0.381059
9.9955E-05 0.0525308 9.9955E-05 0.129266 0.309002 0.121049 9.9955E-05 9.9955E-05 9.9955E-05 0.387652
9.9955E-05 0.284746 9.9955E-05 9.9955E-05 0.278507 0.129303 9.9955E-05 9.9955E-05 0.0230165 0.283928
0.0556998 0.157643 9.9973E-05 0.197299 0.266708 0.180075 9.9973E-05 9.9973E-05 0.0303207 0.111955
0.136657 0.19302 9.9964E-05 9.9964E-05 0.276513 0.0904727 9.9964E-05 9.9964E-05 0.0581384 0.244799
0.0112159 0.598571 0.0220205 0.200906 0.0948896 0.0593157 9.9973E-05 9.9973E-05 9.9973E-05 0.0127814
9.9964E-05 0.590443 9.9964E-05 0.12239 0.0520359 0.0437965 9.9964E-05 9.9964E-05 0.0542399 0.136695
0.0168951 0.387154 0.0221703 9.9973E-05 0.0658799 9.9973E-05 0.000818612 9.9973E-05 0.0467706 0.460012
0.0074786 0.444187 9.9964E-05 9.9964E-05 0.0837886 0.0561979 9.9964E-05 9.9964E-05 0.00535796 0.40259
9.9946E-05 0.705626 9.9946E-05 9.9946E-05 0.138401 9.9946E-05 9.9946E-05 9.9946E-05 0.0527024 0.102671
0.0110528 0.395668 9.9973E-05 9.9973E-05 0.00718764 0.044908 9.9973E-05 0.0246918 0.0321296 0.484062
9.9955E-05 0.30275 0.0711539 9.9955E-05 0.125155 9.9955E-05 9.9955E-05 9.9955E-05 0.0231262 0.477315
0.0575724 0.141117 9.9982E-05 0.0968586 0.12982 0.0956863 0.0262565 0.0251288 9.9982E-05 0.42736
0.0596605 0.632684 0.0405004 9.9946E-05 9.9946E-05 9.9946E-05 9.9946E-05 9.9946E-05 9.9946E-05 0.266555
0.0244534 0.527512 0.00289088 0.0297695 9.9973E-05 9.9973E-05 9.9973E-05 0.0233027 0.0155264 0.376245
9.9973E-05 0.39296 0.0489707 0.0201837 0.0263837 9.9973E-05 0.0216263 9.9973E-05 0.0527465 0.43683
9.9973E-05 0.360758 9.9973E-05 9.9973E-05 0.0206028 0.0441445 0.0617546 0.0724549 0.0218416 0.418144
0.0177106 0.274206 9.9982E-05 0.0690497 0.083293 0.0670524 0.0293014 0.0848036 9.9982E-05 0.374383
9.9955E-05 0.424261 0.0440615 0.0407509 9.9955E-05 9.9955E-05 9.9955E-05 9.9955E-05 0.00144338 0.488984
9.9955E-05 0.718557 0.106009 0.00901736 9.9955E-05 9.9955E-05 9.9955E-05 0.00528615 9.9955E-05 0.16063
9.9964E-05 0.315424 9.9964E-05 0.000114137 9.9964E-05 0.00577432 0.0715756 9.9964E-05 0.00264369 0.604068
0.0517516 0.703862 0.00160102 9.99549E-05 9.99549E-05 9.99549E-05 0.0437526 9.99549E-05 9.99549E-05 0.198533
0.0420177 0.577735 9.9955E-05 9.9955E-05 0.000373777 9.9955E-05 9.9955E-05 9.9955E-05 0.020805 0.358569
0.135469 0.201041 0.0994641 0.00855353 0.0506642 0.0119328 0.00826378 9.9991E-05 0.0690357 0.415476
0.106731 0.29398 0.125215 0.000178569 9.9973E-05 9.9973E-05 0.0593313 9.9973E-05 0.0167613 0.397503
0.0457088 0.0373779 9.9991E-05 0.0110963 0.188675 0.115596 0.0486115 0.0160012 0.0504271 0.486406
9.9973E-05 0.178409 9.9973E-05 0.0420826 0.175385 0.150899 0.0849552 0.105835 9.9973E-05 0.262133
9.9982E-05 0.0483059 9.9982E-05 0.150202 0.277568 0.134578 0.0630982 0.000331654 0.0195529 0.306164
0.15797 0.0519592 0.0241845 0.12734 0.135602 0.10511 9.9982E-05 9.9982E-05 0.0410063 0.356629
9.9982E-05 0.0953749 9.9982E-05 0.0447219 0.191486 0.202759 0.0139415 0.0416745 0.00825469 0.401587
9.9973E-05 0.164844 9.9973E-05 0.0204556 0.307244 0.102419 0.0906659 9.9973E-05 0.0730401 0.241031
9.9955E-05 0.568511 0.0495432 0.0697904 0.135506 0.176149 9.9955E-05 9.9955E-05 9.9955E-05 9.9955E-05
9.9973E-05 0.107082 0.107927 9.9973E-05 0.185571 0.0534556 9.9973E-05 0.00911338 0.0231914 0.51336
9.9955E-05 0.4392 9.9955E-05 0.123245 0.0646288 0.364 9.9955E-05 9.9955E-05 0.00842538 9.9955E-05
9.9946E-05 0.312399 9.9946E-05 9.9946E-05 0.172293 0.0695773 9.9946E-05 9.9946E-05 9.9946E-05 0.445132
9.9946E-05 0.797582 9.9946E-05 0.0222175 9.9946E-05 9.9946E-05 0.113184 9.9946E-05 9.9946E-05 0.0664167
0.0523721 0.898387 9.9946E-05 9.9946E-05 9.9946E-05 9.9946E-05 0.046754 9.9946E-05 0.0018876 9.9946E-05
0.129577 0.409508 9.9955E-05 9.9955E-05 9.9955E-05 9.9955E-05 0.0313227 9.9955E-05 0.0397567 0.389335
