9.9982E-05 9.9982E-05 0.0574845 0.0652324 0.864073 0.0130103
9.9964E-05 9.9964E-05 9.9964E-05 9.9964E-05 0.957465 0.042135
0.0636432 9.9991E-05 0.0314782 0.0394924 0.841527 0.0237596
0.0520198 9.9982E-05 0.10883 0.0803674 0.758583 9.9982E-05
0.0146045 0.0379813 0.0193031 0.0773042 0.850707 9.9991E-05
0.0711344 0.110108 0.0654501 0.00784891 0.659101 0.0863568
9.9982E-05 0.0949658 0.0624464 0.0293172 0.813071 9.9982E-05
0.0511562 0.110577 0.105929 0.00904885 0.723189 9.9991E-05
9.9982E-05 0.0795672 0.0844804 9.9982E-05 0.829264 0.00648877
0.106693 0.128348 0.0212113 0.0771225 0.666526 9.9991E-05
9.9982E-05 0.160075 0.126635 0.0316158 0.681475 9.9982E-05
0.18528 0.0192382 0.474506 0.0933714 9.9991E-05 0.227504
0.469258 9.9991E-05 0.272667 0.116595 0.0360832 0.105296
0.236244 0.0404366 0.375596 0.10306 0.0211079 0.223555
0.419908 9.9991E-05 0.309037 0.10479 0.0635748 0.102591
0.393057 0.0608171 0.15173 0.134931 0.115523 0.143942
0.697162 0.0787025 0.0880547 0.00671488 0.0740944 0.0552714
0.443026 0.0993947 0.205967 0.0164429 0.0667852 0.168384
0.297111 9.9991E-05 0.280346 0.0585515 0.14577 0.218122
9.999E-05 0.157259 0.594517 0.0940661 0.0452549 0.108803
0.337184 0.0919664 0.277736 0.0666979 9.9991E-05 0.226316
0.390221 0.202345 0.201294 0.121945 9.9991E-05 0.0840958
0.512463 9.9991E-05 0.228056 0.0521742 0.0501234 0.157083
0.215206 0.0908548 0.340666 0.140681 9.9991E-05 0.212492
0.586226 9.9991E-05 0.133973 0.0730619 0.125277 0.0813628
0.511986 9.9991E-05 0.164392 0.12134 0.0181655 0.184016
0.0771082 0.062123 0.401878 0.164431 0.03139 0.263069
0.153494 9.9982E-05 0.399408 0.200131 9.9982E-05 0.246767
0.258826 0.102592 0.446696 9.9982E-05 9.9982E-05 0.191685
0.0913746 9.9973E-05 9.9973E-05 0.0715612 0.836764 9.9973E-05
0.129153 9.9973E-05 9.9973E-05 0.0358527 0.834695 9.9973E-05
0.126833 9.9982E-05 9.9982E-05 0.00592385 0.788509 0.0785349
0.102928 0.0167788 9.9991E-05 0.127123 0.742844 0.0102254
0.522524 0.0706221 0.125787 0.0336342 9.9991E-05 0.247332
0.532101 0.0576113 0.00934392 0.0288742 0.0811041 0.290965
0.622377 0.0172633 0.05844 9.9991E-05 0.0207882 0.281031
0.181063 9.9991E-05 0.556573 0.00251227 0.0838868 0.175864
0.290549 0.0304 9.9991E-05 0.0136757 0.0397894 0.625486
0.462099 0.0426745 0.08388 0.0322481 0.00304424 0.376054
0.710304 0.0617098 9.9982E-05 9.9982E-05 0.0723311 0.155456
0.609549 0.0926573 0.0037128 0.0234731 0.12025 0.150358
0.648503 0.0705289 0.0257174 9.9991E-05 0.0900893 0.165061
0.063971 9.9982E-05 0.160032 9.9982E-05 0.0183881 0.757409
0.51447 0.162958 0.00831967 0.112283 0.0159787 0.18599
0.476489 0.0452248 0.0681878 0.0900861 0.0607637 0.259249
0.490131 9.9982E-05 9.9982E-05 0.143653 0.172937 0.193079
0.269952 0.0664535 9.9982E-05 0.0151417 9.9982E-05 0.648253
0.605488 9.9982E-05 9.9982E-05 0.0457233 0.0562737 0.292315
0.603189 0.103692 0.0182609 0.00589968 0.139974 0.128984
9.9973E-05 0.28292 9.9973E-05 9.9973E-05 0.0800487 0.636731
0.154062 0.113762 0.40144 0.0054477 9.9991E-05 0.325188
0.10775 0.493903 0.18892 0.0170504 0.0105847 0.181791
0.684947 0.128791 0.1419 0.0441624 9.9982E-05 9.9982E-05
0.564397 0.163028 0.117319 0.0725907 0.0825655 9.9991E-05
0.617711 0.155484 0.102964 0.0825611 0.0411807 9.9991E-05
0.146106 0.0856739 0.370372 0.000970727 0.107042 0.289835
0.59492 0.0958763 0.247584 0.0268232 0.0294036 0.00539306
0.638501 0.105196 0.0621715 0.0462163 0.142627 0.00528853
0.322415 0.102131 0.190919 9.9991E-05 0.135434 0.249001
0.138812 0.220311 0.273389 0.0270972 0.23156 0.108829
0.511259 0.112868 0.142386 0.0575891 0.0353449 0.140553
0.420018 0.161991 0.254582 0.0208384 0.0628752 0.0796949
0.0104315 0.155996 0.513204 9.9991E-05 0.0623551 0.257913
0.536139 0.0996828 0.223846 0.0537484 9.9991E-05 0.0864836
0.666872 0.144346 0.107371 0.0660576 0.0152537 9.9991E-05
0.646737 0.090348 0.180066 9.9991E-05 0.0687616 0.0139874
0.244484 0.103605 0.200165 0.085491 0.0850903 0.281165
0.55604 0.11311 0.249045 0.00878054 9.9991E-05 0.0729245
0.640965 0.0651665 0.165537 0.0200589 0.0873879 0.0208847
0.211993 0.191746 0.344188 9.9991E-05 0.0251518 0.226821
0.533277 9.9973E-05 0.0492472 9.9973E-05 9.9973E-05 0.417176
0.152076 9.9982E-05 0.00124756 9.9982E-05 0.064513 0.781963
0.567687 0.0840568 0.0181979 0.0183288 0.144972 0.166758
9.9964E-05 0.183253 9.9964E-05 9.9964E-05 9.9964E-05 0.816347
9.9964E-05 0.154728 9.9964E-05 9.9964E-05 9.9964E-05 0.844872
0.244837 9.9964E-05 9.9964E-05 9.9964E-05 9.9964E-05 0.754763
0.446818 9.9982E-05 0.0561441 9.9982E-05 0.0230844 0.473754
0.493456 0.0402945 0.0167982 0.137059 0.115176 0.197216
0.318513 9.9991E-05 0.0347357 0.0847636 0.0439451 0.517942
0.122598 9.9991E-05 0.197453 0.0470275 0.0191689 0.613652
0.197901 9.9982E-05 0.256383 9.9982E-05 0.0227727 0.522744
0.513613 0.0211355 0.118636 0.0116366 0.0748544 0.260124
0.197385 9.9991E-05 0.0498639 0.025062 0.0408141 0.686775
0.330017 9.9982E-05 9.9982E-05 0.030545 0.0563781 0.58286
0.380497 0.107018 9.9973E-05 9.9973E-05 9.9973E-05 0.512184
9.9964E-05 0.28263 9.9964E-05 9.9964E-05 9.9964E-05 0.71697
0.594344 9.9991E-05 0.00348699 0.0369725 0.0925173 0.272579
0.0814365 9.9991E-05 0.0548708 0.0320288 0.815322 0.0162421
0.0866749 9.9964E-05 9.9964E-05 9.9964E-05 0.912925 9.9964E-05
0.0738338 9.9973E-05 9.9973E-05 0.0569807 0.868886 9.9973E-05
0.0195552 0.00961088 9.9982E-05 0.0500316 0.920602 9.9982E-05
0.0869476 0.0127778 9.9982E-05 0.0146981 0.885377 9.9982E-05
0.0615025 0.0360719 9.9982E-05 0.00639731 0.895828 9.9982E-05
0.0500736 9.9973E-05 9.9973E-05 0.041277 0.908349 9.9973E-05
0.543624 9.9982E-05 0.00848639 9.9982E-05 0.187432 0.260258
0.489514 0.0037302 0.149991 0.111773 0.0350297 0.209961
9.9973E-05 9.9973E-05 0.0404436 9.9973E-05 0.0167288 0.942528
0.468486 0.102156 0.0198814 0.113242 0.08098 0.215255
0.387128 9.9991E-05 0.135443 0.0332918 0.0252915 0.418745
0.585132 0.0177346 9.9982E-05 9.9982E-05 0.0770757 0.319858
0.522731 0.152048 9.9991E-05 0.0247694 0.0509519 0.249399
0.371766 0.0233583 9.9982E-05 0.0951985 9.9982E-05 0.509477
9.9973E-05 9.9973E-05 0.189272 9.9973E-05 0.0233091 0.787119
0.480654 0.130497 0.0414609 0.106628 0.139337 0.101424
0.648901 0.0293061 0.0265917 9.9991E-05 0.0982301 0.196871
0.408321 0.077282 0.127168 0.179951 0.0619321 0.145346
0.287638 0.133044 9.9982E-05 9.9982E-05 0.0224063 0.556712
0.488126 0.121065 9.9982E-05 0.00514671 9.9982E-05 0.385462
0.378394 0.0564452 9.9982E-05 9.9982E-05 0.086905 0.478056
0.185167 9.9973E-05 9.9973E-05 0.134196 9.9973E-05 0.680337
0.307523 9.9982E-05 0.0718385 9.9982E-05 0.126853 0.493586
0.562694 0.0462867 0.136252 9.9991E-05 0.0881421 0.166525
0.269798 0.154477 0.394206 0.0243551 0.0140979 0.143066
0.372557 0.032085 0.286404 0.0722199 0.153405 0.0833294
0.561062 9.9991E-05 0.171147 0.0267593 0.141159 0.0997733
0.670125 0.11973 0.0743695 9.9991E-05 0.0672538 0.0684221
0.528114 0.0468658 0.403941 9.9982E-05 0.0208795 9.9982E-05
0.574388 9.9991E-05 0.250672 0.00368331 0.0448803 0.126277
0.569686 9.9982E-05 0.376182 9.9982E-05 0.0176299 0.0363025
0.567837 0.0431003 0.206604 9.9991E-05 0.108334 0.0740256
0.56011 0.134118 0.128338 0.00893273 0.0509774 0.117525
0.628776 0.110092 0.144045 9.9991E-05 0.0493524 0.0676343
0.567277 0.0295373 0.373236 9.9982E-05 9.9982E-05 0.0297496
0.689223 0.0671915 0.112096 0.00381728 0.0494209 0.0782517
0.56952 0.16431 0.0656825 0.0143688 0.0900042 0.0961149
0.647007 0.0428011 0.241822 0.0622389 9.9991E-05 0.00603094
0.664247 0.0667444 0.149871 0.0300291 0.0890084 9.9991E-05
0.532581 0.00850415 0.189954 0.0864181 0.0149083 0.167635
0.413991 0.225657 0.252526 9.9991E-05 0.0993639 0.00836193
0.634466 0.0788198 0.131069 0.100421 0.0387708 0.0164536
0.725126 0.0123358 0.155241 0.018897 0.0883004 9.9991E-05
0.238285 0.00762786 0.434543 0.064255 0.0246598 0.23063
0.251387 0.306206 0.312601 0.00900543 0.0412881 0.0795124
0.550983 9.9982E-05 0.197478 9.9982E-05 0.0339749 0.217364
0.0702425 0.380818 0.298747 0.0434406 9.9991E-05 0.206652
0.25614 0.0623082 0.476485 0.0142633 0.0217433 0.16906
0.463304 0.0408893 0.33776 9.9991E-05 0.018117 0.13983
0.320336 9.9973E-05 0.401162 9.9973E-05 9.9973E-05 0.278203
0.224753 9.9982E-05 0.466272 0.03319 9.9982E-05 0.275585
0.616448 0.0946612 0.188205 0.0412685 0.0360344 0.0233829
0.617312 9.9982E-05 9.9982E-05 0.0496579 0.17538 0.15745
0.408907 0.0159689 0.13497 0.0736585 0.091644 0.274852
0.128873 0.306869 0.380245 0.0611993 9.9991E-05 0.122715
0.503926 0.152048 0.127283 0.080041 0.136602 9.9991E-05
0.575743 0.244821 0.00134951 9.9991E-05 0.120154 0.0578322
0.0857446 0.567641 0.144217 9.9991E-05 0.129127 0.0731698
0.637929 0.157082 0.0331686 9.9991E-05 0.13488 0.0368395
0.425349 0.267348 0.03312 0.0162212 0.104708 0.153254
0.43801 0.162963 0.128549 0.0788959 0.0684195 0.123163
0.308495 0.404754 0.140673 0.00400709 0.0714705 0.0706003
0.231535 0.496924 0.14002 9.9991E-05 0.0862286 0.0451915
0.502028 0.259829 0.144939 9.9991E-05 0.0612761 0.0318279
0.476668 0.23343 0.174517 0.06305 0.0522353 9.9991E-05
0.369905 0.219558 0.112405 9.9991E-05 0.222029 0.0760037
9.9982E-05 0.462374 0.131288 0.191841 9.9982E-05 0.214296
0.547907 0.162794 0.101542 0.0582491 0.0937981 0.03571
0.379087 0.275756 0.124227 9.9982E-05 9.9982E-05 0.22073
0.454584 0.243372 0.150905 9.9982E-05 9.9982E-05 0.150938
0.608282 0.0297128 9.9991E-05 0.0280246 0.150043 0.183837
0.108489 0.285676 0.051373 0.316343 0.23802 9.9991E-05
9.9973E-05 0.353517 9.9973E-05 0.132494 0.51369 9.9973E-05
9.9973E-05 0.425833 9.9973E-05 0.144261 0.429606 9.9973E-05
0.106422 0.178809 9.9982E-05 0.305601 0.408968 9.9982E-05
0.718698 0.267759 9.9973E-05 9.9973E-05 9.9973E-05 0.0132428
0.600315 0.0906008 0.163329 0.0213 0.114104 0.0103512
0.197357 9.9982E-05 0.00745736 0.697721 9.9982E-05 0.0972648
0.284331 9.9982E-05 0.137869 0.546653 9.9982E-05 0.0309467
0.309176 0.0498385 0.0682661 0.389786 0.106329 0.0766034
0.363841 0.455505 0.0222939 9.9991E-05 0.00277444 0.155486
0.656926 0.136316 0.0642025 9.9991E-05 0.0981903 0.044265
0.283671 0.645663 9.9982E-05 0.00704914 9.9982E-05 0.0634175
0.635777 0.30616 0.0490312 9.9982E-05 9.9982E-05 0.00883202
0.482814 0.330773 0.0568032 9.9991E-05 0.0572268 0.0722834
0.572459 0.298265 0.0677596 0.0209413 0.0278331 0.0127424
0.262183 0.61224 0.0705446 9.9982E-05 9.9982E-05 0.0548324
0.651254 0.152038 0.0435841 0.0974703 0.055554 9.9991E-05
0.547879 0.212265 9.9982E-05 9.9982E-05 0.082633 0.157023
9.9964E-05 9.9964E-05 9.9964E-05 0.961947 9.9964E-05 0.037653
0.0773646 9.9973E-05 0.019444 0.902892 9.9973E-05 9.9973E-05
0.227617 9.9982E-05 0.0532652 0.630196 9.9982E-05 0.0887226
0.314153 9.9973E-05 0.00432166 0.681225 9.9973E-05 9.9973E-05
0.0579157 9.9973E-05 9.9973E-05 0.81361 9.9973E-05 0.128174
9.996E-05 9.996E-05 9.996E-05 0.9995 9.996E-05 9.996E-05
9.9964E-05 9.9964E-05 0.0248756 0.974725 9.9964E-05 9.9964E-05
0.168276 9.9964E-05 9.9964E-05 0.831324 9.9964E-05 9.9964E-05
9.9973E-05 9.9973E-05 0.0507179 0.939059 9.9973E-05 0.0099232
9.996E-05 9.996E-05 9.996E-05 0.9995 9.996E-05 9.996E-05
9.996E-05 9.996E-05 9.996E-05 0.9995 9.996E-05 9.996E-05
0.191391 9.9973E-05 9.9973E-05 0.737963 0.0703463 9.9973E-05
0.143216 9.9982E-05 0.0526949 0.742422 0.0614677 9.9982E-05
9.9973E-05 9.9973E-05 0.0300225 0.957857 0.0118204 9.9973E-05
0.280461 0.0279995 0.0187811 0.466755 0.030737 0.175267
0.178577 0.062316 0.0478667 0.648658 0.039515 0.0230668
0.191396 0.0114512 0.0252086 0.761478 0.0103656 9.9991E-05
0.0914894 9.9982E-05 0.00976132 0.856578 0.0419715 9.9982E-05
9.996E-05 9.996E-05 9.996E-05 0.9995 9.996E-05 9.996E-05
0.0493266 0.0333885 9.9982E-05 0.91095 0.00613504 9.9982E-05
9.996E-05 9.996E-05 9.996E-05 0.9995 9.996E-05 9.996E-05
0.182229 0.026392 0.0875749 0.60574 0.0979636 9.9991E-05
0.00307556 9.9982E-05 9.9982E-05 0.933361 0.0410628 0.0223006
9.9982E-05 0.589175 9.9982E-05 0.0228169 0.321372 0.0664363
0.412837 0.201686 0.139196 0.0809858 0.165195 9.9991E-05
0.439876 0.247218 0.0438277 0.0201616 0.248817 9.9991E-05
0.235671 0.43556 9.9982E-05 0.0762434 0.252326 9.9982E-05
0.411129 0.21811 0.0415826 0.207288 0.0841472 0.0377441
0.194797 0.410086 9.9991E-05 0.120971 0.231357 0.0426893
0.511912 0.105174 0.0406881 0.0420953 0.180551 0.119579
0.298491 0.299526 9.9991E-05 0.210107 0.135732 0.0560445
0.48363 0.225253 9.9991E-05 0.138732 0.1354 0.0168842
0.303974 0.32111 9.9982E-05 0.196111 0.178606 9.9982E-05
0.494308 0.218165 9.9991E-05 0.0740447 0.187909 0.0254729
0.071793 0.0426726 0.0618946 9.9982E-05 0.82344 9.9982E-05
9.9982E-05 0.00985571 0.0139515 0.0352253 0.940768 9.9982E-05
9.9964E-05 9.9964E-05 9.9964E-05 9.9964E-05 0.965868 0.0337323
0.0395216 9.9973E-05 0.0555322 9.9973E-05 0.904646 9.9973E-05
9.9982E-05 0.00772991 0.049403 0.0480668 0.8946 9.9982E-05
9.9973E-05 0.025461 9.9973E-05 0.0608933 0.913346 9.9973E-05
0.0357906 9.9991E-05 0.00747749 0.0741175 0.860962 0.0215526
0.010112 0.117516 9.9973E-05 9.9973E-05 0.872072 9.9973E-05
9.9982E-05 9.9982E-05 0.000560476 0.0392192 0.877936 0.0820844
9.9982E-05 0.0257216 0.0294976 0.0934461 0.851135 9.9982E-05
9.9982E-05 9.9982E-05 0.228193 0.00724906 0.603804 0.160554
9.9973E-05 9.9973E-05 0.324912 9.9973E-05 0.571829 0.102958
9.9982E-05 0.120096 0.289227 9.9982E-05 0.531873 0.0586046
9.9982E-05 0.0511153 0.343779 9.9982E-05 0.479045 0.125861
0.528276 0.00924326 0.133701 0.0517022 0.0317156 0.245362
0.489272 9.9991E-05 0.0793372 0.0156696 0.0391323 0.376489
0.519155 0.073796 0.124181 0.0241569 0.0291236 0.229587
0.380896 0.045234 0.251468 9.9991E-05 0.0388057 0.283496
0.142804 9.9982E-05 0.61717 0.0372833 9.9982E-05 0.202543
0.574689 0.118823 9.9991E-05 0.0361159 0.0330213 0.237251
0.506169 0.00354095 0.118898 0.00712489 9.9991E-05 0.364168
0.532224 0.0969603 0.107759 0.0206771 9.9991E-05 0.24228
0.328797 0.0588104 9.9982E-05 0.0491402 9.9982E-05 0.563053
0.546624 0.0849432 0.102248 0.0559566 0.0573743 0.152854
0.454535 0.0265906 0.117607 9.9991E-05 0.00570198 0.395465
9.9973E-05 0.171219 0.0544313 9.9973E-05 9.9973E-05 0.77405
0.527535 0.025576 0.224137 0.0180745 0.0841648 0.120512
0.266641 0.230776 9.9982E-05 9.9982E-05 0.0324373 0.469946
0.504424 0.103028 0.0593402 9.9982E-05 9.9982E-05 0.333009
0.0491551 9.9982E-05 0.185907 9.9982E-05 0.0393884 0.725349
0.0316078 0.0903928 0.741219 9.9982E-05 0.13658 9.9982E-05
0.0533557 0.161754 0.710778 9.9982E-05 0.0739122 9.9982E-05
0.0121439 0.160344 0.770947 9.9982E-05 0.0563654 9.9982E-05
0.00623691 0.0778974 0.780925 9.9991E-05 0.131314 0.00352677
0.0213151 0.162392 0.789157 0.0150779 0.0119584 9.9991E-05
0.161534 0.00711094 0.755471 9.9982E-05 0.0756833 9.9982E-05
0.0269794 9.9982E-05 9.9982E-05 0.0422346 0.861258 0.0693278
0.0865072 9.9982E-05 0.107277 0.016631 0.789385 9.9982E-05
0.118102 9.9982E-05 0.0271224 0.108406 0.746169 9.9982E-05
0.0273794 9.9982E-05 0.121198 0.15173 0.699492 9.9982E-05
0.116253 9.9982E-05 0.0749435 0.0451961 0.763407 9.9982E-05
9.9982E-05 0.0554691 0.549635 9.9982E-05 0.373536 0.0211603
9.9982E-05 0.139622 0.374792 9.9982E-05 0.457573 0.0278135
9.9982E-05 0.0518704 0.466563 9.9982E-05 0.415057 0.0663102
0.106488 9.9982E-05 0.0425588 0.0396834 0.81107 9.9982E-05
9.9982E-05 0.12252 0.486836 9.9982E-05 0.351576 0.0388678
0.286602 0.133505 0.00153974 0.380957 0.197296 9.9991E-05
0.518126 9.9991E-05 0.118718 0.201699 0.141159 0.020197
0.534595 9.9973E-05 9.9973E-05 0.293053 0.172052 9.9973E-05
0.379606 0.0813422 0.0699958 0.181977 0.264659 0.0224209
0.520038 0.108443 0.0942748 0.188311 0.0637094 0.0252233
9.9973E-05 0.267195 9.9973E-05 0.292058 0.440448 9.9973E-05
0.390138 0.0792599 0.361379 9.9991E-05 0.0234886 0.145635
0.393869 0.266933 0.207592 9.9982E-05 9.9982E-05 0.131406
0.305234 0.0223972 0.541824 9.9991E-05 0.0602288 0.0702157
0.512872 0.129727 0.233839 9.9982E-05 9.9982E-05 0.123362
9.9973E-05 0.597244 0.144115 9.9973E-05 9.9973E-05 0.258341
0.498788 0.0960996 0.226538 0.0757288 9.9991E-05 0.102746
0.549071 0.190516 0.173329 0.011267 9.9991E-05 0.075717
0.352888 0.057346 0.428555 9.9991E-05 0.0023269 0.158785
0.482247 0.0261554 0.163284 0.106428 0.0704531 0.151432
0.0825861 0.353712 0.311368 9.9982E-05 9.9982E-05 0.252134
0.546069 0.172987 0.1525 0.0469572 9.9991E-05 0.0813877
0.505168 0.0238041 0.309068 9.9991E-05 0.00349295 0.158366
0.365479 0.0316053 0.112867 0.229492 0.133867 0.126689
0.440663 0.203709 0.293607 0.0340818 9.9991E-05 0.0278394
0.497991 0.0890413 0.25975 0.0213161 0.0164835 0.115419
0.42119 0.15501 0.104443 0.108291 9.9991E-05 0.210966
0.578702 0.160681 0.0820776 0.0253958 0.0252257 0.127918
0.576062 0.0178782 0.129754 0.121531 0.0818829 0.0728917
0.561473 0.0352432 0.153866 0.0779715 0.0177416 0.153705
0.554979 0.114414 0.130975 0.0740264 0.0274381 0.098168
0.144627 9.9973E-05 9.9973E-05 0.0475215 0.807552 9.9973E-05
0.0722379 9.9982E-05 9.9982E-05 0.0334165 0.84131 0.0528359
0.0518409 0.0218725 0.0396309 9.9991E-05 0.809747 0.0768085
0.00386388 9.9991E-05 0.0195299 0.0122462 0.83959 0.12467
0.139367 9.9964E-05 9.9964E-05 9.9964E-05 0.860233 9.9964E-05
0.134611 0.0952645 0.518719 0.0594484 0.0188092 0.173147
0.493322 0.0801196 0.190799 0.0701711 0.0699374 0.0956508
0.510247 0.127998 9.9982E-05 0.158359 0.203196 9.9982E-05
0.561471 0.0732705 0.135689 0.0895237 0.0216676 0.118379
0.516691 9.9991E-05 0.214427 0.0196075 0.0755103 0.173664
0.275232 0.29363 0.350635 0.0790624 9.9991E-05 0.00134117
9.9982E-05 0.0606442 0.585419 9.9982E-05 0.147366 0.206371
0.458106 0.0114677 0.349917 0.0641294 0.0615683 0.0548123
0.141109 0.0768559 0.535197 0.0391066 0.0735395 0.134192
0.428601 0.19037 0.18754 0.064286 0.0119035 0.117299
0.0509503 0.0219856 0.591755 0.0713064 0.102465 0.161537
0.572075 0.0770701 0.15527 0.0851242 0.110361 9.9991E-05
0.202334 0.0635692 0.548967 0.0672806 0.0372863 0.0805632
0.352708 0.18955 0.316226 0.0123659 0.0392836 0.0898662
0.488471 0.206086 0.140504 0.0348271 0.0220512 0.108061
0.347977 0.485685 0.166038 9.9973E-05 9.9973E-05 9.9973E-05
0.678911 0.225534 0.0203655 9.9982E-05 0.0749894 9.9982E-05
0.486846 0.141974 0.0627899 0.020198 0.111676 0.176515
0.387786 0.470382 0.119833 9.9982E-05 9.9982E-05 0.0217997
0.509735 0.164273 0.0665622 0.0540586 0.0961013 0.10927
0.580425 0.233093 0.0584942 9.9991E-05 0.0475867 0.0803011
0.120595 0.705261 0.0626823 9.9982E-05 9.9982E-05 0.111262
0.311725 0.667786 0.0201898 9.9973E-05 9.9973E-05 9.9973E-05
0.506853 0.345837 0.078382 9.9991E-05 0.0414209 0.0274079
0.152334 0.547089 0.106519 9.9982E-05 9.9982E-05 0.193858
0.470999 0.258128 0.210308 9.9991E-05 0.00535794 0.055107
0.00297437 0.0199125 0.576167 0.0460565 0.0566096 0.29828
0.277347 0.282309 0.30415 9.9982E-05 9.9982E-05 0.135994
0.295409 9.9982E-05 0.408298 0.148668 9.9982E-05 0.147425
0.591936 0.0346855 0.227401 0.0938187 9.9991E-05 0.0520592
0.21521 0.0262436 0.458784 0.0278454 9.9991E-05 0.271817
0.419075 0.137093 0.204408 0.127969 9.9991E-05 0.111354
0.509718 0.117383 0.237418 0.117663 9.9991E-05 0.0177183
0.39872 9.9991E-05 0.255698 0.11231 0.0347532 0.198419
0.44113 0.0235812 0.260263 0.114184 0.0111126 0.14973
0.459456 0.0149614 0.312993 0.0262444 9.9991E-05 0.186245
0.157221 9.9982E-05 0.517992 0.11467 9.9982E-05 0.209918
0.239045 0.0652608 0.357408 0.154142 9.9991E-05 0.184044
0.56926 9.9982E-05 0.23941 0.0837114 9.9982E-05 0.107419
0.631551 0.0428778 0.23748 0.0315073 0.0564841 9.9991E-05
0.420793 0.172983 0.157094 9.9991E-05 0.0590971 0.189932
0.571076 0.12073 0.268015 0.0100157 9.9991E-05 0.0300636
0.404672 0.0375884 0.36215 0.0584798 0.0745118 0.0625972
0.619279 0.0529363 0.251743 0.0512911 9.9991E-05 0.0246504
0.474039 9.9991E-05 0.245775 0.0789178 0.0722864 0.128881
0.454921 9.9991E-05 0.257504 0.14172 0.0375668 0.108187
0.37792 0.0144817 0.0793904 0.135137 0.318023 0.0750477
0.477462 0.0755228 9.9991E-05 0.226454 0.133453 0.0870074
0.586872 0.120946 9.9991E-05 0.14357 0.141327 0.0071848
0.650783 0.041808 0.0695795 0.061908 0.0856892 0.0902322
0.473287 0.0455446 9.9991E-05 0.207179 0.205113 0.0687765
0.520157 0.191722 0.216426 9.9982E-05 9.9982E-05 0.071495
0.395419 0.0150501 0.123753 0.215834 0.15745 0.0924938
0.041735 0.411262 9.9991E-05 0.142675 0.253081 0.151147
0.558533 0.210934 0.0469438 0.0646459 0.118843 9.9991E-05
0.479074 0.046083 0.0344434 0.166346 0.156501 0.117553
0.406975 0.180158 9.9991E-05 0.254962 0.108094 0.0497111
0.314699 0.222271 0.104847 0.116258 0.2266 0.0153235
0.512076 9.9991E-05 0.0961295 0.10174 0.218938 0.0710158
0.567846 0.140929 9.9982E-05 0.146838 0.144186 9.9982E-05
9.9973E-05 0.347181 9.9973E-05 0.152731 0.499788 9.9973E-05
0.502631 0.0946312 9.9991E-05 0.189216 0.207663 0.00575886
0.433757 0.123124 9.9991E-05 0.27342 0.102855 0.0667448
0.578415 0.0757182 9.9991E-05 0.104106 0.154297 0.0873634
0.610085 0.0245444 0.0255033 0.105504 0.234263 9.9991E-05
0.518357 0.0532026 0.0930705 0.138315 0.1559 0.0411551
0.454892 0.287756 0.0367925 0.0500925 0.0486357 0.121832
0.44228 0.120816 0.0825751 0.0820683 0.0483428 0.223917
0.0953916 0.558423 0.108449 9.9982E-05 9.9982E-05 0.237536
0.070827 0.556487 0.137436 9.9982E-05 9.9982E-05 0.23505
0.460946 0.215717 0.122564 0.0688812 9.9991E-05 0.131792
0.488706 0.174908 9.9982E-05 0.255599 0.0805868 9.9982E-05
0.325772 0.223747 9.9982E-05 0.32315 0.12713 9.9982E-05
0.1605 0.357715 9.9982E-05 0.311828 0.169758 9.9982E-05
0.346835 0.121435 9.9991E-05 0.255001 0.196416 0.080212
0.185557 0.672039 9.9982E-05 0.035084 0.10712 9.9982E-05
0.294172 0.593632 9.9982E-05 0.0484555 0.0635399 9.9982E-05
0.54432 0.183678 0.0363604 0.161993 9.9991E-05 0.0735487
0.529896 0.243756 0.0274274 0.091165 0.0598002 0.0479551
0.350562 0.489151 0.0130082 0.078833 0.0672606 0.00118449
0.444054 0.211193 0.0498521 0.15355 0.00985129 0.1315
0.58362 0.236287 9.9982E-05 0.115853 9.9982E-05 0.0640401
0.370862 0.169358 0.129858 0.163804 0.119328 0.0467899
0.382927 0.409711 0.0696851 9.9982E-05 9.9982E-05 0.137478
0.39952 0.314597 0.140733 9.9982E-05 9.9982E-05 0.14495
0.499096 0.17668 0.000821835 0.0665861 0.086407 0.170408
0.375866 0.230655 0.15581 0.0868506 0.0149469 0.135872
0.433222 0.249113 0.0989314 0.104529 0.0715284 0.0426764
0.526506 0.397021 9.9973E-05 9.9973E-05 9.9973E-05 0.0761732
0.298004 0.517511 0.0748683 9.9982E-05 9.9982E-05 0.109417
0.610069 0.0858037 9.9991E-05 0.0459903 0.0432679 0.214769
0.226412 0.485437 0.0557341 9.9982E-05 9.9982E-05 0.232217
0.526679 0.398134 0.0639253 9.9982E-05 0.0110608 9.9982E-05
0.471991 0.183796 9.9991E-05 0.0890817 0.106254 0.148778
0.546505 0.187677 0.0123919 9.9991E-05 0.0513354 0.201992
0.466392 0.244598 0.00302486 0.19932 0.0865658 9.9991E-05
0.391966 0.180806 0.054218 0.174021 0.135299 0.0636905
0.282733 0.172313 0.0326675 0.301079 0.126902 0.084305
0.368861 0.124672 0.132296 0.188582 0.185488 9.9991E-05
0.395866 0.1314 0.0854217 0.153803 0.171861 0.0616483
0.366741 0.127394 0.0391876 0.187562 0.18946 0.0896559
9.9982E-05 0.674351 0.00128154 0.205824 0.118343 9.9982E-05
0.620101 0.11284 0.00419429 0.20114 0.0616251 9.9991E-05
9.9973E-05 0.538541 9.9973E-05 0.131892 0.329267 9.9973E-05
0.603078 0.144908 9.9982E-05 0.187713 0.0641009 9.9982E-05
0.178512 0.558746 9.9973E-05 9.9973E-05 9.9973E-05 0.262442
9.9973E-05 0.601782 0.0488652 9.9973E-05 9.9973E-05 0.349053
0.5245 0.296478 0.0159512 9.9982E-05 9.9982E-05 0.162871
0.628651 0.169751 0.0222176 0.0538284 9.9991E-05 0.125453
0.425279 0.396079 0.0343046 9.9982E-05 9.9982E-05 0.144137
0.567036 0.217905 0.0309609 9.9982E-05 9.9982E-05 0.183897
0.6115 0.290665 9.9973E-05 9.9973E-05 9.9973E-05 0.0975352
0.079934 9.9991E-05 0.0512089 0.0382293 0.807302 0.0232254
9.9973E-05 9.9973E-05 0.183138 0.129801 0.686761 9.9973E-05
9.9973E-05 9.9973E-05 0.077397 0.0500355 0.872268 9.9973E-05
0.0815474 9.9964E-05 9.9964E-05 9.9964E-05 0.918053 9.9964E-05
0.490562 9.9991E-05 0.0788051 0.0964514 0.00347037 0.330611
0.499405 0.0318432 9.9991E-05 0.0550113 0.0624744 0.351166
0.44974 9.9991E-05 0.0170208 0.00383699 0.0233802 0.505922
0.496173 0.0695884 9.9991E-05 0.0800878 0.0859008 0.26815
0.527169 0.00370692 0.175607 0.0551072 0.0583645 0.180046
0.270004 0.0635539 0.116938 9.9991E-05 0.0390504 0.510354
0.525125 9.9982E-05 0.0111021 9.9982E-05 0.0584602 0.405113
0.302491 0.192037 9.9973E-05 9.9973E-05 9.9973E-05 0.505171
0.48984 0.0184289 0.0825659 0.117146 0.277339 0.0146799
0.439469 0.0866342 0.062737 0.0523243 9.9991E-05 0.358736
0.353422 9.9982E-05 0.159837 9.9982E-05 0.00777916 0.478763
0.509587 0.00402293 0.0452754 9.9982E-05 9.9982E-05 0.440914
0.399746 9.9982E-05 0.0990573 9.9982E-05 0.0214303 0.479566
0.474555 0.0453004 9.9991E-05 0.033079 0.0206857 0.42628
0.473059 9.9982E-05 9.9982E-05 0.0470906 0.0951711 0.384479
0.0595619 0.0135118 9.9973E-05 9.9973E-05 9.9973E-05 0.926626
0.189539 0.126503 0.00799255 0.00729683 9.9991E-05 0.668569
0.363464 0.00910102 0.085829 9.9991E-05 0.0246614 0.516845
9.9964E-05 0.281125 9.9964E-05 9.9964E-05 9.9964E-05 0.718475
0.385358 9.9982E-05 0.0752691 9.9982E-05 0.0556526 0.483521
0.0825814 0.29416 9.9973E-05 9.9973E-05 9.9973E-05 0.622959
9.9964E-05 0.279399 9.9964E-05 9.9964E-05 9.9964E-05 0.720201
0.588525 0.0532614 9.9982E-05 0.0145265 9.9982E-05 0.343487
0.159215 9.9982E-05 0.00725641 9.9982E-05 0.117435 0.715893
0.326719 9.9982E-05 0.108953 0.0867572 9.9982E-05 0.477371
0.564407 0.0616312 0.00720115 0.0873424 0.0422157 0.237202
0.509497 9.9973E-05 0.119373 9.9973E-05 9.9973E-05 0.37083
0.440927 0.229741 0.318703 0.0104299 9.9982E-05 9.9982E-05
0.499518 9.9982E-05 0.000246361 9.9982E-05 0.0549143 0.445121
0.464015 9.9991E-05 0.0872554 0.0136473 0.0600274 0.374955
0.291272 0.0246313 9.9982E-05 0.00319348 9.9982E-05 0.680704
0.518643 0.0520113 0.0969512 0.109573 0.00153459 0.221287
9.9982E-05 0.0800019 0.300781 9.9982E-05 0.605685 0.0133317
0.0502415 0.0313284 0.111311 0.00163109 0.737113 0.0683756
9.9973E-05 0.0526084 0.126034 9.9973E-05 0.821058 9.9973E-05
9.9973E-05 0.0758093 0.127206 9.9973E-05 0.796684 9.9973E-05
0.0207792 0.0434482 0.237482 9.9982E-05 0.698091 9.9982E-05
0.0407399 9.9991E-05 0.0983034 0.048984 0.020454 0.791419
0.0797371 9.9982E-05 0.127683 9.9982E-05 0.0717275 0.720653
0.0516348 0.0440655 9.9982E-05 0.0291876 9.9982E-05 0.874912
0.475598 0.0401558 0.05704 0.0237094 0.179682 0.223815
0.494666 0.113746 0.0174012 0.0295865 0.123043 0.221558
0.299946 0.118466 9.9982E-05 9.9982E-05 0.0605186 0.52087
0.525839 0.0581481 9.9982E-05 0.115083 9.9982E-05 0.300729
0.367384 0.0408303 9.9991E-05 0.0114884 0.0853975 0.4948
0.582091 0.0485586 0.0300535 9.9991E-05 0.0515598 0.287637
0.564463 9.9982E-05 0.0832394 0.0883294 9.9982E-05 0.263768
0.231527 0.0471045 0.105401 0.00773559 9.9991E-05 0.608132
0.36479 9.9973E-05 0.100737 9.9973E-05 9.9973E-05 0.534173
0.240893 9.9982E-05 0.1096 0.0204169 9.9982E-05 0.62889
0.627669 0.145275 0.0812147 9.9982E-05 0.145641 9.9982E-05
0.347698 9.9982E-05 0.00686777 9.9982E-05 0.0148365 0.630398
0.449307 9.9991E-05 0.0108522 0.0162203 0.0238272 0.499694
0.386357 0.0655991 0.0353216 0.392974 0.119648 9.9991E-05
0.335216 0.0506653 0.013324 0.495838 0.0707685 0.0341879
0.409528 0.0205278 0.0281469 0.393138 0.131604 0.0170554
0.252696 0.0270069 9.9982E-05 0.5227 0.197397 9.9982E-05
0.479286 0.0917264 9.9991E-05 0.355903 0.0648464 0.00813836
0.424412 0.182484 9.9982E-05 0.0353927 9.9982E-05 0.357512
0.027 0.0446175 9.9982E-05 0.690835 0.237347 9.9982E-05
0.232523 9.9982E-05 9.9982E-05 0.524228 0.16558 0.077469
0.413129 0.180584 9.9991E-05 0.165698 0.101405 0.139084
0.601584 0.27958 9.9973E-05 9.9973E-05 0.118537 9.9973E-05
0.467539 0.269772 0.0974715 0.011304 0.128366 0.0255467
0.603258 0.216181 0.0631376 0.0217508 0.0955731 9.9991E-05
0.632985 0.198441 9.9982E-05 9.9982E-05 0.0787989 0.0895746
0.408699 0.0302233 9.9982E-05 0.333196 0.227682 9.9982E-05
0.409774 9.9991E-05 0.0683933 0.320567 0.157423 0.0437432
0.448237 0.0513172 9.9982E-05 0.397394 0.102852 9.9982E-05
0.454284 0.0973885 9.9991E-05 0.283574 0.113763 0.0508914
0.252609 0.0739684 0.0459705 0.492058 0.119627 0.0157673
0.442062 9.9982E-05 9.9982E-05 0.335677 0.145436 0.0766243
0.211292 9.9991E-05 0.00716942 0.556351 0.156994 0.0680929
0.36494 0.0557496 0.0895977 0.448451 0.0411614 9.9991E-05
0.549527 0.262398 9.9991E-05 0.0530597 0.065111 0.0698049
0.385008 0.0801711 9.9991E-05 0.305584 0.19736 0.0317762
0.212813 0.0194087 9.9982E-05 0.625318 0.14226 9.9982E-05
0.330013 9.9991E-05 0.0750189 0.316277 0.167756 0.110835
0.160374 0.270166 0.196165 9.9991E-05 0.185603 0.187591
0.61702 0.212144 0.0817384 0.0831737 0.00582346 9.9991E-05
0.360117 9.9991E-05 0.147092 0.277235 0.182025 0.0334313
0.64202 0.184646 0.0309171 9.9982E-05 0.142216 9.9982E-05
0.509124 0.2567 0.0299614 9.9991E-05 0.169842 0.0342729
0.313025 0.0767358 9.9991E-05 0.272279 0.208227 0.129633
0.341641 0.0841839 0.00625276 0.332147 0.235675 9.9991E-05
0.616864 0.124506 0.119003 0.0303755 0.109151 9.9991E-05
0.371983 9.9982E-05 9.9982E-05 0.361446 0.116413 0.149959
0.404492 0.039973 9.9982E-05 0.448037 0.107299 9.9982E-05
0.156449 0.0260504 9.9982E-05 0.63508 0.182221 9.9982E-05
0.635363 0.165779 0.00522377 9.9991E-05 0.143004 0.0505294
0.51741 0.174733 0.131287 9.9991E-05 0.135013 0.0414573
0.239286 0.630646 9.9991E-05 0.00479415 0.122166 0.00300743
0.54914 0.17078 0.0198027 0.0516974 0.179084 0.0294961
0.411879 0.143653 0.322067 0.0038714 0.11843 9.9991E-05
0.449079 0.186453 9.9991E-05 0.144078 0.201547 0.0187434
0.375005 0.266025 0.138605 0.133073 0.0431414 0.0441503
9.9973E-05 0.508142 9.9973E-05 0.162357 0.329201 9.9973E-05
9.9973E-05 0.60723 9.9973E-05 0.101924 0.290546 9.9973E-05
0.310529 0.320943 0.152415 0.0921891 0.122245 0.00167866
0.0299455 0.472534 9.9982E-05 0.182041 0.31528 9.9982E-05
9.9973E-05 0.352553 9.9973E-05 0.202217 0.444929 9.9973E-05
0.393547 0.318345 9.9991E-05 0.122101 0.120758 0.0451486
0.429399 0.132276 0.087912 0.145848 0.204465 9.9991E-05
0.162808 0.314308 0.0224846 0.211451 0.259108 0.0298409
0.0812154 0.484429 9.9982E-05 0.167193 0.266963 9.9982E-05
0.463498 0.221772 0.0430725 0.143071 0.128486 9.9991E-05
0.133185 0.45655 9.9991E-05 0.156878 0.168304 0.0849836
9.9973E-05 0.528643 9.9973E-05 0.0341842 0.436872 9.9973E-05
0.420218 0.101884 0.139031 0.216212 0.122555 9.9991E-05
0.269772 0.181061 0.0772815 0.27067 0.201115 9.9991E-05
0.363345 9.9991E-05 0.0230349 0.183017 0.316583 0.11392
0.549347 9.9973E-05 9.9973E-05 0.24184 0.208514 9.9973E-05
0.570023 0.0406614 0.0165411 0.186497 0.186177 9.9991E-05
0.469569 0.0831129 0.0180387 0.250329 0.13464 0.0443103
0.351537 0.0144886 0.0207887 0.17237 0.401101 0.0397146
0.542235 0.0240316 0.0731672 0.109459 0.232462 0.0186444
0.405826 9.9982E-05 9.9982E-05 0.244474 0.296337 0.0531631
0.28232 0.13421 0.0889505 0.278686 0.209494 0.0063401
0.272762 0.114887 0.129729 0.149808 0.161195 0.171619
0.628068 0.057211 0.017989 0.049889 0.178248 0.0685952
0.527894 0.0104319 0.114562 0.185018 0.129873 0.0322215
0.59158 9.9991E-05 0.0600945 0.0663619 0.103109 0.178755
0.329295 0.120416 0.0424809 0.246241 0.261467 9.9991E-05
0.638085 0.0592123 0.0307404 0.0807357 0.191126 9.9991E-05
0.187704 0.239381 9.9991E-05 0.168212 0.366776 0.0378272
0.474998 9.9991E-05 0.0550233 0.191841 0.209402 0.0686358
0.221838 0.193084 9.9991E-05 0.2651 0.307038 0.0128407
9.9982E-05 0.00200718 0.113732 9.9982E-05 0.800816 0.0832445
0.105943 9.9982E-05 0.733022 9.9982E-05 0.0943445 0.0664902
9.9973E-05 9.9973E-05 0.964011 9.9973E-05 0.0286629 0.00702579
9.9964E-05 9.9964E-05 0.989546 9.9964E-05 0.0100543 9.9964E-05
9.9964E-05 0.0140527 0.985547 9.9964E-05 9.9964E-05 9.9964E-05
0.0496603 9.9973E-05 0.92436 0.0256796 9.9973E-05 9.9973E-05
0.0925885 9.9964E-05 0.907012 9.9964E-05 9.9964E-05 9.9964E-05
9.9964E-05 9.9964E-05 0.961244 9.9964E-05 0.038356 9.9964E-05
9.9964E-05 9.9964E-05 0.799641 9.9964E-05 0.199959 9.9964E-05
0.0189036 0.0116066 0.0293646 0.0160978 0.913291 0.0107364
0.0711234 9.9973E-05 0.153661 9.9973E-05 0.774916 9.9973E-05
9.9982E-05 0.00815626 9.9982E-05 0.0315188 0.918365 0.0417602
0.0237937 0.0564057 0.0978411 9.9982E-05 0.82176 9.9982E-05
0.0183858 9.9982E-05 0.0631176 0.0376546 0.880642 9.9982E-05
9.9982E-05 0.0139431 0.0979578 0.0118737 0.876026 9.9982E-05
0.00446034 0.0818856 0.0744979 0.145712 0.693344 9.9991E-05
0.0921161 0.0392297 9.9982E-05 0.0512114 0.817243 9.9982E-05
0.0831994 9.9991E-05 0.134597 0.0484528 0.675113 0.0585384
9.9973E-05 9.9973E-05 9.9973E-05 0.0622838 0.915443 0.0219737
9.9973E-05 0.0300517 0.0097398 9.9973E-05 0.959909 9.9973E-05
0.00939107 0.0235925 0.0144938 0.0924442 0.841365 0.0187133
9.9964E-05 9.9964E-05 0.0407662 9.9964E-05 0.958834 9.9964E-05
0.0384722 9.9982E-05 0.0333643 0.0199292 0.908034 9.9982E-05
0.119147 9.9982E-05 0.0132112 9.9982E-05 0.844235 0.0232068
0.122839 9.9964E-05 9.9964E-05 9.9964E-05 0.876761 9.9964E-05
0.111143 9.9973E-05 9.9973E-05 0.111171 0.777386 9.9973E-05
0.117037 9.9973E-05 9.9973E-05 0.0986673 0.783996 9.9973E-05
0.150726 9.9973E-05 9.9973E-05 0.0235717 0.825403 9.9973E-05
0.442475 0.265531 0.0606786 9.9991E-05 0.145111 0.0861041
0.722362 0.150944 9.9982E-05 9.9982E-05 0.0762808 0.0502134
0.583994 0.0642099 0.00278503 0.00521748 0.197842 0.145952
0.206231 0.716425 9.9982E-05 9.9982E-05 0.0235763 0.053568
0.503778 0.266385 0.154453 0.0403894 0.0254671 0.00952754
0.169227 0.675289 9.9973E-05 9.9973E-05 0.155184 9.9973E-05
0.648947 0.272069 9.9982E-05 0.00945323 0.0693302 9.9982E-05
0.447485 0.147534 0.177513 9.9991E-05 0.0728121 0.154556
0.535072 0.264197 0.0443161 9.9991E-05 0.0742113 0.0821037
0.547484 0.0749054 0.0156204 9.9982E-05 9.9982E-05 0.361791
0.433706 0.216051 0.143422 9.9991E-05 0.121354 0.0853668
0.692247 0.193102 9.9973E-05 9.9973E-05 0.114351 9.9973E-05
0.594731 0.207053 0.0792616 9.9991E-05 0.107931 0.0109235
0.0397042 0.249995 0.420596 0.0530987 9.9991E-05 0.236506
0.0269212 0.896705 0.076074 9.9973E-05 9.9973E-05 9.9973E-05
0.228889 0.709551 0.0207952 9.9991E-05 0.0262498 0.0144154
0.674286 0.17818 0.0175393 9.9982E-05 0.129796 9.9982E-05
0.57005 0.294336 0.0600926 0.00159704 0.0738239 9.9991E-05
0.553024 0.285405 0.030274 9.9982E-05 0.131097 9.9982E-05
0.625621 0.169839 0.0263307 0.0511584 0.0177382 0.109313
0.48098 0.102584 0.0477587 0.152 0.216578 9.9991E-05
0.607709 0.0400328 0.0354158 0.13347 0.183272 9.9991E-05
0.0975969 0.0681358 0.111269 0.192616 0.405381 0.125002
0.652413 0.0236045 0.0546444 0.00512308 0.155691 0.108524
0.405805 0.0991485 0.129398 0.118069 0.223862 0.0237168
9.9973E-05 0.421043 9.9973E-05 0.173212 0.405445 9.9973E-05
0.376644 0.162691 9.9982E-05 0.153948 0.306518 9.9982E-05
0.303596 0.0591002 0.0575548 0.144929 0.366426 0.068393
0.490535 9.9991E-05 0.0793244 0.012632 0.366312 0.051096
0.451462 0.099928 0.0525324 0.199048 0.118837 0.0781925
0.515764 0.0756747 0.0646408 0.172475 0.171346 9.9991E-05
0.596368 0.1129 9.9991E-05 0.0806604 0.179568 0.030403
0.37318 0.177092 0.00254446 0.138838 0.170789 0.137556
0.335263 9.9982E-05 9.9982E-05 0.105128 0.485828 0.0735806
