0.0680689 0.017033 0.0353436 0.0476393 0.0168791 0.814836 9.9982E-05 9.9982E-05
0.0170271 9.9964E-05 0.0899011 9.9964E-05 9.9964E-05 0.873057 0.0196152 9.9964E-05
0.0490547 0.0553592 9.9973E-05 0.118849 0.0349044 0.741533 9.9973E-05 9.9973E-05
0.0637614 0.107903 9.9964E-05 9.9964E-05 0.157427 0.670509 9.9964E-05 9.9964E-05
0.00128091 0.0351807 9.9973E-05 0.0753888 0.00203534 0.885814 9.9973E-05 9.9973E-05
9.999E-05 0.0831574 0.0914414 0.0227687 0.0533397 0.597417 0.00585726 0.145919
0.0570928 9.9973E-05 9.9973E-05 9.9973E-05 0.0234409 0.755916 0.00817828 0.155073
0.0545545 0.04433 9.9982E-05 0.0244793 0.130945 0.686984 9.9982E-05 0.0585072
0.0133195 9.99729E-05 0.0778957 9.99729E-05 0.0744399 0.815572 9.99729E-05 0.0184727
0.0300513 0.0566048 9.9991E-05 0.130799 0.0312002 0.668679 0.0178185 0.0647476
9.9964E-05 9.9964E-05 9.9964E-05 0.0295838 0.0947292 0.762303 9.9964E-05 0.112984
9.9964E-05 0.102297 0.302511 0.166804 0.427988 9.9964E-05 9.9964E-05 9.9964E-05
0.00957245 0.0669162 9.9982E-05 0.477876 0.323581 9.9982E-05 0.0198675 0.101987
0.0761825 0.106299 0.126118 0.156658 0.389581 9.9991E-05 0.111267 0.0337948
0.0155244 0.190597 0.0954875 0.194126 0.29277 0.00123791 0.144797 0.0654609
9.999E-05 0.167108 0.0498704 0.30078 0.20155 0.0898595 0.0721679 0.118564
0.0284301 0.144613 9.9991E-05 0.513619 0.178164 0.00303916 0.0591712 0.0728632
0.0566506 0.0523291 0.216448 0.425215 0.154438 9.9991E-05 0.00582138 0.0889988
0.0267128 0.132182 0.24245 0.195324 0.299865 0.103267 9.9982E-05 9.9982E-05
0.0474356 0.0574604 0.119249 0.0299091 0.592021 0.0328807 9.9991E-05 0.120944
9.9982E-05 0.083503 0.169639 0.386514 0.228567 9.9982E-05 0.0649772 0.0666002
9.9973E-05 0.0925058 0.0733702 0.440336 0.199613 9.9973E-05 9.9973E-05 0.193875
0.00131615 9.9991E-05 0.119413 0.607954 0.194803 0.0685996 0.00430227 0.00351134
0.0553606 0.105935 0.159127 0.237104 0.327747 9.9982E-05 9.9982E-05 0.114526
0.122061 0.137871 0.0665613 0.484189 0.0691173 9.9982E-05 0.12 9.9982E-05
0.0700961 0.129731 0.063848 0.429915 0.213599 9.9991E-05 0.0277504 0.0649613
0.0518581 0.174165 0.185122 0.125374 0.458639 9.9982E-05 0.00464148 9.9982E-05
9.9973E-05 0.19373 0.12644 0.179745 0.406968 9.9973E-05 9.9973E-05 0.0928177
9.9982E-05 0.0691403 0.144351 0.209745 0.39755 9.9982E-05 0.0514765 0.127536
0.9993 9.994E-05 9.994E-05 9.994E-05 9.994E-05 9.994E-05 9.994E-05 9.994E-05
0.9993 9.994E-05 9.994E-05 9.994E-05 9.994E-05 9.994E-05 9.994E-05 9.994E-05
0.356976 0.0420142 0.0923723 0.0457823 9.9973E-05 0.462556 9.9973E-05 9.9973E-05
0.310332 0.095462 0.0342338 0.08076 9.9973E-05 0.478913 9.9973E-05 9.9973E-05
0.00430667 9.9982E-05 0.185338 0.603712 0.114663 0.046734 9.9982E-05 0.0450457
0.0362341 0.0361422 0.287656 0.49714 0.0130804 0.124697 0.00495017 9.9991E-05
9.9973E-05 0.0466092 0.356318 0.577777 9.9973E-05 0.0180002 9.9973E-05 0.000996075
0.00924458 0.0264809 0.0826468 0.137784 0.641895 0.101748 9.9982E-05 9.9982E-05
0.0138267 9.9973E-05 0.601292 0.269106 9.9973E-05 0.0579491 0.057526 9.9973E-05
0.0424021 9.9982E-05 0.0945469 0.508433 0.204712 0.0777722 0.0719337 9.9982E-05
9.9973E-05 9.9973E-05 0.0759662 0.754635 9.9973E-05 0.030782 0.0161561 0.12216
0.00456532 9.9991E-05 0.0557066 0.578449 0.05372 0.0873845 0.00752453 0.21255
0.0560509 9.9991E-05 0.144251 0.598302 0.0521756 0.0608733 0.028332 0.059915
0.0259069 9.9982E-05 0.700389 0.11822 0.0830108 0.00162872 9.9982E-05 0.0706446
9.9982E-05 0.0917537 0.0865262 0.535528 0.05153 0.0382746 9.9982E-05 0.196188
0.00953282 0.00966032 0.180532 0.584393 0.0327869 0.0625062 0.062633 0.0579559
0.0906809 0.0996096 0.098359 0.544129 0.010191 0.078969 9.9991E-05 0.0779616
9.9955E-05 9.9955E-05 0.640394 0.327494 9.9955E-05 9.9955E-05 0.031612 9.9955E-05
0.0357763 0.00856517 0.253047 0.609111 9.9991E-05 0.057226 0.0224537 0.013721
0.0715384 0.0844773 0.180637 0.521106 9.9991E-05 0.0685827 0.033663 0.0398955
9.9955E-05 9.9955E-05 0.688481 9.9955E-05 9.9955E-05 0.0922859 9.9955E-05 0.218734
0.0412729 9.9973E-05 0.227801 0.205383 0.429843 9.9973E-05 9.9973E-05 0.0953997
0.00506558 0.0137533 0.162756 0.0922588 0.2598 9.9991E-05 0.101635 0.364631
0.0150379 0.0709396 0.129596 0.471493 0.192384 0.0633074 0.0337634 0.0234783
0.0527222 0.0547027 9.9991E-05 0.582609 0.0143669 0.11058 0.126791 0.0581285
9.9991E-05 0.0500781 0.0623633 0.547914 0.116962 0.100804 0.0573788 0.0644002
0.0337376 0.0109762 0.267701 0.1381 0.332723 0.0533618 0.00954335 0.153858
0.0242996 9.9982E-05 0.089511 0.530187 0.205125 9.9982E-05 0.0723959 0.0782818
0.0135916 0.136622 0.0842417 0.470598 0.048171 0.0294909 9.9991E-05 0.217185
0.0368989 0.0618463 0.2434 0.293226 0.182815 0.0549734 0.0348512 0.0919893
0.017068 0.125337 0.13773 0.00240628 0.369149 0.115317 0.0154918 0.217501
0.0365126 0.0119519 0.201196 0.467641 0.190694 0.0317134 9.9991E-05 0.0601906
0.00611647 0.16791 0.114323 0.300557 0.286663 0.012202 0.054537 0.0576904
0.0803734 9.9964E-05 0.173666 9.9964E-05 0.59915 9.9964E-05 9.9964E-05 0.146411
0.00823534 0.00379029 0.0842964 0.553713 0.251389 9.9991E-05 0.0366906 0.0617854
9.9982E-05 0.0579365 0.0271084 0.608206 0.0474653 9.9982E-05 0.140574 0.118509
0.0890601 0.03973 9.9973E-05 0.580731 0.198738 9.9973E-05 0.0914416 9.9973E-05
0.0484383 0.0595285 0.0699218 0.254101 0.382208 9.9991E-05 0.0347297 0.150973
0.0430231 0.0422353 9.9982E-05 0.446532 0.228658 9.9982E-05 0.0592847 0.180067
0.0900575 9.9991E-05 0.036127 0.536752 0.0961866 0.0400877 0.0951045 0.105585
0.073826 9.9982E-05 0.0530291 0.170951 0.409055 9.9982E-05 0.15655 0.136388
0.00916246 9.9955E-05 0.450507 0.539831 9.9955E-05 9.9955E-05 9.9955E-05 9.9955E-05
0.0241668 0.0056956 0.683662 0.182378 0.103798 9.9973E-05 9.9973E-05 9.9973E-05
0.0123693 0.051923 0.248367 0.52924 0.10087 0.0570307 9.9982E-05 9.9982E-05
0.0136411 9.9955E-05 0.854765 9.9955E-05 9.9955E-05 9.9955E-05 9.9955E-05 0.131094
9.9964E-05 9.9964E-05 0.854325 9.9964E-05 0.0334165 9.9964E-05 0.0871327 0.0247259
9.9955E-05 9.9955E-05 0.728812 0.261517 0.00917131 9.9955E-05 9.9955E-05 9.9955E-05
0.0035061 9.9973E-05 0.407012 0.435062 0.153619 9.9973E-05 9.9973E-05 0.000500257
0.00796947 0.12003 0.247341 0.461304 0.041601 0.121554 9.9982E-05 9.9982E-05
0.000516275 9.9973E-05 0.413112 0.474243 0.0599162 0.0519131 9.9973E-05 9.9973E-05
9.9973E-05 0.0704282 0.759743 0.0584029 0.0910644 0.0200614 9.9973E-05 9.9973E-05
0.0286751 0.00959125 0.52059 0.224277 0.196457 0.0202098 9.9982E-05 9.9982E-05
0.0460639 0.123338 0.193745 0.466093 0.162355 0.0067944 0.00150997 9.9991E-05
0.0124839 0.0162894 0.625476 0.264583 0.0461408 0.0317516 9.9991E-05 0.00317619
0.028698 9.9982E-05 0.421629 0.429186 0.095147 0.0105665 9.9982E-05 0.0145738
9.9964E-05 9.9964E-05 0.504823 0.407554 9.9964E-05 9.9964E-05 0.00530124 0.0819213
9.9955E-05 9.9955E-05 0.685571 9.9955E-05 9.9955E-05 9.9955E-05 0.0133555 0.300573
0.0302558 0.0856921 0.280398 0.531436 0.0333876 9.9982E-05 0.0386303 9.9982E-05
0.070989 0.0210734 0.0228472 0.0968399 0.0171474 0.770903 9.9982E-05 9.9982E-05
0.135508 9.9955E-05 9.9955E-05 0.0768818 9.9955E-05 0.78711 9.9955E-05 9.9955E-05
0.125894 0.0763429 9.9973E-05 0.0465648 9.9973E-05 0.735714 9.9973E-05 0.015184
0.116299 0.00952338 9.9973E-05 0.043869 9.9973E-05 0.80907 9.9973E-05 0.0209381
0.0851229 0.0060541 9.9964E-05 0.092642 9.9964E-05 0.815781 9.9964E-05 9.9964E-05
0.0698894 0.0306765 0.0376997 0.042542 9.9973E-05 0.818892 9.9973E-05 9.9973E-05
0.0338814 9.9955E-05 9.9955E-05 0.0583746 9.9955E-05 0.907244 9.9955E-05 9.9955E-05
0.0936439 0.0140633 0.24274 0.537619 0.0562665 0.0554679 9.9982E-05 9.9982E-05
0.0633885 0.0510928 0.212613 0.526582 9.9991E-05 0.0112595 0.0285101 0.106455
9.9973E-05 9.9973E-05 0.78169 0.0174919 0.0874061 0.0424528 0.0706591 9.9973E-05
0.0381908 0.0396909 0.291992 0.431056 9.9982E-05 0.111828 9.9982E-05 0.0870427
0.0162645 0.0476266 0.442695 0.381915 0.060583 0.0507158 9.9982E-05 9.9982E-05
0.0350908 0.052758 0.339341 0.526057 9.9982E-05 9.9982E-05 0.0204254 0.0261281
0.0289778 9.9991E-05 0.300465 0.553961 0.00300824 0.00763278 0.0180643 0.087791
0.056344 0.0500512 0.402342 0.42166 9.9982E-05 0.0264309 0.0429718 9.9982E-05
9.9964E-05 9.9964E-05 0.726447 9.9964E-05 0.18325 0.0561955 0.033708 9.9964E-05
0.0310584 9.9982E-05 9.9982E-05 0.576935 0.0760706 0.109277 0.179101 0.0273575
9.9973E-05 9.9973E-05 0.283323 0.580751 9.9973E-05 0.0691211 0.0309881 0.0355172
0.0615163 0.122017 0.133684 0.449773 0.0966769 9.9991E-05 0.0812238 0.055009
0.0265995 0.0185145 0.515609 0.283952 0.0273327 0.0351636 0.0451287 0.0477
0.0312441 9.9982E-05 0.351682 0.510406 0.0172858 9.9982E-05 0.0845081 0.00467392
0.0195716 9.9982E-05 0.512013 0.429243 0.015832 0.00462063 9.9982E-05 0.0185196
9.9964E-05 0.106085 0.602581 0.247021 9.9964E-05 9.9964E-05 0.0439133 9.9964E-05
9.9955E-05 9.9955E-05 0.429646 0.45113 9.9955E-05 0.118724 9.9955E-05 9.9955E-05
0.00327157 0.0139014 0.0463563 0.605196 0.0248137 0.101587 0.204774 9.9991E-05
0.063609 9.9982E-05 9.9982E-05 0.251614 0.329732 0.012191 0.233333 0.109321
0.0138407 0.0649632 0.0519675 0.361861 0.351635 0.0507862 9.9991E-05 0.104846
0.000895303 9.9973E-05 9.9973E-05 0.540537 0.160291 0.166924 0.131052 9.9973E-05
0.0205404 0.0103586 0.103934 0.521729 0.0856052 0.100699 0.0948139 0.0623199
0.110515 9.9973E-05 0.0408458 0.380993 0.329931 9.9973E-05 0.137414 9.9973E-05
9.9973E-05 0.0532362 0.0572893 0.583446 0.246866 9.9973E-05 0.058862 9.9973E-05
9.9964E-05 9.9964E-05 9.9964E-05 0.471687 0.366587 0.0382729 0.123053 9.9964E-05
0.0250072 9.9991E-05 0.0387646 0.602751 0.178688 0.0348763 0.0684364 0.0513772
9.9991E-05 0.0405364 0.0487348 0.547859 0.095674 0.0598253 0.0886888 0.118582
0.00755605 9.9982E-05 0.087426 0.619959 0.151296 0.0409275 0.0926357 9.9982E-05
0.0167729 9.9973E-05 0.0742014 0.537954 0.369904 9.9973E-05 9.9973E-05 0.000867706
9.9991E-05 0.0236594 0.0218303 0.719303 0.145913 0.0183802 0.0213763 0.0494386
9.9973E-05 0.0706313 9.9973E-05 0.608482 0.0549961 0.0334481 9.9973E-05 0.232143
9.9973E-05 0.0555979 0.081129 0.516133 0.222799 9.9973E-05 0.124041 9.9973E-05
0.017399 0.0344786 9.9991E-05 0.581578 0.163179 0.0243428 0.035201 0.143721
0.0200914 0.109443 0.0799606 0.528646 0.157939 0.0342592 0.0400626 0.0295982
0.0574011 9.9982E-05 9.9982E-05 0.343011 0.257959 0.0224672 0.140555 0.178407
0.0284158 0.0309543 0.00945538 0.647723 0.20137 9.9982E-05 0.0818817 9.9982E-05
9.9973E-05 0.0226604 9.9973E-05 0.682059 0.234625 0.0211347 0.0392208 9.9973E-05
0.0235715 0.0777282 0.123879 0.231205 0.446856 9.9991E-05 0.0637772 0.0328838
9.9991E-05 0.0585654 0.0432984 0.1533 0.279715 0.0190145 0.208095 0.237911
9.9982E-05 0.0628315 0.123151 0.505847 0.148567 0.0200229 9.9982E-05 0.139381
9.9982E-05 0.0707108 0.12375 0.0413032 0.359379 9.9982E-05 0.213313 0.191344
0.0291287 9.9991E-05 0.0908906 0.323433 0.42534 0.047326 0.0726454 0.011137
9.9973E-05 9.9973E-05 0.15941 0.416265 0.316007 9.9973E-05 0.0688157 0.0392034
0.0542362 9.9973E-05 0.0766373 0.401593 0.438071 9.9973E-05 0.0291631 9.9973E-05
9.9973E-05 9.9973E-05 0.0573576 0.326378 0.503541 0.0172398 0.095184 9.9973E-05
0.0688522 0.0435066 0.0407625 0.610142 0.210506 9.9982E-05 9.9982E-05 0.0260306
9.9991E-05 0.137318 0.0499378 0.449233 0.175641 0.0731954 0.0720713 0.0425031
9.9982E-05 9.9982E-05 0.128468 0.503986 0.140169 0.0959234 0.105693 0.0255609
0.0132686 0.0168248 0.12584 0.139713 0.389209 9.9991E-05 0.159959 0.155086
0.00579 9.9991E-05 0.0107671 0.469923 0.09873 0.216555 0.17884 0.0192948
0.0131979 0.0640214 0.0588364 0.483167 0.0584229 0.0162366 9.9991E-05 0.306017
9.9973E-05 9.9973E-05 0.12529 9.9973E-05 0.147837 0.12088 0.119643 0.48605
9.9982E-05 0.0390264 0.0968108 0.571322 9.9982E-05 0.1703 0.0724412 0.0498997
9.9991E-05 0.0154779 0.208572 0.356184 0.0422816 0.119709 0.0704088 0.187266
0.0328533 0.0594855 0.152765 0.437574 0.0422717 0.137826 0.0902647 0.0469589
0.0255337 9.9991E-05 0.092515 0.251087 0.111105 0.0380292 0.0982264 0.383403
0.0412897 9.9982E-05 0.0452061 0.218943 0.16792 9.9982E-05 0.0735505 0.452891
9.9973E-05 9.9973E-05 9.9973E-05 0.506833 0.1158 0.0495645 0.128405 0.199099
0.0228529 0.0811287 0.114261 0.388173 0.0979165 0.106654 0.0728426 0.116172
0.0120673 0.10433 0.0728053 0.316733 0.0832423 0.181266 0.0736707 0.155886
0.0244291 0.205934 0.194413 9.9982E-05 0.0660319 9.9982E-05 0.109653 0.399339
9.9991E-05 0.096419 0.0729633 0.489005 0.0537183 0.0917532 0.179245 0.0167971
9.9964E-05 9.9964E-05 0.0223046 0.420145 0.131567 9.9964E-05 9.9964E-05 0.425584
0.00735884 9.9982E-05 0.230265 0.42818 0.0768962 9.9982E-05 0.0212995 0.235801
0.0398031 0.0297008 0.209988 0.511238 0.0320051 0.108837 0.0683282 9.9991E-05
0.0640573 0.27365 0.00309119 0.114526 0.0117338 0.250491 0.0435713 0.23888
0.00636237 0.119499 9.9964E-05 9.9964E-05 9.9964E-05 0.49909 9.9964E-05 0.374649
0.0196827 0.138342 9.9964E-05 9.9964E-05 9.9964E-05 0.380079 9.9964E-05 0.461497
0.0104277 0.327029 9.9982E-05 0.0433855 0.0333313 0.330024 9.9982E-05 0.255602
9.9955E-05 9.9955E-05 0.0330033 0.688641 9.9955E-05 9.9955E-05 9.9955E-05 0.277856
0.0543826 0.123142 0.0903403 0.488921 0.12746 0.0108561 0.0226142 0.0822833
9.9964E-05 0.729859 0.0336337 0.22182 0.0142871 9.9964E-05 9.9964E-05 9.9964E-05
0.0339745 0.43189 0.249225 0.20788 0.0509216 0.0138031 0.0122063 9.9991E-05
0.0319544 0.329959 0.072071 0.380812 9.9991E-05 0.11343 0.0461909 0.0254822
9.9964E-05 9.9964E-05 0.0958335 0.375274 9.9964E-05 9.9964E-05 0.105007 0.423486
0.0263818 0.0523975 9.9991E-05 0.466848 0.0299898 0.031559 0.186607 0.206117
9.9964E-05 9.9964E-05 0.0934332 0.234433 9.9964E-05 9.9964E-05 0.157837 0.513897
9.9982E-05 0.0309276 0.0576087 0.585344 9.9982E-05 0.00756515 0.021005 0.29735
0.0346521 9.9973E-05 9.9973E-05 0.518308 0.0131182 9.9973E-05 0.183615 0.250007
0.0234669 0.0558884 0.0440792 0.583328 0.0280799 9.9991E-05 0.0137507 0.251307
9.9973E-05 9.9973E-05 0.101255 0.220081 0.0401086 9.9973E-05 0.089325 0.548931
9.9982E-05 0.065007 0.10698 0.612019 0.0260832 0.0417565 9.9982E-05 0.147955
9.9991E-05 0.0283469 0.0388507 0.621085 0.0679206 0.0478774 0.0779495 0.11787
9.9946E-05 0.977562 0.0218382 9.9946E-05 9.9946E-05 9.9946E-05 9.9946E-05 9.9946E-05
9.9955E-05 0.920621 9.9955E-05 0.0665392 9.9955E-05 9.9955E-05 0.0123404 9.9955E-05
0.00599957 0.657417 0.0459714 0.179434 0.0911718 9.9982E-05 0.0198068 9.9982E-05
9.9946E-05 0.719598 9.9946E-05 0.279802 9.9946E-05 9.9946E-05 9.9946E-05 9.9946E-05
9.9973E-05 0.780169 0.0317953 0.133348 0.00911745 0.0452709 9.9973E-05 9.9973E-05
0.0037351 0.995665 9.9946E-05 9.9946E-05 9.9946E-05 9.9946E-05 9.9946E-05 9.9946E-05
9.9946E-05 0.99131 9.9946E-05 9.9946E-05 9.9946E-05 9.9946E-05 0.00809001 9.9946E-05
9.9946E-05 0.852016 9.9946E-05 0.147384 9.9946E-05 9.9946E-05 9.9946E-05 9.9946E-05
9.9955E-05 0.953594 0.0252531 9.9955E-05 0.0206531 9.9955E-05 9.9955E-05 9.9955E-05
9.994E-05 0.9993 9.994E-05 9.994E-05 9.994E-05 9.994E-05 9.994E-05 9.994E-05
0.0188008 0.9806 9.9946E-05 9.9946E-05 9.9946E-05 9.9946E-05 9.9946E-05 9.9946E-05
0.0410672 0.782002 9.9964E-05 0.126532 9.9964E-05 9.9964E-05 0.0499988 9.9964E-05
0.0150479 0.766885 9.9973E-05 0.144683 0.0543024 0.0187817 9.9973E-05 9.9973E-05
9.9946E-05 0.981298 0.018102 9.9946E-05 9.9946E-05 9.9946E-05 9.9946E-05 9.9946E-05
0.0139695 0.340898 0.188791 0.299425 0.142142 0.00916621 0.00550832 9.9991E-05
0.0372919 0.606806 0.0144873 0.201508 0.0609993 0.0344617 9.9991E-05 0.0443466
0.0432618 0.754514 9.9964E-05 0.174999 9.9964E-05 9.9964E-05 9.9964E-05 0.0268253
9.9964E-05 0.940193 9.9964E-05 0.0213101 0.025845 0.0122516 9.9964E-05 9.9964E-05
9.994E-05 0.9993 9.994E-05 9.994E-05 9.994E-05 9.994E-05 9.994E-05 9.994E-05
9.9955E-05 0.886107 9.9955E-05 0.0704615 0.0429316 9.9955E-05 9.9955E-05 9.9955E-05
0.0377152 0.961685 9.9946E-05 9.9946E-05 9.9946E-05 9.9946E-05 9.9946E-05 9.9946E-05
9.9964E-05 0.718073 9.9964E-05 0.18554 0.0668269 0.02916 9.9964E-05 9.9964E-05
0.0162326 0.930419 0.0210518 9.9982E-05 0.0216012 0.005919 0.00457658 9.9982E-05
9.9973E-05 0.0277281 0.00834447 9.9973E-05 9.9973E-05 0.280172 0.00254101 0.680914
0.0431577 0.00654088 0.0440824 0.444474 0.0974674 0.183147 9.9991E-05 0.181031
9.9973E-05 0.0804184 9.9973E-05 0.395334 9.9973E-05 0.212564 0.071514 0.23987
0.101176 0.0609423 9.9991E-05 0.191068 0.00397677 0.129187 0.0164524 0.497097
9.9982E-05 0.17368 0.0701074 0.371037 9.9982E-05 0.0900053 0.108364 0.186606
0.0600417 0.103472 0.113978 0.182531 9.9991E-05 0.172001 0.0294469 0.338429
0.00347214 0.0572467 9.9991E-05 0.4554 0.164705 0.157333 0.0536905 0.108053
0.00109134 0.187254 0.0758472 0.262524 9.9982E-05 0.11725 9.9982E-05 0.355834
0.0752133 0.189157 9.9973E-05 0.460823 9.9973E-05 0.0264887 9.9973E-05 0.248018
0.0586772 0.119124 9.9973E-05 0.38416 9.9973E-05 0.0834997 9.9973E-05 0.354239
0.0390434 0.0746031 0.0989542 0.457671 9.9982E-05 0.213096 9.9982E-05 0.116432
9.9973E-05 9.9973E-05 9.9973E-05 0.0607373 0.0524221 0.79612 0.049829 0.0405918
0.0945268 0.0513989 9.9964E-05 9.9964E-05 9.9964E-05 0.823898 0.0297767 9.9964E-05
0.0664173 9.9964E-05 9.9964E-05 9.9964E-05 0.0311377 0.886256 9.9964E-05 0.0157896
0.0484428 9.9955E-05 9.9955E-05 0.0310514 9.9955E-05 0.920006 9.9955E-05 9.9955E-05
0.139629 9.9973E-05 9.9973E-05 9.9973E-05 0.0505854 0.767598 0.0137924 0.0280955
0.0448488 0.0587882 9.9964E-05 9.9964E-05 9.9964E-05 0.839802 0.0561608 9.9964E-05
0.0661493 0.0468424 0.0654838 9.9964E-05 9.9964E-05 0.821125 9.9964E-05 9.9964E-05
0.0296199 9.9964E-05 9.9964E-05 9.9964E-05 9.9964E-05 0.854998 0.0243084 0.0906742
0.016237 0.0199723 0.0617558 0.0151878 9.9982E-05 0.870542 0.0161053 9.9982E-05
0.0394051 0.1222 9.9964E-05 9.9964E-05 0.030836 0.807159 9.9964E-05 9.9964E-05
0.0683682 9.9973E-05 0.0834121 9.9973E-05 0.193365 0.568235 0.0863198 9.9973E-05
0.0409061 0.00604549 0.0635811 9.9982E-05 0.296081 0.542672 0.0505141 9.9982E-05
0.0082078 9.9982E-05 0.0691725 9.9982E-05 0.287841 0.537272 0.0327158 0.06459
9.9973E-05 9.9973E-05 0.141866 9.9973E-05 0.309398 0.50776 0.0285315 0.0121441
0.0576681 9.9982E-05 0.147436 0.559399 0.186595 0.0253887 0.0233135 9.9982E-05
0.00647748 0.0104228 0.2982 0.494349 0.0415711 0.0529528 0.095926 9.9991E-05
9.9991E-05 0.0182044 0.225731 0.500816 0.136348 0.0286246 0.0281354 0.0620407
0.0183186 9.9991E-05 0.265391 0.392637 0.231703 0.0384662 0.0461356 0.00724866
0.0142928 0.0638732 0.185353 0.0879444 0.616611 9.9982E-05 0.0317253 9.9982E-05
9.9973E-05 0.0623573 0.263249 0.574635 9.9973E-05 0.0772119 0.0222468 9.9973E-05
9.9982E-05 9.9982E-05 0.324569 0.567659 0.031074 0.0217048 0.048512 0.00628168
9.99753E-05 9.99753E-05 0.291478 0.510353 0.0580679 9.99753E-05 0.079109 0.0606932
9.9973E-05 0.0681668 0.579558 0.284085 9.9973E-05 9.9973E-05 0.0239408 0.0439501
9.9973E-05 9.9973E-05 0.183564 0.637233 0.121587 9.9973E-05 0.0124828 0.0448332
0.0315093 9.9973E-05 0.384711 0.415433 0.14123 9.9973E-05 0.0268164 9.9973E-05
9.9964E-05 9.9964E-05 0.643879 9.9964E-05 0.0891474 9.9964E-05 0.229672 0.0369009
0.0534468 9.9991E-05 0.154479 0.449718 0.202863 0.0359456 0.0265462 0.0769008
0.000339423 0.0375969 0.530626 0.157111 0.00422239 9.9991E-05 0.124116 0.145888
0.0117942 9.9991E-05 0.327225 0.472819 0.0264404 0.0445507 0.054522 0.0625484
9.9973E-05 9.9973E-05 0.61832 0.113731 0.210271 0.0356899 0.0216879 9.9973E-05
0.00200807 9.9964E-05 9.9964E-05 9.9964E-05 0.714381 0.110829 9.9964E-05 0.172382
9.9964E-05 9.9964E-05 9.9964E-05 0.0592762 0.712804 0.0853731 9.9964E-05 0.142147
9.9982E-05 9.9982E-05 0.00884556 0.00793123 0.781996 0.0828401 0.0363051 0.0818824
9.9964E-05 9.9964E-05 9.9964E-05 9.9964E-05 0.72972 0.151051 0.0616555 0.0571739
9.9964E-05 0.0605159 9.9964E-05 0.0100785 0.800214 9.9964E-05 9.9964E-05 0.128791
9.9973E-05 9.9973E-05 9.9973E-05 0.0936243 0.735831 0.0643246 0.0627003 0.0432199
0.0628105 0.0258809 9.9964E-05 0.0792217 9.9964E-05 0.831687 9.9964E-05 9.9964E-05
0.046869 0.0209469 9.9973E-05 0.0888653 0.043545 0.799474 9.9973E-05 9.9973E-05
0.0721454 0.110974 9.9964E-05 0.126647 9.9964E-05 0.689833 9.9964E-05 9.9964E-05
0.0150416 0.165437 9.9964E-05 9.9964E-05 0.114035 0.705086 9.9964E-05 9.9964E-05
0.0318027 0.082392 0.0397939 0.0533168 0.0111415 0.781353 9.9982E-05 9.9982E-05
0.0285932 9.9973E-05 0.00372599 9.9973E-05 0.526644 0.356537 9.9973E-05 0.0842001
9.9973E-05 9.9973E-05 0.0227567 9.9973E-05 0.352363 0.425403 0.0790076 0.12017
9.9964E-05 9.9964E-05 0.0534127 9.9964E-05 0.374223 0.470128 0.101836 9.9964E-05
0.9993 9.994E-05 9.994E-05 9.994E-05 9.994E-05 9.994E-05 9.994E-05 9.994E-05
0.00728937 9.9973E-05 0.122424 9.9973E-05 0.447649 0.390577 9.9973E-05 0.0317615
9.9973E-05 0.411123 9.9973E-05 0.211893 9.9973E-05 0.18059 0.0514934 0.144601
0.00807098 0.215692 9.9973E-05 0.63895 0.0417496 0.095237 9.9973E-05 9.9973E-05
0.0665364 0.237887 9.9964E-05 0.546468 9.9964E-05 0.148709 9.9964E-05 9.9964E-05
0.0156977 0.16556 0.0294943 0.340343 0.0180921 0.268013 0.0757827 0.0870183
0.0784369 0.0969201 0.0313419 0.526924 9.9991E-05 0.134442 0.0835086 0.0483267
9.9955E-05 0.31905 9.9955E-05 9.9955E-05 9.9955E-05 0.418936 9.9955E-05 0.261514
0.0106565 9.9991E-05 0.119419 0.518879 0.274311 0.0137547 0.0172345 0.0456447
9.9973E-05 9.9973E-05 0.05932 0.381799 0.213273 9.9973E-05 0.188511 0.156798
0.0395514 9.9982E-05 0.062664 0.293046 0.502151 0.0670425 9.9982E-05 0.0353449
9.9982E-05 0.00189775 0.0906966 0.485849 0.158347 9.9982E-05 0.215687 0.0473231
9.9964E-05 9.9964E-05 0.167472 9.9964E-05 0.200602 9.9964E-05 0.326588 0.304938
0.0736612 0.0843682 0.0171991 0.473042 0.156474 9.9991E-05 0.11428 0.0808763
0.0215674 0.0833466 0.117255 0.450588 0.144738 0.0269759 0.116374 0.039156
0.00493077 9.9982E-05 0.153408 0.357055 0.449603 0.0100008 0.024803 9.9982E-05
0.0316662 0.0451705 0.0507455 0.582476 0.136651 0.106926 0.0297237 0.0166418
9.9973E-05 9.9973E-05 0.244497 0.0773811 0.287822 9.9973E-05 0.0994934 0.290507
0.0103294 9.9973E-05 9.9973E-05 0.460925 0.148351 9.9973E-05 0.180228 0.199866
0.0221872 0.0382144 0.048663 0.481975 0.327313 9.9982E-05 9.9982E-05 0.081448
0.00489458 0.166548 0.092108 0.421324 0.0988284 0.137422 9.9991E-05 0.0787752
9.9973E-05 9.9973E-05 0.0509696 0.38975 0.280911 9.9973E-05 0.230829 0.0472409
0.00408467 0.0141178 0.0571425 0.410289 0.254975 0.0686623 0.18017 0.0105583
9.9982E-05 0.0939941 0.143679 0.448 0.112001 9.9982E-05 0.167612 0.0345145
9.9982E-05 9.9982E-05 0.193685 0.559903 0.157121 0.00289438 0.0415616 0.0446357
0.0401765 0.0867031 9.9982E-05 0.60828 0.158389 0.000290994 0.10596 9.9982E-05
0.0247425 0.167755 0.0805608 0.483616 0.133375 0.0456899 0.0641596 9.9991E-05
0.0419759 0.0246046 0.0781067 0.583057 0.126954 0.0021106 9.9991E-05 0.143091
9.9955E-05 0.0569347 9.9955E-05 0.153436 9.9955E-05 0.78913 9.9955E-05 9.9955E-05
0.0127769 0.0192381 0.0113271 0.123921 9.9982E-05 0.818057 0.01448 9.9982E-05
9.9982E-05 0.016014 0.00638987 0.0670235 0.0319538 0.798825 0.0795936 9.9982E-05
0.0126507 9.9982E-05 0.0494726 0.0782612 0.00807124 0.818808 0.0325367 9.9982E-05
0.0596684 9.9955E-05 9.9955E-05 0.14191 9.9955E-05 0.797922 9.9955E-05 9.9955E-05
9.9982E-05 0.0521897 0.0494241 0.205879 0.633049 9.9982E-05 0.0164167 0.0428415
0.000850384 0.120563 0.00837985 0.404219 0.238727 0.0100033 0.191789 0.0254688
9.9973E-05 0.165262 9.9973E-05 0.431567 9.9973E-05 0.231981 0.0743707 0.0965192
0.0227556 0.08852 9.9982E-05 0.614209 0.174557 9.9982E-05 0.044675 0.0550836
9.9964E-05 9.9964E-05 0.16425 0.555745 0.19023 0.0893753 9.9964E-05 9.9964E-05
0.0217216 0.016857 9.9982E-05 0.298472 0.320418 9.9982E-05 0.163972 0.178361
0.0585212 9.9982E-05 0.0468021 0.0445087 0.617252 0.0685337 9.9982E-05 0.164182
0.0354458 9.9973E-05 0.0324439 0.543994 0.310617 9.9973E-05 0.0771992 9.9973E-05
9.9991E-05 0.0588095 0.037303 0.147911 0.468089 0.0664086 0.188265 0.0331125
0.00748856 0.151637 0.256572 0.28803 0.172185 9.9991E-05 0.0628714 0.0611164
0.00780835 0.0154486 0.0308994 0.134982 0.520985 0.119381 0.170395 9.9991E-05
0.0321413 0.0758372 9.9973E-05 0.641127 0.184461 0.0661331 9.9973E-05 9.9973E-05
0.00226397 0.0698187 0.0907408 0.203522 0.552774 0.0304312 0.0489435 0.00150576
0.0265979 0.144332 0.0991707 0.203968 0.368132 0.00817862 0.0604694 0.089151
9.9982E-05 9.9982E-05 0.03824 0.557499 0.104521 0.0718298 0.041319 0.186391
9.9964E-05 9.9964E-05 9.9964E-05 0.350739 0.0956762 9.9964E-05 0.0625245 0.49066
0.00979135 0.00440875 0.102984 0.53828 0.097568 9.9982E-05 9.9982E-05 0.246768
0.0398245 0.0200824 0.0448362 0.558526 9.9982E-05 0.142396 9.9982E-05 0.194134
9.9973E-05 9.9973E-05 0.0258196 0.382664 0.0705527 9.9973E-05 0.0827044 0.43796
0.0131639 0.0922628 0.00887873 0.426753 0.128163 0.048157 0.0887072 0.193915
9.9982E-05 9.9982E-05 0.149257 0.513867 0.0313601 0.021464 0.112037 0.171815
9.9973E-05 9.9973E-05 0.0830001 0.116481 0.134856 9.9973E-05 0.118618 0.546745
9.9973E-05 9.9973E-05 0.0625693 0.279355 0.000851336 9.9973E-05 0.0460429 0.610881
0.00228434 9.9982E-05 9.9982E-05 0.558616 0.0413703 0.0310083 0.0778681 0.288653
9.9973E-05 9.9973E-05 0.0892826 0.211513 0.131364 9.9973E-05 0.0637468 0.503794
9.9964E-05 9.9964E-05 0.118547 0.465159 0.115109 9.9964E-05 9.9964E-05 0.300785
0.0351472 0.0155938 0.136828 0.143031 0.651253 9.9991E-05 0.0134874 0.00455985
9.9982E-05 0.0114697 0.123997 0.258985 0.344238 9.9982E-05 0.225266 0.0358442
9.9964E-05 0.107287 0.0832232 0.341082 0.468008 9.9964E-05 9.9964E-05 9.9964E-05
0.0227565 0.0408217 0.191846 0.635407 0.0824336 9.9991E-05 0.011628 0.0150072
0.00334642 9.9982E-05 0.22673 0.246407 0.499561 9.9982E-05 0.0052225 0.0185321
9.9991E-05 0.0383336 0.0191686 0.564021 0.192361 0.0673099 0.0439927 0.0747133
0.065324 0.085243 0.0743259 0.521421 0.1337 0.0171426 9.9991E-05 0.102743
9.9982E-05 0.059183 0.0524183 0.531841 0.324614 9.9982E-05 0.0289102 0.00283376
0.0778831 0.0735772 0.0353319 0.48708 0.210641 9.9991E-05 0.0833923 0.0319942
0.0210626 0.0915981 0.192779 0.40286 0.245451 0.0176317 9.9991E-05 0.0285172
9.9964E-05 0.115315 0.204582 0.185354 0.494349 9.9964E-05 9.9964E-05 9.9964E-05
9.9973E-05 0.070182 0.00521527 0.363263 0.483517 9.9973E-05 0.0775227 9.9973E-05
9.9982E-05 0.0751458 0.0908174 0.544932 0.236398 9.9982E-05 0.0437649 0.00874213
0.0331447 9.9991E-05 0.0128279 0.598074 0.193673 0.0315903 0.0262739 0.104316
9.9982E-05 9.9982E-05 0.163496 0.47487 0.198082 0.0257957 0.065278 0.0722796
9.9973E-05 0.0766972 0.0410182 0.494888 0.215261 9.9973E-05 0.171836 9.9973E-05
0.0216211 0.0221009 9.9982E-05 0.364619 0.405994 0.0780645 9.9982E-05 0.1074
9.9973E-05 0.0475294 0.0827096 0.617785 0.245417 9.9973E-05 0.00625886 9.9973E-05
0.0273608 0.0944593 0.0880207 0.504166 0.223923 0.06187 9.9982E-05 9.9982E-05
0.0672399 0.122751 0.107633 0.439011 0.153431 0.0198949 0.0463948 0.0436454
0.0684535 0.0206218 9.9973E-05 0.510721 9.9973E-05 0.291212 9.9973E-05 0.108692
0.0535399 0.301974 0.158307 0.331717 9.9991E-05 0.0673161 0.0251352 0.0619107
0.00788569 0.105833 0.0887792 0.560699 9.9982E-05 0.0774079 9.9982E-05 0.159195
0.0658507 0.125855 0.0654938 0.571204 9.9982E-05 0.0335876 0.137808 9.9982E-05
0.00781189 0.265562 0.0831058 0.38863 0.0389843 0.117831 0.0979741 9.9991E-05
9.9973E-05 0.00833639 9.9973E-05 0.481071 0.18839 9.9973E-05 0.114958 0.206945
0.000853757 0.128508 0.0616416 0.450145 9.9991E-05 0.215187 0.0965372 0.0470274
9.9982E-05 0.188553 0.153711 0.00179158 9.9982E-05 0.205968 0.00886985 0.440906
0.0616404 0.155461 0.0638221 0.449254 0.080916 0.0219704 0.0238621 0.143073
0.0285945 0.158674 0.0246325 0.439897 0.0731206 0.106389 0.0656214 0.103071
0.0439124 0.153951 9.9991E-05 0.523272 0.148931 0.0551164 0.0333818 0.0413352
0.09391 0.164233 0.0729594 0.234405 0.0930771 0.163203 9.9991E-05 0.178113
0.0223183 0.0525368 9.9991E-05 0.574752 0.028752 0.19082 0.0458896 0.0848321
0.0613535 0.128602 9.9982E-05 0.533578 9.9982E-05 0.14046 0.036063 0.0997442
0.0382354 0.205617 0.000289197 9.9973E-05 9.9973E-05 0.421505 9.9973E-05 0.334054
0.097001 0.27405 0.0676995 0.388587 9.9982E-05 0.0548721 0.11759 9.9982E-05
0.00364441 0.20605 9.9982E-05 0.518858 9.9982E-05 0.161215 0.0680406 0.0419919
0.065862 0.16813 0.0097997 0.573395 0.00131317 0.0206763 9.9991E-05 0.160724
9.9982E-05 0.176265 0.0280748 0.515714 9.9982E-05 0.174633 0.0762019 0.0289111
0.0929328 0.153391 0.0606614 0.358555 0.0440322 0.131404 0.138133 0.020891
0.0232401 0.113667 0.0938913 0.362462 0.0398839 9.9982E-05 0.366656 9.9982E-05
0.00179346 0.0864974 0.0462112 0.48271 0.0799528 0.0197051 0.251593 0.0315366
9.9955E-05 9.9955E-05 0.10301 9.9955E-05 0.0858617 9.9955E-05 0.810629 9.9955E-05
9.99639E-05 9.99639E-05 0.023975 9.99639E-05 0.0808392 9.99639E-05 0.840276 0.0545103
0.0108729 9.9982E-05 0.0446005 0.523259 9.9982E-05 0.103227 0.315645 0.002195
9.9973E-05 0.336858 9.9973E-05 0.372312 9.9973E-05 0.121856 0.103717 0.0649565
0.0376753 0.301161 9.9982E-05 0.296461 9.9982E-05 0.0695406 0.283644 0.0113178
0.0511217 0.297564 0.0379533 0.13444 9.9991E-05 0.145838 0.211316 0.121667
0.0238126 0.244365 9.9973E-05 0.302828 9.9973E-05 0.15276 0.275934 9.9973E-05
9.9964E-05 0.0979817 9.9964E-05 9.9964E-05 9.9964E-05 0.0439991 0.736708 0.120911
0.044567 0.095151 9.9982E-05 0.0769577 9.9982E-05 0.0611401 0.657919 0.0640649
0.0126459 0.097114 0.0117861 0.510557 9.9973E-05 9.9973E-05 0.367597 9.9973E-05
9.9973E-05 0.102097 0.010318 0.390032 9.9973E-05 0.0742434 0.42301 9.9973E-05
0.0395539 0.118096 9.9973E-05 0.0709657 9.9973E-05 0.0360642 0.73502 9.9973E-05
0.047235 0.0775911 9.9991E-05 0.418488 0.0343341 0.0567308 0.356504 0.00901741
9.9973E-05 0.0568479 9.9973E-05 0.451556 9.9973E-05 0.120046 0.329737 0.0415135
0.0463044 0.130664 0.0611901 0.49018 0.0515321 0.061495 0.158534 9.9991E-05
9.9982E-05 9.9982E-05 0.0579613 0.307799 0.0926844 0.0378803 0.461788 0.041687
0.0213869 0.0146515 0.12465 0.345246 0.00206544 9.9991E-05 0.48435 0.00755042
0.0481294 0.0153986 0.0907506 0.541382 9.9991E-05 0.0473759 0.22529 0.0315735
0.0126184 9.9982E-05 0.0162757 0.417455 0.0265065 0.112394 0.41455 9.9982E-05
0.0352798 0.122865 9.9991E-05 0.358509 0.12582 0.0046529 0.177463 0.17531
9.9955E-05 9.9955E-05 9.9955E-05 0.412347 9.9955E-05 9.9955E-05 0.465418 0.121735
9.9964E-05 9.9964E-05 9.9964E-05 0.195274 0.0891417 0.00517124 0.710013 9.9964E-05
9.9973E-05 9.9973E-05 0.0415504 0.537202 9.9973E-05 0.0845219 0.295587 0.0408388
9.9973E-05 9.9973E-05 0.0198646 0.164845 0.0699682 0.00198218 0.74304 9.9973E-05
0.0535361 9.9964E-05 9.9964E-05 0.413366 9.9964E-05 0.0408787 0.491819 9.9964E-05
0.07049 0.0121783 0.125164 0.500176 0.00292405 0.0370879 0.25188 9.9991E-05
0.0668701 9.9973E-05 0.0815745 0.447797 0.0571712 9.9973E-05 0.346287 9.9973E-05
0.0375598 0.185431 9.9982E-05 0.409498 9.9982E-05 0.156209 0.152783 0.0583194
0.000249079 0.148406 9.9991E-05 0.366834 0.0381583 0.182749 0.233218 0.0302862
9.9982E-05 0.252268 9.9982E-05 0.362002 0.0855305 0.133089 0.0364004 0.13051
0.0380378 0.251366 0.0145502 0.29496 0.153714 0.123035 0.0282059 0.0961303
9.9982E-05 0.130255 0.128652 0.432741 0.175023 0.130428 0.00270163 9.9982E-05
0.0485293 0.247655 9.9982E-05 0.369426 9.9982E-05 0.111119 0.15873 0.0643409
9.9964E-05 0.0903118 9.9964E-05 9.9964E-05 9.9964E-05 0.217146 0.593127 0.0990147
9.9964E-05 0.181081 9.9964E-05 0.6376 9.9964E-05 0.102316 0.0786029 9.9964E-05
0.00681143 0.10138 9.9973E-05 9.9973E-05 9.9973E-05 0.326429 0.440617 0.124463
9.9964E-05 0.183814 9.9964E-05 0.514008 9.9964E-05 0.0314092 0.270369 9.9964E-05
0.00347681 9.9964E-05 0.188084 9.9964E-05 9.9964E-05 9.9964E-05 0.788965 0.0190735
0.00361299 9.9964E-05 0.0377659 9.9964E-05 9.9964E-05 9.9964E-05 0.955866 0.00235526
0.0494165 9.9973E-05 0.0551163 0.451088 0.0382633 9.9973E-05 0.405816 9.9973E-05
9.9964E-05 9.9964E-05 0.0354648 0.566727 9.9964E-05 0.0205598 0.376849 9.9964E-05
9.9955E-05 9.9955E-05 0.0224494 0.369207 9.9955E-05 9.9955E-05 0.607843 9.9955E-05
9.9955E-05 9.9955E-05 0.0253858 0.408301 9.9955E-05 9.9955E-05 0.565814 9.9955E-05
9.9955E-05 9.9955E-05 9.9955E-05 0.478009 0.0164327 9.9955E-05 0.505058 9.9955E-05
0.0712112 0.0355595 9.9973E-05 0.0626236 9.9973E-05 0.78119 0.0491153 9.9973E-05
0.0562253 0.102199 9.9973E-05 9.9973E-05 0.0803388 0.66825 0.0926865 9.9973E-05
0.0516293 0.101548 9.9964E-05 9.9964E-05 0.0311552 0.815268 9.9964E-05 9.9964E-05
0.153784 9.9955E-05 9.9955E-05 0.0631647 9.9955E-05 0.782552 9.9955E-05 9.9955E-05
0.0601827 0.0163322 0.293212 0.470844 0.0724305 0.0470295 0.0398691 9.9991E-05
9.9982E-05 0.0773173 0.358702 0.471056 0.0314354 0.025833 0.0354559 9.9982E-05
0.0181446 9.9964E-05 0.454088 0.485466 9.9964E-05 9.9964E-05 0.041902 9.9964E-05
0.00704467 0.0419995 0.189352 0.565341 0.0370303 0.123254 9.9991E-05 0.0358776
9.9991E-05 0.0267414 0.112836 0.516004 0.0963861 0.0690171 0.000778446 0.178137
0.0127682 9.9991E-05 0.592039 0.136641 0.152036 0.0127309 0.000496513 0.0931884
0.0192055 0.0395236 0.328916 0.521161 9.9973E-05 9.9973E-05 0.0908933 9.9973E-05
0.0252644 9.9973E-05 0.443733 0.339217 9.9973E-05 9.9973E-05 0.103655 0.0878303
0.0202469 0.146011 0.013621 0.468726 0.0728874 0.270243 0.00816468 9.9991E-05
9.9982E-05 0.048515 0.343656 0.401471 0.0273112 9.9982E-05 0.12547 0.0533768
0.0418526 9.9964E-05 0.508646 0.319094 0.130008 9.9964E-05 9.9964E-05 9.9964E-05
9.9964E-05 9.9964E-05 0.317795 0.527257 0.0301252 9.9964E-05 0.124423 9.9964E-05
0.0108238 9.9982E-05 0.434617 0.360229 0.136525 0.00584966 0.0517553 9.9982E-05
0.0119575 0.0664945 0.358145 0.482157 9.9973E-05 9.9973E-05 0.0809466 9.9973E-05
0.0548265 0.000102734 0.455647 0.418231 9.9973E-05 0.0708931 9.9973E-05 9.9973E-05
0.00519866 9.9964E-05 0.854028 0.0872285 9.9964E-05 9.9964E-05 0.0531451 9.9964E-05
9.9991E-05 0.0169797 0.570987 0.227558 0.00980526 0.0276375 0.0196665 0.127266
0.000247222 0.0300395 0.570665 0.250383 0.0476573 9.9991E-05 0.0637548 0.0371531
9.9955E-05 9.9955E-05 0.836546 9.9955E-05 9.9955E-05 9.9955E-05 0.00523241 0.157722
9.9991E-05 0.0339178 0.433072 0.344811 0.0852853 0.0365363 0.0402956 0.0259817
9.9964E-05 9.9964E-05 0.66122 0.0643898 9.9964E-05 9.9964E-05 0.0390364 0.234954
9.9964E-05 9.9964E-05 0.729856 9.9964E-05 0.00356038 9.9964E-05 0.106136 0.160047
0.0274557 0.0700406 0.338964 0.484613 9.9973E-05 9.9973E-05 0.078627 9.9973E-05
9.99883E-05 9.99883E-05 0.602197 0.201579 0.0746925 0.0985272 0.0207163 0.00208787
0.0122187 0.0348375 0.360391 0.417595 0.089179 9.9982E-05 9.9982E-05 0.0855793
0.0677471 0.12487 0.167587 0.506097 9.9973E-05 9.9973E-05 0.133399 9.9973E-05
9.9973E-05 9.9973E-05 0.2931 0.562604 0.0895824 0.0190717 9.9973E-05 0.0353421
0.0358443 0.0222143 9.9982E-05 0.359361 0.352629 9.9982E-05 0.0797514 0.15
0.0455148 0.054154 0.224854 0.457095 0.0879918 9.9982E-05 0.130191 9.9982E-05
0.0288469 0.0584205 0.391545 0.375983 0.0935044 0.0515003 9.9982E-05 9.9982E-05
0.0178859 9.9982E-05 0.613498 0.326875 0.0012091 9.9982E-05 0.0112638 0.0290683
0.00600011 0.0123643 0.175755 0.50164 0.0716684 0.0765294 0.028784 0.127259
0.0552818 9.9973E-05 0.00979485 9.9973E-05 0.279905 0.577204 9.9973E-05 0.0775142
0.0626372 9.9973E-05 0.122708 0.0293796 0.0556669 0.729308 9.9973E-05 9.9973E-05
0.127392 9.9964E-05 9.9964E-05 9.9964E-05 0.0756692 0.704164 9.9964E-05 0.0923749
0.0794756 9.9973E-05 9.9973E-05 9.9973E-05 0.090956 0.715738 0.0450059 0.0685247
0.044004 9.9973E-05 9.9973E-05 0.0376333 0.205782 0.66673 9.9973E-05 0.0455511
9.9973E-05 0.0391764 0.624054 0.109492 0.167735 0.0592433 9.9973E-05 9.9973E-05
0.0235339 9.9991E-05 0.577742 0.123483 0.102209 0.0483392 0.0957031 0.02889
9.9973E-05 0.018685 0.77998 0.104471 9.9973E-05 9.9973E-05 0.0509868 0.0455771
0.076963 0.014917 0.214009 0.523001 0.0540388 0.115827 0.00114452 9.9991E-05
0.0200103 0.0402532 0.202173 0.526335 9.9982E-05 0.0949702 0.116058 9.9982E-05
0.0243497 0.0269974 0.632814 0.2388 9.9982E-05 0.0625165 9.9982E-05 0.014323
9.9964E-05 0.0320168 0.369107 0.565663 9.9964E-05 9.9964E-05 9.9964E-05 0.0328133
9.9964E-05 0.0942513 0.544118 0.265544 9.9964E-05 0.095687 9.9964E-05 9.9964E-05
9.9964E-05 9.9964E-05 0.325439 0.553123 9.9964E-05 0.0910413 0.0299973 9.9964E-05
9.9991E-05 0.0543051 0.285532 0.549715 0.00405138 0.067708 0.0363099 0.00227873
9.9964E-05 0.0107713 0.622901 0.240711 0.125217 9.9964E-05 9.9964E-05 9.9964E-05
0.0447529 9.9964E-05 0.560367 0.365179 0.0293006 9.9964E-05 9.9964E-05 9.9964E-05
0.000636714 9.9964E-05 0.59528 0.308397 0.0952866 9.9964E-05 9.9964E-05 9.9964E-05
0.00770016 9.9982E-05 0.0168313 0.605378 0.0598487 0.125611 9.9982E-05 0.184431
0.0297052 9.9973E-05 0.576758 0.376924 9.9973E-05 0.0126017 0.00371044 9.9973E-05
9.9964E-05 9.9964E-05 0.491635 0.414729 0.0545552 0.0386812 9.9964E-05 9.9964E-05
0.0496262 0.45091 0.0704876 0.365271 9.9982E-05 0.0176404 9.9982E-05 0.0458642
0.0409088 0.392498 0.0195441 0.377958 0.0376768 0.0526169 9.9991E-05 0.078697
9.9964E-05 0.451047 0.0421138 0.384557 9.9964E-05 0.121882 9.9964E-05 9.9964E-05
0.0169928 0.488547 9.9973E-05 0.287513 9.9973E-05 0.177732 9.9973E-05 0.028915
0.0655124 0.245768 0.005971 0.55625 0.0654924 0.0294288 9.9991E-05 0.0314773
9.9973E-05 0.0339965 0.230068 0.43661 9.9973E-05 9.9973E-05 0.0717835 0.227242
0.051042 0.626818 0.00327586 0.0619622 9.9982E-05 0.234116 9.9982E-05 0.0225863
0.0493957 0.466551 0.0357462 0.253245 9.9991E-05 0.152178 0.025441 0.0173426
9.9982E-05 0.198317 0.02597 0.346566 0.0389798 0.0653699 9.9982E-05 0.324598
0.0807061 9.9973E-05 0.0219476 0.500515 9.9973E-05 0.0943699 9.9973E-05 0.302162
0.0272163 9.9982E-05 0.026503 0.477809 0.0894968 0.0823713 9.9982E-05 0.296404
0.0390541 0.0784571 9.9982E-05 0.576208 0.051952 0.023572 9.9982E-05 0.230556
9.9991E-05 0.0105427 0.0679085 0.640184 0.0431392 0.107228 0.0117427 0.119154
0.0328821 0.501399 9.9964E-05 0.315426 9.9964E-05 0.149893 9.9964E-05 9.9964E-05
0.00605698 0.352982 0.00339748 0.369414 0.0639427 0.16553 9.9991E-05 0.0385767
0.005559 0.492166 9.9973E-05 0.380871 9.9973E-05 0.104174 9.9973E-05 0.0169301
0.0373919 0.318715 0.0340035 0.383881 0.0800159 0.0957213 0.0501717 9.9991E-05
0.00869982 0.520205 0.0588152 0.247534 0.00271142 0.109899 0.0318412 0.0202951
0.0168173 0.348046 0.0371856 0.34085 9.9991E-05 0.149298 0.0581567 0.0495462
0.0324182 0.525887 0.048298 0.22456 9.9991E-05 0.0805255 0.0600649 0.0281464
0.0178814 0.486595 0.035284 0.241244 0.0781332 0.00140219 0.121664 0.0177962
0.0115502 9.9964E-05 0.0269762 0.556299 9.9964E-05 9.9964E-05 9.9964E-05 0.404774
0.025077 0.361115 0.0392863 0.360118 0.0125027 0.139167 9.9991E-05 0.0626332
0.00847874 0.635719 9.9973E-05 0.187579 9.9973E-05 0.157919 9.9973E-05 0.0100044
0.052856 0.349192 0.069111 0.376386 0.00548035 0.1467 0.000175399 9.9991E-05
0.040132 9.9982E-05 0.0575029 0.235131 0.228334 0.094438 9.9982E-05 0.344262
0.0186262 0.029803 0.00880738 0.621206 9.9973E-05 9.9973E-05 9.9973E-05 0.321257
0.0355661 0.290597 9.9991E-05 0.306648 0.00838411 0.183888 0.0552005 0.119617
0.0846378 0.0473346 0.0287729 0.506461 0.0649182 0.0475986 0.0154869 0.20479
0.00168991 0.023383 0.0790639 0.494455 9.9982E-05 0.18858 9.9982E-05 0.212628
0.0613538 0.235181 0.154591 0.266971 9.9991E-05 0.207563 0.025484 0.0487554
0.00714141 0.279568 9.9982E-05 0.304452 9.9982E-05 0.224789 0.155664 0.0281857
0.0939043 0.140886 0.203667 0.431271 0.0241249 0.0419011 9.9991E-05 0.0641455
0.0216404 0.367324 0.0189596 0.397329 9.9982E-05 0.103748 9.9982E-05 0.0907993
9.9964E-05 0.445328 9.9964E-05 0.347293 9.9964E-05 0.135723 0.0712555 9.9964E-05
9.9982E-05 0.533669 0.00341161 0.212607 9.9982E-05 0.228756 0.012949 0.00840755
0.0457832 0.0250311 9.9991E-05 0.589107 0.0269984 0.0797558 0.0262358 0.206989
0.0286181 9.9982E-05 0.0142226 0.486249 0.0371836 0.0861831 9.9982E-05 0.347343
0.0589479 0.0158111 9.9982E-05 0.188655 9.9982E-05 0.013679 0.0590176 0.66369
9.9982E-05 0.0795173 0.141252 0.528988 0.0880443 0.129721 9.9982E-05 0.0322774
9.9982E-05 9.9982E-05 0.00406731 0.45117 0.248564 0.110738 0.0637418 0.121519
0.055831 0.14395 0.0513251 0.492152 9.9982E-05 0.0864952 9.9982E-05 0.170047
0.063308 0.11612 9.9982E-05 0.452961 0.170718 0.0794397 9.9982E-05 0.117253
9.9964E-05 0.231525 9.9964E-05 9.9964E-05 9.9964E-05 0.257281 0.0118157 0.498978
0.0613841 0.106032 9.9964E-05 9.9964E-05 9.9964E-05 0.198082 9.9964E-05 0.634102
0.0228854 0.0951375 0.0522145 0.316315 9.9991E-05 0.0837454 0.0855161 0.344086
0.056909 0.201675 9.9982E-05 0.00956745 9.9982E-05 0.257658 0.0460709 0.42792
