0.0568398 0.0183427 0.0169102 0.907907
9.9991E-05 0.0390521 0.00256667 0.958281
0.0665614 9.9991E-05 0.0787823 0.854556
0.0883727 0.0638031 0.0385484 0.809276
0.0761127 9.9991E-05 0.0184579 0.905329
0.0474464 0.145486 0.118483 0.688585
0.0290209 0.112238 9.9991E-05 0.858641
0.0420376 0.151736 0.0241466 0.782079
9.9982E-05 0.143741 9.9982E-05 0.856059
0.125747 0.0735821 0.0708313 0.729839
9.9991E-05 0.133388 0.0347464 0.831766
0.0933284 0.525332 0.365685 0.0156537
0.0371596 0.26317 0.647106 0.0525641
0.1003 0.530107 0.295317 0.0742761
0.158664 0.346373 0.405151 0.0898113
0.206981 0.276508 0.366958 0.149553
0.135861 0.0945527 0.684916 0.084671
0.0865819 0.327879 0.535474 0.0500651
9.9991E-05 0.278419 0.474677 0.246804
0.105437 0.721211 0.0497769 0.123575
0.055821 0.278907 0.560178 0.105095
0.12883 0.332654 0.538416 9.9991E-05
0.00165319 0.187919 0.70798 0.102448
0.159916 0.434615 0.346373 0.0590964
0.146012 0.121289 0.636981 0.0957184
0.0808043 0.195042 0.642263 0.0818904
0.172063 0.546229 0.217489 0.0642181
0.169626 0.478864 0.265596 0.0859136
0.0613824 0.622231 0.251391 0.0649963
0.090918 9.9991E-05 0.0568717 0.85211
9.9982E-05 9.9982E-05 0.146949 0.852851
0.0130545 9.9991E-05 0.191107 0.795738
0.0608368 9.9991E-05 0.176736 0.762327
0.0442161 0.300764 0.636147 0.0188728
9.9991E-05 0.153794 0.712553 0.133554
0.0204829 0.219761 0.759656 9.9991E-05
9.9991E-05 0.575385 0.243478 0.181037
0.0291421 0.410877 0.559881 9.9991E-05
0.0894005 0.287516 0.555599 0.0674847
0.0823232 9.9982E-05 0.917477 9.9982E-05
0.0559408 0.130017 0.706244 0.107798
9.9991E-05 0.046832 0.751606 0.201462
9.9991E-05 0.520333 0.445947 0.03362
0.144049 0.172988 0.654647 0.0283166
0.136055 0.172753 0.607108 0.0840836
0.106882 0.154572 0.637421 0.101126
9.9982E-05 0.420148 0.579652 9.9982E-05
0.0507873 0.0839752 0.864881 0.000356804
0.0720933 0.0585825 0.680171 0.189154
9.9991E-05 0.809902 0.104615 0.0853828
9.9991E-05 0.679881 0.308666 0.0113534
0.0911954 0.693414 0.17205 0.0433401
0.182966 0.240509 0.572179 0.00434567
0.0442348 0.0981379 0.729355 0.128272
0.181868 0.128574 0.630729 0.0588292
9.9991E-05 0.546871 0.293146 0.159883
0.0302306 0.245482 0.643534 0.0807536
0.198613 0.223737 0.559327 0.0183226
0.02172 0.301491 0.478231 0.198557
0.14066 0.584044 0.0573282 0.217968
0.0390057 0.149227 0.71948 0.0922874
0.148471 0.371747 0.436993 0.0427888
9.9991E-05 0.768871 0.13773 0.0932985
9.9991E-05 0.268674 0.724194 0.00703176
0.105911 0.216485 0.677504 9.9991E-05
0.11714 0.038318 0.70129 0.143251
0.0507525 0.454775 0.387396 0.107076
0.127088 0.269609 0.587234 0.0160684
0.0483327 0.167156 0.724624 0.0598878
9.9991E-05 0.633477 0.296455 0.0699682
9.9982E-05 0.23619 0.76361 9.9982E-05
9.9991E-05 0.537359 0.432284 0.0302569
9.9991E-05 0.172067 0.711485 0.116348
9.9982E-05 0.716726 0.283074 9.9982E-05
9.9982E-05 0.730095 0.269705 9.9982E-05
9.9982E-05 0.439185 0.560615 9.9982E-05
9.9991E-05 0.287056 0.698898 0.0139454
0.0911108 0.145989 0.552804 0.210096
0.0775197 0.325684 0.596696 9.9991E-05
0.00104647 0.483937 0.49658 0.0184365
9.9991E-05 0.446518 0.465697 0.087685
0.0687415 0.171984 0.637914 0.121361
0.0244243 0.419456 0.55602 9.9991E-05
9.9991E-05 0.296963 0.628815 0.0741215
9.9982E-05 0.332356 0.667444 9.9982E-05
0.0226023 0.800177 0.177121 9.9991E-05
0.0526496 0.112075 0.77758 0.0576954
0.0553045 9.9991E-05 0.0832647 0.861331
9.9982E-05 9.9982E-05 0.0543365 0.945464
0.0760123 9.9991E-05 0.0279581 0.89593
0.0414126 9.9991E-05 0.0315028 0.926985
0.0314508 9.9991E-05 0.0655476 0.902902
0.0480174 9.9991E-05 0.0375241 0.914359
9.9982E-05 9.9982E-05 0.0676956 0.932104
0.156586 0.202422 0.601251 0.0397408
0.051792 0.113096 0.675492 0.15962
9.9991E-05 0.654687 0.312327 0.0328865
0.074339 0.168586 0.626813 0.130262
9.9991E-05 0.260448 0.687051 0.0524005
0.0140096 0.103479 0.759567 0.122944
0.0452028 0.262721 0.691976 9.9991E-05
0.052236 0.23819 0.709474 9.9991E-05
9.9991E-05 0.760637 0.20023 0.0390331
0.0894315 0.196905 0.551903 0.161761
0.0440697 0.175076 0.716312 0.0645423
0.159205 0.16357 0.526045 0.151179
9.9991E-05 0.405573 0.575963 0.0183646
0.0514388 0.334867 0.613594 9.9991E-05
9.9991E-05 0.286325 0.636323 0.0772522
0.0580691 0.333399 0.608432 9.9991E-05
9.9991E-05 0.241711 0.682267 0.0759212
0.148825 0.174336 0.610245 0.0665935
0.0458237 0.554563 0.306035 0.0935781
0.08705 0.314221 0.453788 0.144941
0.0625613 0.163777 0.581509 0.192153
0.0672986 0.187259 0.639797 0.105645
0.0152878 0.325387 0.579876 0.0794494
0.0279428 0.274661 0.697296 9.9991E-05
9.9991E-05 0.285699 0.613401 0.1008
0.0729922 0.23735 0.551115 0.138543
0.0883214 0.159004 0.671786 0.0808888
0.032119 0.169425 0.72378 0.074676
9.9991E-05 0.338238 0.623706 0.0379563
0.106343 0.206269 0.626968 0.0604197
0.13555 0.122418 0.621609 0.120423
0.0617498 0.262864 0.65383 0.0215566
0.0386903 0.147279 0.695359 0.118672
0.13639 0.279197 0.574479 0.0099334
0.0420025 0.362006 0.390146 0.205845
0.0735257 0.140099 0.738272 0.0481034
0.0847525 0.154472 0.74303 0.0177458
0.0732404 0.478407 0.399338 0.0490154
0.131596 0.650197 0.1836 0.034606
0.0517586 0.188663 0.656839 0.10274
0.0885537 0.743216 0.16813 9.9991E-05
9.9991E-05 0.489985 0.418625 0.0912901
9.9991E-05 0.337646 0.633961 0.0282928
9.9991E-05 0.373843 0.504132 0.121925
0.0376717 0.522256 0.369098 0.0709735
0.233026 0.182281 0.541529 0.0431634
0.0957627 0.161693 0.602344 0.1402
0.0404004 0.176702 0.654625 0.128273
0.0974583 0.667375 0.186924 0.0482422
0.0802101 0.179443 0.59102 0.149326
0.0522911 0.209913 0.642014 0.0957818
0.034 0.661064 0.087778 0.217158
0.100157 0.117242 0.644149 0.138451
0.0933449 0.390588 0.407091 0.108976
0.105185 0.23379 0.554975 0.10605
0.13138 0.5128 0.301364 0.0544564
9.9991E-05 0.559595 0.295963 0.144342
9.9991E-05 0.36027 0.564184 0.0754464
0.168568 0.207972 0.526728 0.0967312
0.137456 0.294416 0.441416 0.126712
0.302403 0.636141 9.9991E-05 0.061356
0.15988 0.106132 0.612535 0.121453
9.9982E-05 0.498386 0.501414 9.9982E-05
0.018218 0.345166 0.616409 0.0202076
0.126366 0.208069 0.609084 0.0564815
0.299197 0.203072 0.137752 0.359979
0.176377 0.220148 9.9991E-05 0.603375
0.221382 0.268284 9.9991E-05 0.510234
0.393266 0.16972 0.0218747 0.415139
0.122669 0.200185 0.677046 9.9991E-05
0.086612 0.146779 0.613604 0.153004
0.782725 9.9982E-05 0.217075 9.9982E-05
0.449805 0.0584259 0.458512 0.0332572
0.387074 0.0524481 0.407542 0.152936
0.0707215 0.438161 0.480049 0.0110688
0.134983 0.242658 0.51617 0.106189
0.130437 0.67094 0.198067 0.000554892
0.0176355 0.252205 0.723716 0.00644424
9.9991E-05 0.263422 0.642081 0.094397
0.155104 0.249298 0.591683 0.00391461
0.0996248 0.646604 0.233017 0.0207542
0.115935 0.078447 0.755532 0.0500861
0.0281298 0.18445 0.639227 0.148193
0.96653 9.9982E-05 0.0332697 9.9982E-05
0.906436 9.9982E-05 0.0933638 9.9982E-05
0.677617 0.0237805 0.287461 0.0111414
0.684398 9.9991E-05 0.310019 0.00548335
0.851515 9.9982E-05 0.148285 9.9982E-05
0.9997 9.998E-05 9.998E-05 9.998E-05
0.9997 9.998E-05 9.998E-05 9.998E-05
0.87874 9.9982E-05 0.12106 9.9982E-05
0.9997 9.998E-05 9.998E-05 9.998E-05
0.9997 9.998E-05 9.998E-05 9.998E-05
0.9997 9.998E-05 9.998E-05 9.998E-05
0.724982 9.9991E-05 0.248273 0.0266449
0.79789 9.9991E-05 0.136534 0.0654764
0.974874 9.9982E-05 0.0249257 9.9982E-05
0.443765 0.0967408 0.362627 0.0968668
0.677471 0.00446868 0.275338 0.0427217
0.750507 9.9991E-05 0.148535 0.100858
0.938614 9.9982E-05 0.0611857 9.9982E-05
0.9997 9.998E-05 9.998E-05 9.998E-05
0.903196 9.9991E-05 0.0710185 0.0256851
0.9997 9.998E-05 9.998E-05 9.998E-05
0.644768 0.0418271 0.246867 0.0665381
0.932017 0.0413785 0.026505 9.9991E-05
0.13131 0.498896 9.9991E-05 0.369693
0.0407965 0.281729 0.391673 0.285801
0.132971 0.22648 0.424514 0.216035
0.21771 0.401202 0.167109 0.21398
0.217112 0.17105 0.482972 0.128866
0.171542 0.238205 0.269805 0.320447
0.12401 0.179254 0.489577 0.207159
0.238306 0.260806 0.353068 0.147819
0.128936 0.107336 0.565464 0.198263
0.266788 0.140641 0.400387 0.192183
0.070116 0.0241797 0.6618 0.243904
0.0039195 0.0874951 0.0611453 0.84744
0.0431741 9.9982E-05 9.9982E-05 0.956626
9.998E-05 9.998E-05 9.998E-05 0.9997
0.0151257 0.0121279 0.00112346 0.971623
0.0542773 0.0235783 9.9991E-05 0.922044
0.105802 0.00639378 9.9991E-05 0.887704
0.0379403 9.9991E-05 0.0305992 0.931361
9.9991E-05 0.0420702 0.0341692 0.923661
0.0304094 9.9991E-05 0.0574797 0.912011
0.115468 0.00662065 9.9991E-05 0.877811
9.9982E-05 0.332709 9.9982E-05 0.667091
9.9991E-05 0.304782 0.0454198 0.649698
9.9982E-05 0.39959 9.9982E-05 0.60021
9.9982E-05 0.44454 9.9982E-05 0.555261
0.0516329 0.227615 0.645133 0.0756187
0.0674677 0.315908 0.616525 9.9991E-05
0.00711332 0.266965 0.689972 0.0359495
0.00235421 0.36298 0.593065 0.0416013
9.9991E-05 0.626426 0.286949 0.0865246
0.044423 0.148846 0.767304 0.0394273
0.00328179 0.269505 0.727114 9.9991E-05
0.0105738 0.305917 0.683409 9.9991E-05
0.0517896 0.429224 0.518887 9.9991E-05
0.0819238 0.174752 0.720809 0.0225157
9.9991E-05 0.370767 0.612802 0.0163302
0.000719337 0.853801 0.14538 9.9991E-05
0.0337451 0.211061 0.700852 0.0543422
0.0290281 0.566189 0.404683 9.9991E-05
0.0057274 0.244024 0.750148 9.9991E-05
9.9991E-05 0.66568 0.32104 0.0131801
9.9991E-05 0.742078 0.0180878 0.239735
9.9991E-05 0.676382 0.103806 0.219712
9.9991E-05 0.773635 0.0566457 0.169619
9.9991E-05 0.723093 0.0488528 0.227954
9.9991E-05 0.762245 0.0936064 0.144048
9.9991E-05 0.633105 0.179381 0.187415
0.0313325 9.9991E-05 0.0731947 0.895373
0.0543122 9.9991E-05 0.0523554 0.893232
0.0977029 9.9991E-05 0.127749 0.774448
0.111546 0.0499405 0.0347197 0.803793
0.0147946 9.9991E-05 0.114105 0.871001
9.9982E-05 0.526093 9.9982E-05 0.473707
9.9982E-05 0.472638 9.9982E-05 0.527162
9.9982E-05 0.457039 9.9982E-05 0.542761
0.0739792 9.9991E-05 0.104699 0.821222
9.9982E-05 0.553498 9.9982E-05 0.446302
0.431406 0.10712 0.235746 0.225729
0.240363 9.9991E-05 0.583067 0.17647
0.387374 9.9991E-05 0.463762 0.148764
0.261884 0.157861 0.308357 0.271897
0.223011 0.00480899 0.533133 0.239047
0.398891 0.150776 9.9991E-05 0.450233
9.9991E-05 0.332983 0.615482 0.0514351
0.111943 0.44124 0.402606 0.0442112
9.9991E-05 0.442468 0.412169 0.145262
0.0504543 0.358443 0.591003 9.9991E-05
9.998E-05 0.9997 9.998E-05 9.998E-05
0.0945696 0.156274 0.6162 0.132956
0.0550739 0.375934 0.512823 0.0561684
9.9991E-05 0.403462 0.505457 0.0909814
0.147679 0.228441 0.565993 0.0578864
0.0381349 0.741177 0.220588 9.9991E-05
0.100555 0.347601 0.541544 0.0103002
0.0414153 0.243233 0.675247 0.0401049
0.223733 0.213526 0.443399 0.119342
0.0738504 0.520408 0.405641 9.9991E-05
0.054346 0.389288 0.556266 9.9991E-05
0.145803 0.298368 0.527454 0.0283746
9.9991E-05 0.241646 0.720676 0.0375776
0.0791891 0.130257 0.702692 0.0878615
0.058807 0.217001 0.71121 0.0129827
0.0939161 0.182624 0.64219 0.08127
0.119169 9.9991E-05 0.071774 0.808957
0.0376528 9.9991E-05 0.102192 0.860055
0.0643018 0.103382 0.0128389 0.819477
0.0254861 0.0689576 0.0647764 0.84078
9.9982E-05 9.9982E-05 0.125936 0.873864
0.0194686 0.610062 0.306165 0.0643052
0.158717 0.275535 0.548682 0.0170657
0.245088 0.112345 0.447553 0.195014
0.137702 0.174987 0.664355 0.0229561
0.0279675 0.242424 0.630878 0.0987298
0.114064 0.496275 0.326776 0.062884
9.9991E-05 0.683938 0.0773175 0.238644
0.0438607 0.333874 0.56506 0.057205
0.0922211 0.53594 0.21585 0.155989
0.0559832 0.384246 0.559671 9.9991E-05
0.0321813 0.598534 0.177681 0.191604
0.0447786 0.105545 0.703368 0.146308
9.9991E-05 0.552243 0.321321 0.126336
0.0793721 0.420512 0.396173 0.103943
0.193788 0.326333 0.43177 0.0481089
0.094595 0.514834 0.342431 0.0481402
0.00241254 0.196734 0.727374 0.0734791
0.0989179 0.193772 0.616417 0.0908925
0.00510132 0.499383 0.455363 0.0401518
0.12071 0.256541 0.54684 0.075909
0.0145907 0.256662 0.677639 0.0511083
0.0155221 0.7769 0.204139 0.00343919
0.0220559 0.594297 0.376599 0.00704795
9.9991E-05 0.304304 0.647177 0.0484188
9.9991E-05 0.640177 0.295743 0.0639799
9.9991E-05 0.358682 0.593143 0.048075
9.9991E-05 0.696887 0.211794 0.0912189
0.0455431 0.610991 0.343366 9.9991E-05
0.12451 0.444356 0.38237 0.0487639
0.12458 0.134656 0.697 0.0437638
9.9991E-05 0.622806 0.368434 0.00865967
0.154026 0.228748 0.521594 0.0956317
0.0932527 0.164441 0.696032 0.0462743
0.16799 0.293899 0.521168 0.0169427
0.18125 0.349431 0.469219 9.9991E-05
9.9991E-05 0.369748 0.56483 0.0653228
0.053664 0.502556 0.406183 0.0375975
0.0581523 0.42665 0.413344 0.101854
0.0293055 0.226979 0.743616 9.9991E-05
0.132798 0.200103 0.666999 9.9991E-05
9.9991E-05 0.422493 0.490509 0.0868982
0.110739 0.273418 0.599929 0.015913
0.0522005 0.362433 0.398713 0.186653
0.0091636 0.214406 0.676164 0.100266
0.0844256 0.273476 0.583468 0.0586304
0.148627 0.232788 0.560856 0.0577291
0.187528 0.030893 0.440914 0.340665
0.315314 0.127592 0.431144 0.12595
0.171568 0.0761052 0.602241 0.150086
0.223678 0.102054 0.609428 0.0648407
0.26977 9.9991E-05 0.53524 0.19489
0.0524582 0.374456 0.572986 9.9991E-05
0.0917784 0.0241535 0.66682 0.217248
0.266314 0.472958 9.9991E-05 0.260628
0.202813 0.145087 0.52166 0.13044
0.209583 0.0978427 0.556503 0.136071
0.289482 0.168272 0.454457 0.0877893
0.209968 0.213212 0.361655 0.215165
0.180004 0.0303551 0.612094 0.177547
0.292137 0.144614 0.486984 0.0762641
0.255075 0.247412 9.9991E-05 0.497413
0.180666 0.0586896 0.563004 0.197641
0.247814 9.9991E-05 0.529545 0.222541
0.187 0.14655 0.556838 0.109611
0.212445 9.9991E-05 0.583239 0.204215
0.149001 0.0404188 0.635271 0.17531
0.0355139 0.245106 0.662913 0.0564673
0.130437 0.252623 0.492286 0.124654
0.0565721 0.777128 0.1662 9.9991E-05
0.0132341 0.830701 0.155965 9.9991E-05
0.199524 0.300427 0.480444 0.0196053
0.362657 0.107976 0.416211 0.113156
0.403878 0.101331 0.398006 0.0967853
0.462576 0.310428 0.0555065 0.17149
0.327926 0.142899 0.352248 0.176928
0.181758 0.627172 0.0940522 0.0970187
0.206876 0.436484 0.266748 0.0898923
0.205544 0.236402 0.557953 9.9991E-05
0.203378 0.271529 0.473658 0.0514351
0.15955 0.47008 0.280798 0.089572
0.190156 0.223178 0.551447 0.0352193
0.202599 0.174551 0.613847 0.00900248
0.253808 0.190073 0.517167 0.0389527
9.9991E-05 0.525955 0.416949 0.0569964
0.0835392 0.468472 0.447889 9.9991E-05
0.085188 0.271289 0.599804 0.0437185
0.158341 0.454739 0.38682 9.9991E-05
0.115845 0.278534 0.498633 0.106988
0.0585749 0.32846 0.612865 9.9991E-05
0.0783151 0.628616 0.292969 9.9991E-05
0.129675 0.265862 0.596454 0.00800826
0.0552577 0.586629 0.358013 9.9991E-05
0.0330267 0.349966 0.616907 9.9991E-05
0.115993 0.186255 0.664849 0.0329033
9.9991E-05 0.337216 0.6566 0.00608422
0.290883 0.0494872 0.530749 0.128881
0.22883 0.265476 0.384451 0.121242
0.272614 0.170016 0.376183 0.181187
0.223679 0.200572 0.40108 0.17467
0.187686 0.205613 0.440953 0.165749
0.214296 0.116481 0.485081 0.184142
0.256561 0.573796 9.9991E-05 0.169543
0.284858 0.0731585 0.579887 0.0620964
0.249695 0.418082 9.9991E-05 0.332123
0.244753 0.123814 0.520525 0.110908
0.00254098 0.690797 0.306562 9.9991E-05
0.044069 0.905809 0.0500218 9.9991E-05
0.0845074 0.341294 0.574098 9.9991E-05
0.0619008 0.143289 0.752028 0.0427817
0.00483061 0.418501 0.576569 9.9991E-05
9.9982E-05 0.273762 0.726038 9.9982E-05
0.0409806 0.297666 0.661254 9.9991E-05
0.0424501 9.9991E-05 0.0980984 0.859351
0.134157 0.110292 9.9991E-05 0.755451
0.112251 9.9982E-05 9.9982E-05 0.887549
9.9982E-05 9.9982E-05 0.0571219 0.942678
9.9991E-05 0.179202 0.678034 0.142664
0.0160644 0.199426 0.736147 0.0483625
9.9982E-05 0.26098 0.73882 9.9982E-05
0.0544593 0.125524 0.733609 0.0864078
9.9991E-05 0.18862 0.689751 0.121529
9.9991E-05 0.499366 0.483082 0.017452
0.0175514 0.132588 0.792308 0.0575528
9.9982E-05 0.384255 0.615545 9.9982E-05
0.21152 0.00423963 0.507374 0.276866
0.0414608 0.337584 0.620855 9.9991E-05
9.9982E-05 0.423266 0.576534 9.9982E-05
9.9982E-05 0.277791 0.722009 9.9982E-05
9.9991E-05 0.3241 0.666556 0.00924416
0.0138562 0.140329 0.804193 0.0416219
0.0272283 0.149091 0.789998 0.0336823
9.9982E-05 0.579316 0.420484 9.9982E-05
9.9991E-05 0.46748 0.495168 0.0372526
9.9991E-05 0.426882 0.555127 0.017891
9.9982E-05 0.79526 0.20454 9.9982E-05
0.00360704 0.305216 0.60641 0.0847665
9.9982E-05 0.683879 0.315921 9.9982E-05
0.0506987 0.844893 0.104308 9.9991E-05
0.0643156 0.1803 0.692246 0.063139
9.9991E-05 0.493408 0.469651 0.0368406
0.0432298 0.320531 0.590305 0.045934
0.0782424 0.066845 0.724571 0.130342
0.0246983 0.253097 0.716484 0.00572076
0.158916 0.523086 0.317897 9.9991E-05
0.0587036 0.22806 0.713136 9.9991E-05
9.9991E-05 0.244946 0.699935 0.0550192
9.9982E-05 0.417135 0.582665 9.9982E-05
0.114683 0.171624 0.663499 0.0501939
9.9982E-05 0.26303 9.9982E-05 0.73677
9.9991E-05 0.0993646 0.0888365 0.811699
9.9982E-05 0.115429 9.9982E-05 0.884371
9.9991E-05 0.124052 0.0173941 0.858454
9.9991E-05 0.160631 0.0288326 0.810436
9.9991E-05 0.600714 0.368798 0.0303881
9.9991E-05 0.594641 0.366362 0.0388964
9.9982E-05 0.562752 0.437048 9.9982E-05
0.072243 0.2324 0.513072 0.182285
0.062877 0.121666 0.59389 0.221567
0.0591388 0.431619 0.509015 0.000226966
0.0313104 0.179982 0.788608 9.9991E-05
0.0499772 0.332182 0.581091 0.0367494
0.0864516 0.263186 0.628128 0.0222341
0.045972 0.120719 0.767625 0.0656839
0.0042684 0.546277 0.449354 9.9991E-05
9.9982E-05 0.424641 0.575159 9.9982E-05
9.9982E-05 0.472396 0.527404 9.9982E-05
9.9991E-05 0.103415 0.71161 0.184874
9.9991E-05 0.321738 0.634724 0.0434376
0.00512132 0.260943 0.691376 0.0425603
0.470444 0.0626571 0.418209 0.0486896
0.561891 0.055045 0.305785 0.0772796
0.51375 9.9991E-05 0.391326 0.0948246
0.538321 0.0109617 0.328618 0.122099
0.269346 9.9991E-05 0.564786 0.165768
0.0499644 0.213016 0.680676 0.0563437
0.703542 0.0061703 0.00954241 0.280745
0.504383 9.9991E-05 0.287633 0.207884
0.218518 0.20492 0.432784 0.143778
9.9991E-05 0.0390745 0.717397 0.243429
0.0291495 0.240458 0.543148 0.187244
0.064224 0.131328 0.686791 0.117657
0.0565924 0.153321 0.662995 0.127092
0.559269 9.9991E-05 0.264757 0.175875
0.354797 0.00157002 0.469147 0.174486
0.502638 9.9991E-05 0.348857 0.148405
0.26846 9.9991E-05 0.512043 0.219396
0.637715 0.0508419 0.22617 0.0852736
0.291061 0.0379893 0.508811 0.162138
0.674467 0.0462419 0.217859 0.0614327
0.43164 0.0808524 0.434279 0.0532287
0.106499 0.213863 0.593732 0.0859061
0.319979 0.131944 0.377007 0.17107
0.722103 9.9991E-05 0.102535 0.175262
0.371972 0.0539514 0.432119 0.141958
9.9991E-05 0.455482 0.334193 0.210225
0.153865 0.19471 0.622546 0.0288791
0.306398 0.0384568 0.462385 0.192761
9.9991E-05 0.0702038 0.774468 0.155228
9.9991E-05 0.101269 0.695055 0.203576
0.291554 0.101293 0.413742 0.193412
0.364806 0.11015 0.299508 0.225536
0.0888619 0.0696284 0.713639 0.12787
0.427064 0.0465757 0.428016 0.0983447
0.570699 0.0126864 0.368018 0.0485963
0.614774 9.9991E-05 0.172988 0.212138
0.153658 0.118117 0.597959 0.130265
9.9991E-05 0.179988 0.641895 0.178018
0.0706951 0.50201 0.251507 0.175788
0.140646 0.178302 0.556947 0.124105
0.0788792 0.366032 0.45428 0.100809
0.0921836 0.109493 0.587567 0.210756
0.191964 0.13868 0.543499 0.125857
0.278795 0.370589 9.9991E-05 0.350516
0.219992 0.444974 9.9991E-05 0.334934
0.250062 0.314755 0.283465 0.151718
0.29033 0.360973 9.9991E-05 0.348596
0.344435 0.201326 9.9991E-05 0.454139
0.235861 0.281617 0.353871 0.128651
0.195081 0.14193 0.396525 0.266464
0.200639 0.274459 0.232359 0.292543
0.293642 0.373281 0.0344646 0.298612
0.182512 0.159977 0.466636 0.190876
0.194745 0.389571 0.149795 0.265889
0.144539 0.354991 9.9991E-05 0.50037
0.175118 0.111035 0.54113 0.172718
0.305682 0.224772 0.301991 0.167555
0.222417 0.0220101 0.412932 0.342641
0.325299 9.9991E-05 0.518827 0.155774
0.232131 0.0600837 0.543295 0.16449
0.338055 0.0400491 0.42485 0.197046
0.268469 0.0259655 0.346061 0.359505
0.197892 9.9991E-05 0.56089 0.241118
0.336697 0.00803726 0.493779 0.161487
0.328222 0.081297 0.362023 0.228458
0.152676 0.31228 0.348308 0.186736
0.0584976 0.154022 0.560709 0.226772
0.227821 0.08035 0.571675 0.120154
0.131627 0.164159 0.543285 0.16093
0.319021 0.00513842 0.402273 0.273568
0.197521 9.9991E-05 0.589899 0.21248
0.286668 0.159943 0.159555 0.393834
0.30191 0.0637329 0.423956 0.2104
0.338696 0.0714934 0.265403 0.324408
9.9982E-05 0.146889 9.9982E-05 0.852911
9.9991E-05 0.624727 0.156279 0.218894
9.9982E-05 0.834757 9.9982E-05 0.165043
9.9991E-05 0.718564 0.0665798 0.214756
9.9991E-05 0.731131 0.118147 0.150623
9.9991E-05 0.693815 0.128695 0.17739
9.9991E-05 0.687473 0.173351 0.139076
9.9982E-05 0.777668 9.9982E-05 0.222132
9.9991E-05 0.566301 0.0721173 0.361481
0.0193029 0.00208447 0.0431346 0.935478
0.033026 0.087172 0.0617178 0.818084
0.0887048 9.9991E-05 0.0230439 0.888151
9.9991E-05 0.100965 0.049046 0.849889
0.0757892 0.0186261 9.9991E-05 0.905485
0.0180364 0.0238602 9.9991E-05 0.958003
0.185083 0.0523323 0.010453 0.752132
0.0699975 0.0128262 0.0302021 0.886974
0.05156 0.125444 0.0745767 0.748419
0.0733239 9.9991E-05 0.000891134 0.925685
9.9982E-05 0.0184869 9.9982E-05 0.981313
0.0382197 9.9991E-05 0.0805653 0.881115
0.00349103 9.9982E-05 9.9982E-05 0.996309
0.0424362 9.9991E-05 0.0528274 0.904636
0.0319955 9.9991E-05 0.0800333 0.887871
0.1042 9.9991E-05 0.0403557 0.855345
0.127872 9.9991E-05 0.0673536 0.804674
0.120985 9.9991E-05 0.11427 0.764645
0.104173 9.9991E-05 0.0762287 0.819498
0.0611016 0.300681 0.494072 0.144145
9.9991E-05 0.0425641 0.839949 0.117387
0.178228 0.177244 0.534609 0.109919
0.117042 0.682789 0.150629 0.0495402
9.9991E-05 0.207781 0.624921 0.167198
0.0172332 0.500061 0.243119 0.239587
0.120696 0.0987234 0.677464 0.103116
9.9991E-05 0.298872 0.539251 0.161778
0.0203426 0.175363 0.704757 0.0995374
9.9991E-05 0.281713 0.7165 0.00168729
9.9991E-05 0.317241 0.516634 0.166025
0.0438159 0.129525 0.768754 0.0579048
0.0646279 0.164529 0.670473 0.10037
0.0578315 0.777809 0.128044 0.0363154
0.000482524 0.815425 0.0610121 0.12308
0.0617562 0.564026 0.257733 0.116485
0.133837 0.16454 0.607154 0.0944689
0.00725636 0.121143 0.697904 0.173697
9.9991E-05 0.1901 0.681964 0.127836
0.0443765 0.104073 0.747086 0.104465
0.18245 0.0297346 0.541164 0.246652
0.299293 0.0285243 0.516316 0.155868
0.183277 0.232708 0.136329 0.447686
0.0819426 0.087869 0.67713 0.153058
0.145588 0.108219 0.442249 0.303944
0.257343 0.325476 9.9991E-05 0.41708
0.206756 0.0474814 0.456999 0.288763
0.171392 0.0770679 0.374314 0.377227
0.0498471 0.0340387 0.528359 0.387755
0.287738 0.0948429 0.517699 0.0997196
0.19072 9.9991E-05 0.584264 0.224916
0.217884 0.0345684 0.653755 0.0937918
0.224123 0.141778 0.464283 0.169817
0.169191 0.0306312 0.321496 0.478681
