9.9991E-05 0.0971779 0.902722
0.00418033 0.0275972 0.968222
9.999E-05 0.187818 0.812083
9.999E-05 0.196395 0.803505
0.0105013 0.171742 0.817757
0.205479 0.119572 0.67495
0.0918636 0.038909 0.869227
0.126993 0.0817153 0.791292
0.100719 9.9991E-05 0.899181
0.0574112 0.19079 0.751799
0.147017 0.0307535 0.82223
0.753112 0.148992 0.097896
0.609225 0.383743 0.00703265
0.703883 0.150534 0.145583
0.568161 0.320801 0.111038
0.515886 0.349296 0.134817
0.480458 0.456952 0.0625893
0.65822 0.314574 0.0272057
0.620238 0.203275 0.176487
0.769928 9.9991E-05 0.229972
0.598939 0.303928 0.0971331
0.642288 0.306217 0.0514944
0.64724 0.35266 9.9991E-05
0.661576 0.196353 0.142071
0.499658 0.441544 0.0587979
0.58075 0.396308 0.0229423
0.71124 0.110394 0.178366
0.623406 0.252878 0.123716
0.804335 0.0921507 0.103515
9.9991E-05 0.208284 0.791616
0.0237459 0.185178 0.791076
9.9991E-05 0.200938 0.798962
0.0780671 0.192081 0.729852
0.649176 0.348641 0.00218322
0.648213 0.317236 0.0345512
0.663405 0.336495 9.9991E-05
0.723675 0.00546014 0.270865
0.744664 0.238719 0.0166171
0.702019 0.274105 0.0238759
0.505458 0.494442 9.9991E-05
0.603089 0.345701 0.0512102
0.545295 0.384805 0.0698999
0.914715 0.0202297 0.0650557
0.611161 0.388739 9.9991E-05
0.548552 0.451348 9.9991E-05
0.509326 0.425451 0.0652229
0.820223 0.179677 9.9991E-05
0.593071 0.406829 9.9991E-05
0.575387 0.317977 0.106635
0.820864 9.9991E-05 0.179036
0.885091 0.00667023 0.108239
0.816585 0.0465393 0.136875
0.560292 0.388681 0.0510278
0.491889 0.445009 0.0631019
0.498307 0.442086 0.0596068
0.777122 0.0609703 0.161908
0.648992 0.350908 9.9991E-05
0.493688 0.412373 0.0939386
0.655244 0.253027 0.0917293
0.60374 0.0468499 0.34941
0.654941 0.33864 0.00641907
0.685715 0.266227 0.0480581
0.785038 9.9991E-05 0.214862
0.696592 0.292498 0.0109105
0.528824 0.471076 9.9991E-05
0.568859 0.380354 0.0507862
0.722287 0.167187 0.110525
0.677366 0.322534 9.9991E-05
0.622117 0.356923 0.0209599
0.793707 0.0659114 0.140382
0.767916 0.231984 9.9991E-05
0.881696 0.0673901 0.0509137
0.558988 0.416047 0.0249645
0.929345 9.9991E-05 0.0705546
0.991343 9.9991E-05 0.00855712
0.873339 0.126561 9.9991E-05
0.750118 0.249782 9.9991E-05
0.482074 0.431091 0.0868351
0.73131 0.26859 9.9991E-05
0.807438 0.148878 0.0436844
0.860138 0.0947337 0.0451287
0.606441 0.364409 0.0291495
0.849659 0.140047 0.0102938
0.731147 0.268753 9.9991E-05
0.766422 0.233478 9.9991E-05
0.914279 9.9991E-05 0.0856208
0.627203 0.372697 9.9991E-05
0.0423344 0.14842 0.809245
9.9991E-05 0.104328 0.895572
9.9991E-05 0.1803 0.8196
9.9991E-05 0.107566 0.892334
9.9991E-05 0.148464 0.851436
9.9991E-05 0.15434 0.84556
9.9991E-05 0.0900639 0.909836
0.550548 0.400023 0.0494292
0.51868 0.420585 0.0607347
0.934714 9.9991E-05 0.0651858
0.4542 0.465307 0.0804927
0.738098 0.224018 0.0378843
0.629101 0.367072 0.00382759
0.636284 0.363616 9.9991E-05
0.626606 0.373294 9.9991E-05
0.879165 9.9991E-05 0.120735
0.551887 0.396077 0.0520366
0.561781 0.419508 0.0187108
0.497917 0.482489 0.0195939
0.770595 0.169663 0.0597418
0.676266 0.323634 9.9991E-05
0.66573 0.285767 0.0485032
0.751706 0.248194 9.9991E-05
0.711051 0.236839 0.05211
0.567872 0.365832 0.0662955
0.730511 0.138499 0.130991
0.555089 0.326738 0.118173
0.540963 0.386369 0.0726682
0.562591 0.434476 0.0029333
0.673607 0.265096 0.0612974
0.623836 0.339324 0.0368403
0.686586 0.28173 0.0316831
0.695939 0.279272 0.0247887
0.590345 0.341077 0.0685779
0.657694 0.304787 0.0375191
0.768751 0.215213 0.016036
0.528368 0.401686 0.0699459
0.487639 0.464756 0.0476053
0.590596 0.409304 9.9991E-05
0.54752 0.383121 0.0693599
0.637575 0.349599 0.0128252
0.614983 0.207024 0.177993
0.521011 0.478889 9.9991E-05
0.543465 0.45517 0.00136507
0.702987 0.181574 0.115439
0.786077 0.0438707 0.170052
0.611615 0.360541 0.0278438
0.910842 0.0105592 0.0785988
0.780136 0.0912475 0.128616
0.738638 0.228855 0.0325065
0.790303 0.109811 0.0998858
0.82861 0.12192 0.0494704
0.588845 0.40622 0.00493483
0.544698 0.398035 0.0572669
0.673308 0.326592 9.9991E-05
0.79958 0.0613346 0.139086
0.500284 0.327988 0.171728
0.602419 0.312041 0.0855403
0.704233 9.9991E-05 0.295667
0.542219 0.417233 0.0405487
0.693148 0.216534 0.0903178
0.528899 0.36462 0.106481
0.676298 0.146864 0.176838
0.795919 0.0273623 0.176719
0.70071 0.2566 0.0426901
0.533373 0.351082 0.115544
0.57514 0.2492 0.17566
0.629484 0.157627 0.21289
0.517213 0.456033 0.0267537
0.822238 0.174653 0.00310873
0.760069 0.239831 9.9991E-05
0.546636 0.359172 0.0941917
0.229256 0.378263 0.392481
0.0884657 0.149359 0.762175
0.210734 0.116801 0.672465
0.111478 0.436723 0.451799
0.649417 0.350483 9.9991E-05
0.61256 0.357361 0.0300792
0.0719304 0.92797 9.9991E-05
0.357727 0.588974 0.0532989
0.309557 0.675068 0.0153756
0.785778 0.168793 0.0454288
0.573316 0.391965 0.0347191
0.824191 0.0892145 0.0865949
0.662973 0.336927 9.9991E-05
0.65749 0.293916 0.0485939
0.607853 0.378842 0.0133043
0.851261 0.0838908 0.0648481
0.524606 0.448604 0.0267906
0.487561 0.382784 0.129655
9.9991E-05 0.922067 0.0778328
0.00407086 0.947276 0.0486535
0.196762 0.731586 0.0716516
0.0200593 0.929273 0.0506676
0.0546004 0.886179 0.0592206
9.9991E-05 0.921266 0.0786343
9.9991E-05 0.895827 0.104073
9.999E-05 0.9998 9.999E-05
9.9991E-05 0.966848 0.0330519
9.9991E-05 0.942411 0.0574892
9.9991E-05 0.924262 0.0756378
0.0086949 0.883634 0.107671
9.9991E-05 0.863584 0.136316
9.9991E-05 0.944896 0.0550038
0.257116 0.64892 0.0939634
0.108003 0.76914 0.122858
0.0042463 0.8803 0.115453
9.9991E-05 0.926375 0.0735248
9.9991E-05 0.9474 0.0524998
9.9991E-05 0.906512 0.0933876
9.9991E-05 0.935536 0.0643645
0.11883 0.835681 0.0454881
9.9991E-05 0.897205 0.102695
0.489485 0.017411 0.493104
0.461538 0.325137 0.213325
0.430855 0.363647 0.205497
0.454214 0.231078 0.314708
0.445154 0.388635 0.166211
0.42487 0.244247 0.330883
0.478474 0.357862 0.163664
0.428044 0.381343 0.190612
0.465339 0.410946 0.123715
0.43659 0.433247 0.130163
0.473689 0.37424 0.152071
0.0468771 0.10642 0.846703
9.9991E-05 0.104219 0.895681
0.0066277 0.0245605 0.968812
9.9991E-05 0.0659033 0.933997
9.9991E-05 0.0958813 0.904019
9.9991E-05 0.143082 0.856818
9.9991E-05 0.12745 0.87245
9.9991E-05 0.0738021 0.926098
0.0060982 0.111032 0.88287
9.9991E-05 0.128042 0.871858
0.282463 9.9991E-05 0.717437
0.289257 9.9991E-05 0.710643
0.327528 9.9991E-05 0.672372
0.420658 9.9991E-05 0.579242
0.664734 0.335166 9.9991E-05
0.664019 0.335881 9.9991E-05
0.622101 0.371731 0.00616747
0.752047 0.180497 0.0674558
0.836415 0.0373341 0.126251
0.542991 0.456909 9.9991E-05
0.58508 0.41482 9.9991E-05
0.727232 0.272668 9.9991E-05
0.75662 0.24328 9.9991E-05
0.546423 0.443955 0.00962147
0.804818 0.195082 9.9991E-05
0.986949 9.9991E-05 0.0129507
0.65869 0.30456 0.0367498
0.839588 0.160312 9.9991E-05
0.696318 0.303582 9.9991E-05
0.924324 9.9991E-05 0.0755758
0.654576 9.9991E-05 0.345324
0.673467 9.9991E-05 0.326433
0.721679 9.9991E-05 0.278221
0.67682 9.9991E-05 0.32308
0.738366 9.9991E-05 0.261534
0.731051 9.9991E-05 0.268849
9.9991E-05 0.170162 0.829738
9.9991E-05 0.216797 0.783103
9.9991E-05 0.233429 0.766471
0.01619 0.197692 0.786118
9.9991E-05 0.207169 0.792731
0.4583 9.9991E-05 0.5416
0.379428 9.9991E-05 0.620472
0.408807 9.9991E-05 0.591093
9.9991E-05 0.177065 0.822835
0.493323 9.9991E-05 0.506577
0.123421 0.600913 0.275667
0.300458 0.562815 0.136727
0.178139 0.703829 0.118032
0.241561 0.457714 0.300725
0.394843 0.432883 0.172274
0.0629158 0.393227 0.543857
0.756435 0.227281 0.016284
0.707347 0.236701 0.0559528
0.735429 0.110169 0.154402
0.774848 0.225052 9.9991E-05
0.891071 9.9991E-05 0.108829
0.539601 0.354457 0.105942
0.678714 0.263022 0.0582641
0.772953 0.132207 0.0948401
0.584378 0.341228 0.074394
0.921795 9.9991E-05 0.0781054
0.686895 0.302027 0.0110773
0.675996 0.323904 9.9991E-05
0.423826 0.410036 0.166138
0.79614 0.20376 9.9991E-05
0.713041 0.251386 0.0355736
0.655454 0.344446 9.9991E-05
0.694285 0.289806 0.0159091
0.522343 0.431504 0.0461532
0.549607 0.374583 0.0758099
0.54296 0.375361 0.0816793
9.9991E-05 0.258038 0.741862
0.0102336 0.145662 0.844105
0.142673 0.0613183 0.796009
0.0517728 0.120893 0.827334
9.9991E-05 0.154837 0.845064
0.809669 0.0708861 0.119445
0.607647 0.35558 0.0367728
0.38191 0.478525 0.139565
0.539958 0.459942 9.9991E-05
0.704772 0.295128 9.9991E-05
0.735304 0.156762 0.107935
0.71995 9.9991E-05 0.27995
0.624558 0.36008 0.0153618
0.736247 0.0741154 0.189638
0.577524 0.320711 0.101765
0.658372 0.0528673 0.28876
0.496205 0.428584 0.0752116
0.746439 0.0428038 0.210757
0.688811 0.229108 0.0820811
0.621793 0.286179 0.0920287
0.76043 0.134301 0.105269
0.565953 0.369298 0.0647486
0.52621 0.379063 0.0947275
0.818294 0.147879 0.0338266
0.593777 0.329844 0.0763791
0.639159 0.345167 0.0156737
0.932461 9.9991E-05 0.0674393
0.844496 0.114754 0.0407501
0.634742 0.340432 0.0248265
0.862374 9.9991E-05 0.137526
0.782536 0.217364 9.9991E-05
0.813451 9.9991E-05 0.186449
0.865251 0.134649 9.9991E-05
0.695419 0.203425 0.101156
0.530024 0.439602 0.0303743
0.839833 0.128145 0.0320219
0.550376 0.401479 0.0481446
0.560831 0.404462 0.0347074
0.601136 0.373902 0.0249626
0.646661 0.328611 0.0247283
0.705256 0.257238 0.0375059
0.745278 0.179037 0.0756856
0.717623 0.236712 0.0456658
0.630355 0.369545 9.9991E-05
0.620687 0.379213 9.9991E-05
0.666799 0.230583 0.102618
0.632068 0.367832 9.9991E-05
0.638315 0.218946 0.142738
0.665441 0.334459 9.9991E-05
0.51838 0.419071 0.0625498
0.570289 0.357645 0.072066
0.320721 0.382045 0.297234
0.333236 0.542567 0.124198
0.332024 0.480325 0.187651
0.483051 0.516849 9.9991E-05
0.347734 0.50419 0.148076
0.71415 0.28575 9.9991E-05
0.356473 0.48729 0.156236
0.441805 0.179616 0.378579
0.507453 0.40892 0.0836264
0.367313 0.509084 0.123604
0.457311 0.485205 0.0574843
0.474469 0.285961 0.23957
0.290029 0.574636 0.135335
0.42332 0.548869 0.0278104
0.158649 0.18687 0.654481
0.346 0.491641 0.162359
0.318135 0.549181 0.132685
0.378079 0.548495 0.0734262
0.325415 0.554478 0.120107
0.419633 0.421559 0.158808
0.676796 0.312248 0.0109558
0.542587 0.423476 0.0339373
0.973464 9.9991E-05 0.0264363
0.926853 9.9991E-05 0.0730474
0.609009 0.365025 0.0259663
0.322288 0.536515 0.141196
0.317593 0.568338 0.114069
0.287615 0.433289 0.279096
0.315802 0.502524 0.181674
0.685216 0.131624 0.18316
0.545506 0.237409 0.217085
0.579474 0.420426 9.9991E-05
0.525558 0.41864 0.055802
0.665646 0.227354 0.107
0.52466 0.42418 0.0511604
0.597416 0.402484 9.9991E-05
0.498093 0.430854 0.0710528
0.842554 0.135408 0.022038
0.786481 0.193771 0.0197485
0.613137 0.386763 9.9991E-05
0.702479 0.234842 0.0626794
0.525692 0.431111 0.0431968
0.716979 0.282921 9.9991E-05
0.8785 0.0873743 0.0341261
0.605815 0.394085 9.9991E-05
0.889282 0.10869 0.00202839
0.743913 0.249321 0.0067667
0.552258 0.400797 0.046945
0.686108 0.313792 9.9991E-05
0.36852 0.458864 0.172616
0.474275 0.344485 0.18124
0.338935 0.50348 0.157585
0.380728 0.442676 0.176596
0.381187 0.452726 0.166088
0.456557 0.397614 0.145829
0.532329 0.126026 0.341645
0.375839 0.584978 0.0391831
0.323307 0.0817066 0.594986
0.46848 0.501787 0.0297329
0.974517 0.000717601 0.0247653
0.908971 9.9991E-05 0.0909286
0.73344 0.26646 9.9991E-05
0.663146 0.336754 9.9991E-05
0.796451 0.203449 9.9991E-05
0.704594 0.290459 0.0049472
0.686801 0.313099 9.9991E-05
0.0504889 0.155677 0.793834
0.060193 0.134817 0.80499
9.9991E-05 0.100665 0.899235
9.9991E-05 0.0986687 0.901231
0.727552 0.272348 9.9991E-05
0.636744 0.306565 0.056691
0.736826 0.263074 9.9991E-05
0.576098 0.3735 0.0504017
0.585126 0.375101 0.0397737
0.798952 0.137286 0.063762
0.627086 0.372814 9.9991E-05
0.85132 0.14858 9.9991E-05
0.30545 0.46493 0.229619
0.710078 0.289822 9.9991E-05
0.842327 0.14959 0.00808255
0.686623 0.313277 9.9991E-05
0.800995 0.198298 0.000707394
0.652513 0.347387 9.9991E-05
0.602602 0.373008 0.0243906
0.9998 9.999E-05 9.999E-05
0.8344 0.127396 0.0382032
0.811155 0.168092 0.0207525
0.961419 9.9991E-05 0.0384809
0.764016 0.235884 9.9991E-05
0.923637 0.0357455 0.0406173
0.903239 9.9991E-05 0.0966609
0.577427 0.422473 9.9991E-05
0.821112 0.119275 0.0596132
0.707103 0.292797 9.9991E-05
0.514652 0.406744 0.0786044
0.719548 0.280352 9.9991E-05
0.753566 0.246334 9.9991E-05
0.641641 0.358259 9.9991E-05
0.720702 0.27001 0.00928779
0.885658 0.114242 9.9991E-05
0.600382 0.358109 0.0415093
0.26893 0.0311206 0.69995
0.149119 0.0791633 0.771718
0.09033 9.9991E-05 0.90957
0.118888 9.9991E-05 0.881012
0.19787 9.9991E-05 0.80203
0.833747 0.0812963 0.0849568
0.88215 0.0240824 0.093768
0.896235 0.103665 9.9991E-05
0.470479 0.460189 0.0693312
0.566843 0.426001 0.00715625
0.812734 0.187166 9.9991E-05
0.542858 0.457042 9.9991E-05
0.747888 0.252012 9.9991E-05
0.701165 0.298735 9.9991E-05
0.5865 0.4134 9.9991E-05
0.877411 0.122489 9.9991E-05
0.797025 0.202875 9.9991E-05
0.838189 0.161711 9.9991E-05
0.584237 0.320386 0.0953771
0.788464 0.211436 9.9991E-05
0.7229 0.277 9.9991E-05
0.307125 0.669647 0.0232279
0.159045 0.700641 0.140313
0.150841 0.740579 0.10858
0.1052 0.707153 0.187646
0.306588 0.604058 0.089354
0.682807 0.317093 9.9991E-05
9.9991E-05 0.699607 0.300293
0.158735 0.68978 0.151485
0.357689 0.461303 0.181009
0.498707 0.347003 0.154289
0.61317 0.259367 0.127463
0.483775 0.387384 0.12884
0.460218 0.449939 0.0898433
0.0871688 0.740541 0.17229
0.242046 0.648854 0.1091
0.160137 0.790676 0.0491864
0.253463 0.542261 0.204275
0.128347 0.735919 0.135734
0.305882 0.593264 0.100854
0.07369 0.732591 0.193719
0.240462 0.633889 0.12565
0.563722 0.39465 0.0416281
0.318868 0.610544 0.0705879
9.9991E-05 0.759858 0.240042
0.283166 0.55919 0.157644
0.640104 0.0968163 0.263079
0.54577 0.45413 9.9991E-05
0.226121 0.600411 0.173467
0.570671 0.351693 0.0776358
0.526432 0.321638 0.151929
0.351531 0.393023 0.255446
0.278445 0.482595 0.23896
0.492841 0.420754 0.0864049
0.265995 0.650957 0.0830483
0.12722 0.751651 0.121129
9.9991E-05 0.726683 0.273217
0.48123 0.444065 0.074705
0.615534 0.239603 0.144863
0.58269 0.163259 0.254051
0.529858 0.395005 0.0751367
0.636119 0.247766 0.116114
0.373439 0.436584 0.189977
0.406935 0.458424 0.134641
0.345855 0.186232 0.467913
0.315925 0.188574 0.495502
0.480338 0.30072 0.218942
0.307419 0.243752 0.448828
0.115804 0.287097 0.597098
0.493525 0.380774 0.125701
0.400136 0.408389 0.191475
0.365688 0.274275 0.360037
0.327678 0.250402 0.42192
0.464145 0.413325 0.12253
0.470529 0.203876 0.325595
0.241604 0.0997738 0.658622
0.456122 0.473465 0.0704132
0.290561 0.474818 0.234621
0.248779 0.450752 0.300469
0.185169 0.667089 0.147742
0.290474 0.566187 0.143339
0.294644 0.602335 0.103022
0.165005 0.488137 0.346858
0.296903 0.535673 0.167424
0.239954 0.566573 0.193473
0.357221 0.402279 0.2405
0.525084 0.313454 0.161462
0.427538 0.447937 0.124526
0.462383 0.486505 0.0511118
0.445977 0.494788 0.0592345
0.198211 0.536458 0.265331
0.370126 0.468189 0.161685
0.218902 0.326655 0.454443
0.301174 0.567142 0.131684
0.265932 0.44546 0.288608
0.103534 0.0602687 0.836197
0.757261 9.9991E-05 0.242639
0.710382 9.9991E-05 0.289518
0.70462 9.9991E-05 0.29528
0.780461 9.9991E-05 0.219439
0.769107 9.9991E-05 0.230793
0.834244 9.9991E-05 0.165656
0.74333 9.9991E-05 0.25657
0.633748 9.9991E-05 0.366152
9.9991E-05 0.078655 0.921245
0.0516556 0.0865805 0.861764
9.9991E-05 0.130062 0.869838
0.0943064 0.0360913 0.869602
9.9991E-05 0.12619 0.87371
0.0364725 0.0375081 0.926019
9.9991E-05 0.206886 0.793014
9.9991E-05 0.140469 0.859431
0.0653671 0.179901 0.754732
9.9991E-05 0.119811 0.880089
0.0134035 0.0433092 0.943287
0.0378985 0.0993541 0.862747
9.9991E-05 0.0866975 0.913203
9.9991E-05 0.103815 0.896085
9.9991E-05 0.167077 0.832823
9.9991E-05 0.199687 0.800213
9.9991E-05 0.267088 0.732812
9.9991E-05 0.268765 0.731135
9.9991E-05 0.208799 0.791101
0.567554 0.260941 0.171506
0.589007 0.410893 9.9991E-05
0.566839 0.386437 0.0467238
0.790313 0.0269073 0.182779
0.573676 0.337129 0.0891952
0.644658 0.0597248 0.295617
0.579681 0.394031 0.0262884
0.693364 0.197912 0.108724
0.690622 0.2818 0.0275786
0.733303 0.266597 9.9991E-05
0.681206 0.256117 0.0626768
0.554169 0.433854 0.011977
0.621622 0.346973 0.0314047
0.881881 0.019791 0.0983278
0.803514 9.9991E-05 0.196386
0.731134 0.0617828 0.207083
0.575814 0.424086 9.9991E-05
0.561813 0.33309 0.105097
0.550362 0.368267 0.0813709
0.548337 0.451563 9.9991E-05
0.330258 0.506937 0.162805
0.367833 0.569707 0.0624595
0.300022 0.238691 0.461288
0.528343 0.382334 0.0893226
0.390909 0.372849 0.236243
0.225398 0.180978 0.593624
0.274641 0.474127 0.251233
0.256328 0.3859 0.357772
0.345009 0.39486 0.26013
0.485986 0.411474 0.10254
0.346893 0.457106 0.196002
0.444234 0.547245 0.00852074
0.413789 0.378878 0.207332
0.141909 0.399104 0.458988
