0.0174803 0.0357722 0.0202509 9.9991E-05 0.048457 0.87794
9.9973E-05 9.9973E-05 9.9973E-05 0.000774342 0.0646213 0.934304
0.106636 0.0480458 0.026938 9.9982E-05 9.9982E-05 0.818181
0.0223068 0.0922685 0.131986 9.9982E-05 9.9982E-05 0.753238
0.00987029 0.0880608 0.0422141 9.9982E-05 9.9982E-05 0.859655
0.0605482 0.0419786 0.0381758 0.178803 0.0664046 0.61409
9.9982E-05 9.9982E-05 0.0733571 0.0950901 0.0239621 0.807391
0.0144949 0.0510831 0.138132 0.0821525 0.00328329 0.710854
9.9982E-05 9.9982E-05 0.0922742 0.042051 0.0398035 0.825671
0.0715159 0.0647344 9.9982E-05 0.117689 9.9982E-05 0.745861
0.0162618 9.9991E-05 0.117361 0.0896065 0.0199389 0.756732
0.23994 0.0907523 0.473376 0.0406863 0.155145 9.9991E-05
0.529456 0.0940517 0.348521 0.00917406 0.0186975 9.9991E-05
0.244642 0.0822203 0.442964 0.159349 0.0670459 0.00377831
0.313468 0.211252 0.359713 9.9991E-05 0.0767505 0.0387163
0.36349 0.129479 0.244395 0.0929848 0.0608785 0.108772
0.532467 0.151138 0.153 0.0164392 0.107735 0.0392201
0.415169 0.0851213 0.220352 0.0886897 0.161633 0.0290346
0.250301 0.100001 0.374789 9.9991E-05 0.180291 0.0945179
0.0708847 0.0547798 0.628087 0.172611 0.0735378 9.9991E-05
0.44216 0.0228857 0.275545 0.0451755 0.199226 0.0150079
0.482327 0.0693973 0.256928 0.191148 9.9982E-05 9.9982E-05
0.513962 0.108601 0.218512 9.9991E-05 0.154015 0.00481069
0.264377 0.101817 0.389845 0.0678395 0.176021 9.9991E-05
0.577942 0.0714595 0.0661615 9.9991E-05 0.201554 0.0827829
0.457004 0.124323 0.263922 9.9991E-05 0.150002 0.004648
0.165462 0.156977 0.480979 0.0406025 0.155879 9.9991E-05
0.217831 0.188577 0.453599 0.0223537 0.117539 9.9991E-05
0.226618 9.9982E-05 0.42869 0.192558 0.151934 9.9982E-05
0.128398 0.0399819 9.9973E-05 9.9973E-05 9.9973E-05 0.83132
0.168923 9.9964E-05 9.9964E-05 9.9964E-05 9.9964E-05 0.830677
0.100642 0.0470662 0.0242272 9.9991E-05 0.069585 0.758379
0.0626914 0.136707 9.9982E-05 9.9982E-05 0.0476249 0.752776
0.583247 9.9991E-05 0.10844 0.10702 0.187706 0.0134877
0.500052 0.0422054 0.0435464 9.9991E-05 0.352743 0.0613529
0.567329 0.0504437 9.9982E-05 9.9982E-05 0.364823 0.017204
0.0976821 0.0177496 0.616415 9.9991E-05 0.190676 0.0773774
0.256806 0.00446004 0.0278305 9.9991E-05 0.672412 0.0383915
0.458383 9.9991E-05 0.0576257 0.108837 0.270943 0.104112
0.695328 0.0297946 9.9991E-05 0.0677299 0.188463 0.0185848
0.553069 0.0200849 0.0630837 0.141758 0.095459 0.126545
0.653385 9.9991E-05 0.155285 0.061725 0.0360612 0.0934438
0.0771869 9.9982E-05 0.118003 9.9982E-05 0.761481 0.0431296
0.631943 0.0243002 0.0873069 0.16119 0.0670769 0.0281828
0.519522 0.0936697 0.026774 0.0665806 0.251258 0.0421964
0.626168 9.9991E-05 0.0698479 0.0362127 0.0506321 0.217039
0.268895 9.9973E-05 9.9973E-05 0.0567388 0.674066 9.9973E-05
0.635654 0.0348697 9.9991E-05 0.024047 0.274503 0.0308271
0.530815 9.9991E-05 0.0564662 0.0290465 0.30686 0.0767125
9.9973E-05 9.9973E-05 9.9973E-05 0.232382 0.675016 0.0923026
0.179196 9.9982E-05 0.41439 0.15895 0.247264 9.9982E-05
0.113305 0.000578408 0.179522 0.47246 0.220355 0.0137783
0.500645 0.194196 0.216201 9.9991E-05 0.0408617 0.0479959
0.541858 0.0791311 0.0197291 0.205295 0.01444 0.139547
0.63816 0.0437503 0.157798 0.0850684 0.0751232 9.9991E-05
0.163951 0.000833282 0.305145 0.163656 0.261806 0.104608
0.577218 9.9982E-05 0.290307 0.0803428 0.0519322 9.9982E-05
0.466652 0.0939057 0.100981 0.0923768 0.138634 0.10745
0.360579 0.0152855 0.222302 0.123292 0.196628 0.0819136
0.0753839 0.0517918 0.371313 0.2413 0.0868271 0.173384
0.567102 0.0797221 0.097968 0.0735287 0.164136 0.0175432
0.409738 0.0637414 0.301351 0.0561941 0.0881524 0.0808232
0.0262559 9.9991E-05 0.514368 0.193594 0.23355 0.0321315
0.514716 0.0362917 0.293131 0.0847473 0.0710134 9.9991E-05
0.657767 0.0355393 0.00465825 0.192257 0.109679 9.9991E-05
0.526666 0.0803054 0.175315 0.195276 9.9991E-05 0.022338
0.2632 0.0817347 0.272005 0.195837 0.167389 0.0198349
0.49147 0.0417746 0.191475 0.19148 0.0836996 9.9991E-05
0.607653 0.0168694 0.211234 0.0353752 0.0828634 0.0460046
0.252709 9.9982E-05 0.389969 0.20961 0.147512 9.9982E-05
0.562616 9.9964E-05 9.9964E-05 9.9964E-05 0.436984 9.9964E-05
0.15235 0.00155174 0.0900825 9.9991E-05 0.722128 0.0337884
0.541496 0.0591449 0.0644305 0.0997061 0.195317 0.0399058
9.9964E-05 9.9964E-05 9.9964E-05 0.177636 0.821964 9.9964E-05
9.9973E-05 9.9973E-05 0.0157799 0.120061 0.863859 9.9973E-05
0.207498 9.9964E-05 9.9964E-05 9.9964E-05 0.792102 9.9964E-05
0.444565 9.9991E-05 0.0856898 0.0199035 0.423786 0.0259566
0.419587 0.125454 0.114378 9.9991E-05 0.227635 0.112847
0.410465 0.0608233 0.0508986 0.0123019 0.447056 0.0184555
0.0509278 0.0720698 0.148973 9.9991E-05 0.693433 0.0344972
0.154959 0.0211007 0.223532 9.9991E-05 0.555375 0.0449337
0.369197 0.172296 0.111663 0.05741 0.289334 9.9991E-05
0.227655 0.00469448 0.0426705 9.9991E-05 0.688693 0.0361868
0.456075 9.9982E-05 0.0232657 9.9982E-05 0.501151 0.0193086
0.35846 9.9973E-05 9.9973E-05 0.0738505 0.56739 9.9973E-05
9.9973E-05 0.00467961 9.9973E-05 0.28429 0.710731 9.9973E-05
0.580284 0.0378188 0.0192184 9.9991E-05 0.282958 0.0796212
0.0907902 0.036411 0.0507816 9.9982E-05 9.9982E-05 0.821817
0.0840844 9.9964E-05 9.9964E-05 9.9964E-05 9.9964E-05 0.915516
0.0927483 0.0339428 9.9973E-05 9.9973E-05 9.9973E-05 0.873009
0.0794671 9.9973E-05 9.9973E-05 0.00537887 9.9973E-05 0.914854
0.114527 9.9964E-05 9.9964E-05 9.9964E-05 9.9964E-05 0.885074
0.0625924 0.026543 0.00874675 0.032291 9.9991E-05 0.869727
0.0853351 9.9964E-05 9.9964E-05 9.9964E-05 9.9964E-05 0.914265
0.456193 0.0853498 9.9982E-05 9.9982E-05 0.342724 0.115533
0.526142 0.131662 0.132622 0.0100232 0.167258 0.0322928
9.9982E-05 9.9982E-05 0.0841344 0.0535166 0.810284 0.0518649
0.489639 0.0808256 0.115248 0.0107564 0.223957 0.0795747
0.389064 0.0661948 0.0792595 9.9991E-05 0.418545 0.0468364
0.562132 0.0192983 9.9982E-05 9.9982E-05 0.349069 0.0693007
0.552651 0.0193984 0.0622277 0.0185071 0.272454 0.0747617
0.360146 0.0895159 9.9991E-05 0.027617 0.491912 0.030709
9.9982E-05 9.9982E-05 0.179289 0.0575494 0.738282 0.0246798
0.454968 0.0693551 0.0845658 9.9991E-05 0.271847 0.119164
0.6736 9.9991E-05 0.0542291 0.0710164 0.157624 0.0434299
0.570333 0.0757171 0.112762 0.0323656 0.102541 0.106282
0.316373 9.9991E-05 0.00464249 0.102318 0.520971 0.0555954
0.527187 9.9973E-05 9.9973E-05 0.0819983 0.390515 9.9973E-05
0.464219 9.9982E-05 0.107292 9.9982E-05 0.402831 0.0254585
0.313289 0.0749673 9.9982E-05 0.00205351 0.60949 9.9982E-05
0.481402 9.9982E-05 0.0554775 9.9982E-05 0.408535 0.0543857
0.585161 0.0214758 0.107256 9.9991E-05 0.170807 0.1152
0.241789 0.0256628 0.395909 0.252905 0.0836352 9.9991E-05
0.455725 0.0122557 0.388273 0.0244887 0.029843 0.0894143
0.520425 0.124601 0.0792926 0.0350841 0.154246 0.0863513
0.53263 0.0377927 0.161391 0.085567 0.0724676 0.110151
0.475414 0.0133837 0.331012 0.134661 0.0454296 9.9991E-05
0.573569 0.0622256 0.297639 0.0274436 0.0378069 0.0013169
0.529316 9.9991E-05 0.355048 0.0100873 0.064433 0.041016
0.599765 9.99874E-05 0.167513 9.99874E-05 0.176754 0.0557687
0.570858 0.0208652 0.189596 0.10827 0.0616369 0.048773
0.550637 9.9991E-05 0.208281 0.0545269 0.171016 0.0154393
0.541022 9.9982E-05 0.335501 0.0325365 0.0907403 9.9982E-05
0.592237 0.117144 0.236513 0.0539061 9.9982E-05 9.9982E-05
0.619786 0.0841966 0.0366513 0.0672208 0.0714321 0.120713
0.611306 0.00919596 0.246305 0.0235225 0.10957 9.9991E-05
0.595888 0.0523387 0.159377 0.132444 9.9991E-05 0.0598528
0.485691 0.173786 0.202749 0.0611834 0.0764912 9.9991E-05
0.447357 9.9982E-05 0.293414 0.192407 9.9982E-05 0.0666221
0.635582 0.0251471 0.169386 0.0726154 0.0302375 0.0670328
0.731155 0.0290167 0.186937 0.0526915 9.9982E-05 9.9982E-05
0.21997 0.114208 0.434195 0.0346162 0.192057 0.0049531
0.189678 0.0595722 0.340736 0.31941 0.0889327 0.00167143
0.479356 0.104603 0.210429 0.147441 0.0580708 9.9991E-05
0.0973391 0.0450727 0.33401 0.344343 0.179135 9.9991E-05
0.308567 9.9991E-05 0.395565 0.0762541 0.184988 0.0345269
0.39247 0.0179026 0.35748 0.0204387 0.211609 9.9991E-05
0.412916 9.9991E-05 0.424248 0.0239426 0.126265 0.0125286
0.266632 0.0200772 0.441894 0.0592084 0.210965 0.00122413
0.538069 0.127301 0.132155 0.0206634 0.166793 0.0150195
0.523228 0.167428 0.146889 0.127424 0.0116694 0.0233617
0.627712 9.9982E-05 0.22083 9.9982E-05 0.105 0.0462586
0.193811 0.0439887 0.386203 0.295607 0.080291 9.9991E-05
0.596011 9.9982E-05 0.102989 0.107608 9.9982E-05 0.193192
0.475653 0.0758954 0.0871061 0.186949 0.140745 0.0336515
0.0546332 9.9991E-05 0.0710092 0.559447 0.162691 0.152119
0.707944 9.9982E-05 9.9982E-05 0.135786 0.0239057 0.132164
0.336574 0.00192732 0.105384 0.280885 0.205344 0.0698857
0.492968 0.0541223 0.0717665 0.197806 0.0658691 0.117468
0.229175 0.0222243 0.0860873 0.455245 0.147997 0.0592721
0.212378 9.9991E-05 0.123126 0.507851 0.125609 0.0309354
0.492125 9.9991E-05 0.147363 0.227157 0.119427 0.0138285
0.484601 0.0707867 0.0738601 0.247562 0.0628068 0.0603838
0.425253 0.0996586 0.146668 0.109876 0.119313 0.0992315
9.9991E-05 0.203226 0.116076 0.459447 0.187881 0.0332695
0.480228 0.137007 0.0684202 0.183528 0.0814752 0.0493415
0.36868 9.9982E-05 0.0892983 0.408921 0.132901 9.9982E-05
0.47597 0.00318122 0.137559 0.223388 0.154968 0.00493272
0.544826 0.0101205 0.0235146 0.104167 0.200281 0.117091
0.152246 0.268832 0.0323643 0.222161 9.9991E-05 0.324297
9.9973E-05 0.114563 9.9973E-05 0.360445 9.9973E-05 0.524693
9.9973E-05 0.136142 9.9973E-05 0.422448 9.9973E-05 0.44111
9.9982E-05 0.356438 0.0191737 0.263038 9.9982E-05 0.36115
0.625814 9.9982E-05 9.9982E-05 0.303423 0.0477483 0.0228143
0.614339 0.0516223 0.0829744 0.143429 0.0805087 0.0271267
0.264206 0.735394 9.9964E-05 9.9964E-05 9.9964E-05 9.9964E-05
0.407916 0.392872 0.0813647 9.9982E-05 0.117648 9.9982E-05
0.204346 0.423499 0.129165 0.0182844 0.150625 0.0740798
0.417354 9.9973E-05 9.9973E-05 0.532079 0.0502671 9.9973E-05
0.533596 0.0675803 0.154553 0.193231 0.0509392 9.9991E-05
0.247256 9.9973E-05 9.9973E-05 0.69274 0.0597035 9.9973E-05
0.659779 0.0316441 9.9982E-05 0.235376 0.0730013 9.9982E-05
0.522263 9.9991E-05 0.0251341 0.341975 0.100521 0.0100065
0.569176 0.0559064 0.0441779 0.283538 9.9991E-05 0.0471013
0.259353 9.9982E-05 0.056814 0.609104 0.0745295 9.9982E-05
0.606917 0.0593615 0.00805276 0.137237 0.114461 0.073971
0.48421 0.0298885 0.0766619 0.179604 0.102983 0.126652
0.0201047 0.945387 9.9973E-05 9.9973E-05 0.0342086 9.9973E-05
0.0751735 0.890154 0.0343728 9.9973E-05 9.9973E-05 9.9973E-05
0.269579 0.612332 9.9991E-05 0.0373627 0.031075 0.0495513
0.328239 0.64612 0.0253417 9.9973E-05 9.9973E-05 9.9973E-05
0.146313 0.804293 0.00272072 9.9982E-05 0.0464726 9.9982E-05
9.996E-05 0.9995 9.996E-05 9.996E-05 9.996E-05 9.996E-05
9.9964E-05 0.991266 0.00833428 9.9964E-05 9.9964E-05 9.9964E-05
0.145351 0.85425 9.9964E-05 9.9964E-05 9.9964E-05 9.9964E-05
9.9964E-05 0.962609 0.0369914 9.9964E-05 9.9964E-05 9.9964E-05
9.996E-05 0.9995 9.996E-05 9.996E-05 9.996E-05 9.996E-05
9.996E-05 0.9995 9.996E-05 9.996E-05 9.996E-05 9.996E-05
0.15681 0.780075 0.0256364 9.9982E-05 9.9982E-05 0.0372789
0.166596 0.757971 0.000493573 9.9982E-05 9.9982E-05 0.0747394
9.9964E-05 0.981987 9.9964E-05 9.9964E-05 0.0176127 9.9964E-05
0.391738 0.371698 0.140155 0.0322566 0.0435955 0.0205571
0.171857 0.679566 0.0667371 0.000464085 0.0202217 0.0611543
0.175004 0.736258 0.0129934 0.0137143 9.9991E-05 0.0619306
0.0695928 0.910966 0.0191411 9.9973E-05 9.9973E-05 9.9973E-05
0.0191213 0.980479 9.9964E-05 9.9964E-05 9.9964E-05 9.9964E-05
0.00662764 0.926331 0.0562989 9.9982E-05 9.9982E-05 0.0105421
9.996E-05 0.9995 9.996E-05 9.996E-05 9.996E-05 9.996E-05
0.230799 0.643927 0.0789167 0.0147399 0.0220981 0.00951961
0.00673361 0.927153 0.00539259 0.009794 0.0508273 9.9991E-05
9.9973E-05 0.0340355 9.9973E-05 0.607319 9.9973E-05 0.358345
0.405888 0.0599902 0.0978516 0.220897 0.00832877 0.207044
0.426857 0.0861287 0.0531786 0.129489 0.0711755 0.233172
0.161334 0.109276 9.9982E-05 0.521903 9.9982E-05 0.207287
0.473156 0.0603104 0.0299369 0.256061 0.0422587 0.138277
0.189211 0.108883 9.9991E-05 0.421175 0.0423836 0.238248
0.41374 0.0688298 0.11092 0.234032 9.9991E-05 0.172378
0.375551 0.15354 9.9982E-05 0.307034 9.9982E-05 0.163674
0.372939 0.225731 0.0268728 0.228994 0.0310878 0.114376
0.35743 0.165233 9.9991E-05 0.269642 0.00102039 0.206575
0.499488 0.0845559 0.00395744 0.138982 0.0617151 0.211302
0.0161255 9.9982E-05 0.0611073 0.114351 9.9982E-05 0.808216
9.9991E-05 0.0496474 0.00555397 0.0023746 0.00673989 0.935584
9.9973E-05 9.9973E-05 0.00442812 9.9973E-05 0.0153438 0.979928
0.0210624 9.9973E-05 0.0274064 9.9973E-05 9.9973E-05 0.951231
0.00581729 9.9982E-05 0.0939762 0.0135367 9.9982E-05 0.88647
9.9973E-05 0.0744224 9.9973E-05 0.00957116 9.9973E-05 0.915706
9.9973E-05 0.0428167 9.9973E-05 9.9973E-05 0.0607224 0.896161
0.0158354 9.9982E-05 9.9982E-05 0.0712806 0.00996716 0.902717
9.9964E-05 9.9964E-05 9.9964E-05 9.9964E-05 0.0776547 0.921945
0.0184647 0.0831894 0.0349806 9.9982E-05 9.9982E-05 0.863165
9.9982E-05 9.9982E-05 0.284831 0.0105474 0.100003 0.604419
9.9973E-05 9.9973E-05 0.338661 9.9973E-05 0.0845331 0.576506
9.9982E-05 9.9982E-05 0.30487 0.138872 0.0343167 0.521741
9.9982E-05 9.9982E-05 0.321476 0.0890782 0.107545 0.4817
0.397612 0.0901975 0.162462 9.9991E-05 0.319822 0.029806
0.45768 0.0299818 0.138823 9.9991E-05 0.255958 0.117457
0.450154 0.0731239 0.157488 0.0200425 0.299091 9.9991E-05
0.401687 9.9991E-05 0.274283 0.132039 0.151298 0.040592
0.171987 0.001539 0.625108 0.0430247 0.158241 9.9991E-05
0.520448 0.102062 0.00665709 0.0141763 0.299508 0.0571478
0.613747 9.9982E-05 0.0224148 0.0992386 0.264399 9.9982E-05
0.502228 0.0218175 0.123688 0.138905 0.213261 9.9991E-05
0.335576 0.0650981 0.0180713 0.00486283 0.576292 9.9991E-05
0.526492 0.074752 0.0790641 0.0717896 0.222447 0.0254556
0.424447 9.9982E-05 0.146259 9.9982E-05 0.396547 0.0325469
9.9973E-05 9.9973E-05 0.0264917 0.20661 0.766598 9.9973E-05
0.561985 9.9991E-05 0.188196 0.0754081 0.143507 0.0308043
0.240183 9.9982E-05 9.9982E-05 0.205536 0.535204 0.0188768
0.516363 0.0241947 0.00839047 0.0296736 0.421279 9.9991E-05
0.071077 9.9982E-05 0.136993 9.9982E-05 0.734291 0.0574385
9.9973E-05 9.9973E-05 0.768379 0.154184 9.9973E-05 0.0771372
0.0938127 9.9982E-05 0.725543 0.0949281 9.9982E-05 0.0855164
0.00991792 9.9991E-05 0.834276 0.0907919 0.0386947 0.0262196
9.9982E-05 9.9982E-05 0.799926 0.0610091 0.0268087 0.112056
0.0807427 0.0241985 0.852211 0.0426479 9.9982E-05 9.9982E-05
0.147489 0.0141999 0.789352 0.000168513 9.9991E-05 0.0486904
0.0666369 0.0286417 9.9973E-05 9.9973E-05 9.9973E-05 0.904421
0.104327 0.021649 0.00259155 9.9982E-05 9.9982E-05 0.871232
0.122547 0.0955818 9.9973E-05 9.9973E-05 9.9973E-05 0.781572
0.00923641 0.119932 0.141708 9.9982E-05 9.9982E-05 0.728924
0.0811617 0.0678248 0.0248531 9.9991E-05 0.0122857 0.813775
9.9982E-05 9.9982E-05 0.552452 0.0608291 0.0124657 0.374053
9.9982E-05 9.9982E-05 0.429242 0.101455 0.0276919 0.441411
9.9982E-05 9.9982E-05 0.397836 0.00988195 0.149468 0.442615
0.137336 0.0510382 0.0142385 9.9982E-05 9.9982E-05 0.797187
9.9982E-05 9.9982E-05 0.531967 0.0544457 0.0576181 0.355769
0.322569 0.338388 9.9982E-05 0.154066 9.9982E-05 0.184777
0.530947 0.23995 0.016211 0.0793799 0.0160215 0.117491
0.543608 0.272197 9.9973E-05 9.9973E-05 9.9973E-05 0.183896
0.329862 0.238904 0.0671232 0.0970496 0.0532348 0.213827
0.525032 0.223758 0.163932 9.9982E-05 9.9982E-05 0.0870777
9.9973E-05 0.321791 9.9973E-05 0.249726 9.9973E-05 0.428184
0.495443 9.9991E-05 0.304971 0.103961 0.0876798 0.00784472
0.337223 0.0415165 0.233292 0.265483 0.122386 9.9991E-05
0.315714 9.9982E-05 0.503232 9.9982E-05 0.0703068 0.110547
0.503637 9.9982E-05 0.200553 0.128183 0.167426 9.9982E-05
9.9973E-05 9.9973E-05 0.146368 0.608992 0.24434 9.9973E-05
0.557038 0.0629037 0.174385 0.15685 9.9991E-05 0.0487231
0.577572 9.9982E-05 0.159322 0.22642 0.036487 9.9982E-05
0.42131 9.9991E-05 0.378959 0.0603315 0.101196 0.0381028
0.465681 0.0372974 0.122303 0.115657 0.149635 0.109426
0.127664 9.9982E-05 0.294459 0.408111 0.169566 9.9982E-05
0.47745 0.0485808 0.161947 0.244418 0.0572927 0.0103111
0.470157 0.036736 0.19919 0.0804427 0.18453 0.0289445
0.334241 0.209054 0.0434308 0.0711023 0.17437 0.167801
0.39172 9.9982E-05 0.26577 0.226585 0.115725 9.9982E-05
0.45603 9.9991E-05 0.228718 0.127062 0.145229 0.0428616
0.493625 0.0445466 0.124991 0.246455 0.0902828 9.9991E-05
0.525438 9.9991E-05 0.129809 0.13666 0.201592 0.00640155
0.603625 0.0663803 0.131735 0.0361827 0.145567 0.0165107
0.477823 0.136681 0.115667 9.9991E-05 0.184803 0.0849255
0.521431 0.0694742 0.222843 0.0205867 0.0828888 0.0827766
0.0900069 0.0856312 9.9973E-05 9.9973E-05 9.9973E-05 0.824062
0.048133 0.0582648 9.9991E-05 0.0146427 0.0491638 0.829696
0.0255502 0.0129488 0.0358175 0.0419979 0.0797909 0.803895
0.0481655 0.00615423 0.014052 9.9991E-05 0.10776 0.823769
0.141792 9.9964E-05 9.9964E-05 9.9964E-05 9.9964E-05 0.857809
0.239869 0.0293435 0.581985 0.0349062 0.113796 9.9991E-05
0.547274 0.0729289 0.205279 0.0516709 0.122747 9.9991E-05
0.415061 0.178698 9.9991E-05 0.198817 0.0244477 0.182876
0.626617 0.0921167 0.175655 0.105411 9.9982E-05 9.9982E-05
0.467744 9.9982E-05 0.250285 9.9982E-05 0.196038 0.0857331
0.332395 0.0860111 0.3421 0.239294 9.9982E-05 9.9982E-05
0.0311299 9.9991E-05 0.55737 0.177252 0.12677 0.107378
0.51882 0.0485044 0.27732 0.0476157 0.0958301 0.0119102
0.17407 0.0541154 0.524624 0.0691764 0.103516 0.0744987
0.449743 0.0406415 0.178744 0.158354 0.131918 0.0405991
0.114973 0.00858782 0.50618 0.107264 0.158861 0.104134
0.598727 0.0807889 0.22612 9.9991E-05 0.0452039 0.0490604
0.225099 0.007942 0.477908 0.0581321 0.159858 0.07106
0.296197 0.0748525 0.301504 0.18744 0.0815417 0.0584647
0.396593 0.09296 0.110394 0.266529 0.123669 0.00985433
0.371952 9.9973E-05 0.130642 0.497106 9.9973E-05 9.9973E-05
0.588974 0.0244635 0.0869681 0.0891029 0.150646 0.0598462
0.551033 0.033045 0.095974 0.1167 0.0423971 0.16085
0.387912 9.9973E-05 0.122056 0.489732 9.9973E-05 9.9973E-05
0.605609 9.9991E-05 0.109687 0.187449 0.0549263 0.0422292
0.599189 9.9991E-05 0.0435858 0.27287 0.0464478 0.0378068
0.122516 9.9982E-05 0.0899132 0.670985 0.116386 9.9982E-05
0.301252 9.9982E-05 0.0135647 0.639301 0.0456827 9.9982E-05
0.536034 9.9973E-05 0.10832 0.355346 9.9973E-05 9.9973E-05
0.210149 9.9982E-05 0.163194 0.503218 0.123239 9.9982E-05
0.475632 9.9982E-05 0.131929 0.294344 0.0978945 9.9982E-05
0.158845 0.0218933 0.629462 0.0372025 0.150321 0.00227676
0.308874 0.00440873 0.379808 0.206592 0.100218 9.9991E-05
0.241085 0.139055 0.418105 9.9991E-05 0.181896 0.0197597
0.51874 0.160134 0.204726 0.062053 0.0542472 9.9991E-05
0.150164 0.0868642 0.495805 9.9982E-05 0.266966 9.9982E-05
0.518158 0.102361 0.182943 0.0304998 0.113134 0.0529039
0.526604 0.109828 0.158719 0.0155723 0.155251 0.0340256
0.449123 0.0956691 0.280891 0.0545622 0.119654 9.9991E-05
0.357564 0.161445 0.274153 0.0232513 0.164736 0.0188503
0.418678 0.0791136 0.334041 9.9991E-05 0.154062 0.0140057
0.180017 0.096311 0.491202 9.9982E-05 0.232271 9.9982E-05
0.34343 0.0646178 0.450015 0.0335854 0.108252 9.9991E-05
0.518071 0.0899338 0.158084 0.0210097 0.212801 9.9991E-05
0.527941 0.0896906 0.211823 0.129528 0.0322844 0.00873301
0.409693 9.9991E-05 0.259892 0.0840336 0.186876 0.059406
0.498228 0.0810245 0.243597 0.0945231 0.0825276 9.9991E-05
0.392929 0.0175517 0.387308 0.0962416 9.9991E-05 0.10587
0.682828 9.9973E-05 0.211515 9.9973E-05 0.105357 9.9973E-05
0.536583 0.0740876 0.272367 0.0780026 0.022159 0.0168008
0.437413 0.141538 0.199528 0.0622019 0.055582 0.103737
0.463666 0.0884696 0.039112 9.9991E-05 0.0450941 0.363558
0.530831 0.187459 9.9991E-05 0.0614209 0.0713897 0.1488
0.505268 0.168361 0.0624452 0.0925852 9.9991E-05 0.171241
0.59868 0.106433 0.0616931 0.143285 0.0392873 0.0506208
0.413861 0.250885 9.9991E-05 0.00973203 0.148044 0.177378
0.539039 0.0286805 0.186833 0.245247 9.9982E-05 9.9982E-05
0.427058 0.108357 0.127718 0.0297611 0.165605 0.141501
9.9982E-05 0.178382 9.9982E-05 0.487545 0.116052 0.217822
0.504089 0.210666 0.113219 0.0733066 0.0218609 0.0768592
0.507139 0.169235 0.0375634 0.0477075 0.0947098 0.143645
0.432707 0.225686 0.0567971 0.125535 0.0868157 0.0724581
0.289869 0.172612 0.0991164 0.237585 0.0504592 0.150358
0.48844 0.188488 0.0208308 0.0965556 0.0503353 0.155351
0.492841 0.170353 9.9982E-05 0.205762 9.9982E-05 0.130844
9.9973E-05 0.191336 9.9973E-05 0.313007 9.9973E-05 0.495358
0.486847 0.227946 0.0683796 0.0654528 0.019683 0.131692
0.458471 0.20942 0.0252874 0.0965606 0.0832775 0.126984
0.572116 0.177269 0.0662274 0.0449916 0.139296 9.9991E-05
0.543907 0.224692 0.0511083 0.0205703 9.9991E-05 0.159622
0.496998 0.168105 0.0618496 0.128592 9.9991E-05 0.144355
0.536736 0.0207127 9.9991E-05 0.260209 0.102034 0.0802087
0.399873 0.160197 0.161127 0.0632019 0.195091 0.0205109
0.0170364 9.9982E-05 0.0835123 0.551228 0.348023 9.9982E-05
0.0585726 9.9982E-05 0.0173126 0.705088 0.218827 9.9982E-05
0.569016 0.0525484 0.003786 0.197988 0.176561 9.9991E-05
0.383489 0.36576 9.9982E-05 0.160492 9.9982E-05 0.0900588
0.327244 0.340161 9.9991E-05 0.17616 0.0745961 0.0817385
0.141414 0.292882 9.9991E-05 0.255789 0.0958443 0.213971
0.312205 0.275953 9.9982E-05 0.2409 9.9982E-05 0.170742
0.16447 0.0685579 0.00981598 0.613605 0.102557 0.0409939
0.301719 0.0516203 9.9991E-05 0.477438 0.0959815 0.0731405
0.452396 0.20116 9.9982E-05 0.160227 0.186017 9.9982E-05
0.504206 0.0740456 0.0362927 0.212338 0.109376 0.0637414
0.32221 0.112758 9.9991E-05 0.47479 0.0421127 0.0480295
0.489029 0.14397 0.0792019 0.182796 0.103462 0.00154147
0.522397 0.142844 0.0581357 0.17601 0.100513 9.9991E-05
0.43641 0.127847 0.125633 0.0795135 0.134421 0.0961751
0.376129 9.9982E-05 0.0722372 0.408489 0.142945 9.9982E-05
0.398182 0.0179982 0.132106 0.304226 0.147387 9.9991E-05
0.451629 0.0763223 9.9991E-05 0.189658 0.256781 0.0255088
0.397586 0.0349355 0.0996094 0.231932 0.176621 0.0593156
0.349816 0.185386 0.082409 0.314698 0.0550306 0.0126608
0.522592 9.9973E-05 9.9973E-05 0.35713 0.119978 9.9973E-05
0.291704 9.9982E-05 0.121146 0.511523 0.0754265 9.9982E-05
0.595156 0.045959 9.9991E-05 0.199175 0.152147 0.00746346
0.277201 9.9982E-05 0.0187934 0.460909 0.242897 9.9982E-05
0.504344 9.9982E-05 9.9982E-05 0.404473 0.0892574 0.00172614
0.439804 0.120061 0.00959542 0.206842 0.223598 9.9991E-05
0.467882 0.0297467 0.0691272 0.227975 0.20517 9.9991E-05
0.395834 0.229239 9.9991E-05 0.0795888 0.0778035 0.217435
0.492016 0.0299254 0.0366019 0.103106 0.121574 0.216777
0.377807 0.256691 0.00892929 0.159927 0.0494603 0.147186
0.242253 0.217753 0.183045 0.265689 9.9991E-05 0.091159
0.45888 0.17659 0.0870997 0.0293677 0.0516415 0.196422
0.385864 0.226761 0.0989138 0.0978889 0.0581523 0.13242
9.9982E-05 0.189505 0.0737841 0.597955 9.9982E-05 0.138556
0.579848 0.197933 0.053264 0.108391 9.9991E-05 0.0604635
9.9973E-05 0.125326 9.9973E-05 0.563092 9.9973E-05 0.311282
0.564228 0.21291 9.9991E-05 0.187596 0.0159241 0.0192422
0.0882708 9.9973E-05 9.9973E-05 0.511937 0.399492 9.9973E-05
9.9964E-05 9.9964E-05 9.9964E-05 0.609647 0.389954 9.9964E-05
0.513605 9.9982E-05 0.0768089 0.207253 0.202133 9.9982E-05
0.6931 0.0032115 9.9982E-05 0.18818 0.115308 9.9982E-05
0.440975 9.9982E-05 0.0456507 0.29265 0.220525 9.9982E-05
0.534889 0.0108175 9.9982E-05 0.16115 0.292944 9.9982E-05
0.550533 0.026164 0.143284 0.227373 0.0525449 9.9991E-05
0.0387749 0.0792425 9.9991E-05 0.029059 0.0339478 0.818876
9.9973E-05 0.101261 0.159318 9.9973E-05 9.9973E-05 0.73912
9.9973E-05 0.0858281 0.0711818 9.9973E-05 9.9973E-05 0.84269
0.0974841 9.9973E-05 9.9973E-05 0.0028366 9.9973E-05 0.899379
0.488947 9.9991E-05 0.075202 0.000176464 0.39703 0.0385438
0.429549 0.116118 9.9982E-05 9.9982E-05 0.405764 0.0483695
0.434572 9.9973E-05 0.0570983 9.9973E-05 0.50803 9.9973E-05
0.557616 9.9982E-05 0.0261815 9.9982E-05 0.317845 0.0981569
0.476233 0.0386573 0.11552 0.0588433 0.218039 0.0927063
0.198861 9.9982E-05 0.126555 0.0766036 0.59778 9.9982E-05
0.536697 0.0129186 9.9973E-05 9.9973E-05 0.450084 9.9973E-05
0.3069 9.9982E-05 9.9982E-05 0.18484 0.503776 0.00428359
0.49785 0.117946 0.0523389 9.9991E-05 0.0694245 0.262341
0.331232 0.0904774 0.0517354 0.0417906 0.484665 9.9991E-05
0.304958 9.9982E-05 0.132023 9.9982E-05 0.543028 0.0197903
0.465329 0.0437486 9.9973E-05 9.9973E-05 0.490623 9.9973E-05
0.383182 0.00243325 0.0967803 9.9982E-05 0.517404 9.9982E-05
0.58566 0.0193895 9.9991E-05 0.0104651 0.37384 0.0105457
0.478893 9.9973E-05 9.9973E-05 9.9973E-05 0.382846 0.137962
0.0990314 9.9973E-05 9.9973E-05 0.0430276 0.857641 9.9973E-05
0.16874 0.0228876 0.0560562 0.0732479 0.673824 0.00524427
0.269592 9.9991E-05 0.055307 0.0298252 0.627012 0.0181632
9.9964E-05 9.9964E-05 9.9964E-05 0.246462 0.753138 9.9964E-05
0.377052 0.0458871 0.0816756 9.9991E-05 0.461154 0.0341316
0.115804 9.9982E-05 0.0290196 0.27079 0.584186 9.9982E-05
9.9964E-05 9.9964E-05 9.9964E-05 0.301772 0.697828 9.9964E-05
0.52507 0.0190109 0.0241846 0.0213479 0.375039 0.035348
0.105551 9.9991E-05 0.0531459 0.00526464 0.715639 0.1203
0.462262 0.0319761 0.0262586 9.9982E-05 0.479303 9.9982E-05
0.531066 0.0699088 0.0422998 0.0234493 0.167749 0.165527
0.451423 9.9973E-05 0.10595 9.9973E-05 0.442327 9.9973E-05
0.389533 0.0334507 0.321947 0.240171 0.0147977 9.9991E-05
0.455206 0.0472568 0.0423028 0.047611 0.407524 9.9991E-05
0.475456 9.9982E-05 0.090682 9.9982E-05 0.347114 0.0865472
0.346788 9.9982E-05 0.0124728 0.0377359 0.602803 9.9982E-05
0.539791 0.0366744 0.124062 0.0551286 0.199108 0.0452359
9.9973E-05 9.9973E-05 0.300441 0.019291 9.9973E-05 0.679968
0.0602533 9.9982E-05 0.131717 9.9982E-05 0.0466362 0.761194
9.9973E-05 9.9973E-05 0.144542 0.0347249 9.9973E-05 0.820433
9.9973E-05 9.9973E-05 0.137902 0.0448857 9.9973E-05 0.816912
9.9973E-05 9.9973E-05 0.289592 0.0149117 9.9973E-05 0.695196
0.031763 0.0444899 0.139714 9.9991E-05 0.752941 0.0309922
0.104307 9.9991E-05 0.124122 0.027319 0.672907 0.0712464
0.111236 9.9973E-05 9.9973E-05 0.116269 0.772195 9.9973E-05
0.466914 0.0866805 0.0090556 9.9991E-05 0.329774 0.107476
0.472367 0.0963077 0.0295047 0.0473407 0.209793 0.144687
0.239008 0.00245436 9.9991E-05 0.0509528 0.676099 0.0313857
0.480924 0.102847 9.9991E-05 0.0278886 0.367747 0.0204938
0.334702 0.0383228 9.9991E-05 0.02886 0.520236 0.0777798
0.431074 0.109995 0.0535542 0.0248014 0.366055 0.0145208
0.57376 0.0471652 9.9982E-05 9.9982E-05 0.328 0.0508744
0.0954286 0.0710705 0.127645 9.9982E-05 0.705656 9.9982E-05
0.293855 9.9982E-05 0.0921529 9.9982E-05 0.596958 0.0168345
0.223691 0.0479453 0.137293 9.9982E-05 0.590871 9.9982E-05
0.66897 9.9991E-05 0.0214023 0.213996 0.000253258 0.0952793
0.360924 9.9982E-05 0.0113804 9.9982E-05 0.583881 0.0436144
0.457567 0.0405685 0.0207049 9.9982E-05 0.480959 9.9982E-05
0.470774 0.374387 0.0601335 0.00951628 0.0299592 0.0552298
0.311321 0.436844 0.057037 0.0401497 0.0510784 0.10357
0.378832 0.448057 9.9982E-05 0.0450976 9.9982E-05 0.127813
0.262859 0.485921 9.9991E-05 0.0852628 0.0756526 0.0902044
0.474482 0.330729 0.0537607 0.047621 9.9991E-05 0.0933074
0.423121 0.107557 9.9982E-05 0.175221 0.293902 9.9982E-05
0.0253695 0.66551 9.9982E-05 0.0421833 9.9982E-05 0.266737
0.247236 0.49116 9.9982E-05 0.0986353 9.9982E-05 0.162769
0.436759 0.199044 9.9991E-05 0.133404 0.105406 0.125287
0.625061 9.9991E-05 0.0565416 0.149964 0.0127296 0.155604
0.351894 0.0873179 0.133539 0.345433 0.0279964 0.0538204
0.564493 0.0456911 0.0546329 0.133639 0.0826628 0.118881
0.64135 0.038909 9.9991E-05 0.156015 0.0781917 0.0854344
0.340245 0.41909 9.9973E-05 9.9973E-05 9.9973E-05 0.240365
0.269151 0.363738 0.129044 9.9991E-05 0.124656 0.11331
0.381482 0.498467 9.9982E-05 0.0442493 9.9982E-05 0.0756015
0.357439 0.259901 0.00285044 0.0235648 0.150861 0.205384
0.221849 0.562568 9.9982E-05 9.9982E-05 0.110317 0.105066
0.375889 0.357419 0.0884119 0.0339493 0.0575257 0.0868046
0.226712 0.549061 0.041398 0.0838596 9.9991E-05 0.0988699
0.397041 0.446612 0.123998 9.9991E-05 0.0215155 0.0107335
0.498628 0.0717932 0.0314384 0.280531 0.0496072 0.068002
0.454777 0.282724 0.0372137 0.0363621 0.0105768 0.178346
0.183795 0.616023 9.9982E-05 0.00867732 9.9982E-05 0.191305
0.295788 0.456269 0.0357746 0.0768019 0.0779388 0.0574284
0.225058 9.9991E-05 0.252081 0.317636 0.0849604 0.120165
0.552165 0.110192 0.0954638 0.197568 0.0445113 9.9991E-05
0.398103 0.236067 0.0429803 0.11118 9.9991E-05 0.21157
0.660521 0.015451 0.105013 0.11314 9.9991E-05 0.105775
0.513758 9.9991E-05 0.0189324 0.176733 0.110906 0.179571
0.297953 0.289484 0.0687163 0.0658906 0.10455 0.173406
0.356993 0.269403 0.0341163 0.0942061 9.9991E-05 0.245181
0.646043 0.107001 9.9982E-05 0.143121 9.9982E-05 0.103635
0.432504 0.351348 9.9991E-05 0.0145417 0.0484438 0.153063
0.362655 0.478366 9.9982E-05 0.107684 9.9982E-05 0.0510952
0.14684 0.5894 9.9991E-05 0.0104417 0.0171312 0.236087
0.543018 0.0721047 0.136025 0.176792 9.99917E-05 0.0719603
0.447857 9.9991E-05 0.107424 0.222342 0.137288 0.0849887
0.221216 0.0211669 9.9982E-05 0.66713 9.9982E-05 0.0902868
0.528203 0.0803369 0.00818883 0.0927056 0.0916132 0.198953
0.467082 0.0294614 0.141053 0.149933 0.121071 0.0913993
0.517871 0.0638419 9.9991E-05 0.0782188 0.114629 0.22534
0.464374 0.0760823 0.123628 0.208209 0.0375406 0.0901667
9.9973E-05 0.213642 9.9973E-05 0.482514 9.9973E-05 0.303544
9.9973E-05 0.104762 9.9973E-05 0.606517 9.9973E-05 0.288421
0.337493 0.11334 0.0589821 0.386477 9.9991E-05 0.103608
0.0178135 0.219713 9.9982E-05 0.45004 9.9982E-05 0.312234
9.9973E-05 0.204717 9.9973E-05 0.383855 9.9973E-05 0.411128
0.380211 0.126032 0.0363721 0.293165 0.068464 0.0957564
0.336146 0.190247 9.9991E-05 0.207372 0.0488104 0.217325
0.251874 0.0566397 9.9991E-05 0.378159 0.0207699 0.292458
0.11876 0.107192 9.9982E-05 0.483616 9.9982E-05 0.290232
0.432895 0.117457 0.0356538 0.202933 0.0734861 0.137574
0.170019 0.116654 9.9991E-05 0.413747 0.061867 0.237613
9.9973E-05 0.0371133 9.9973E-05 0.561305 9.9973E-05 0.401282
0.456728 0.144118 0.0113369 0.116145 0.0796656 0.192006
0.327318 0.165812 0.0695894 0.253577 9.9991E-05 0.183603
0.302865 0.211392 0.0352054 0.0460851 0.122311 0.282141
0.576525 0.238317 9.9973E-05 9.9973E-05 9.9973E-05 0.184858
0.413904 0.197479 0.0710382 0.0288472 0.151928 0.136805
0.528423 0.207582 0.0292567 0.0163372 0.024822 0.193579
0.316148 0.210976 0.0684107 0.0202791 9.9991E-05 0.384086
0.554618 0.131704 0.0195614 9.9991E-05 0.0570764 0.236941
0.430942 0.212654 9.9982E-05 9.9982E-05 0.112185 0.24402
0.33444 0.25455 0.00277456 0.11471 0.0635532 0.229972
0.229221 0.144398 0.0882655 0.135419 0.246728 0.15597
0.493111 0.115031 0.112843 0.0989781 0.0357206 0.144316
0.602481 0.146426 0.0278891 9.9991E-05 0.040623 0.182481
0.560076 0.105838 9.9991E-05 0.0434033 0.197674 0.0929097
0.368121 0.233993 9.9982E-05 0.0928399 9.9982E-05 0.304846
0.499107 0.191313 0.0726014 0.0754967 0.0286295 0.132852
0.170168 0.19317 9.9982E-05 0.156996 9.9982E-05 0.479466
0.441265 0.181729 9.9991E-05 0.0164481 0.0817592 0.278699
0.167054 0.358956 9.9982E-05 0.249987 9.9982E-05 0.223804
0.00170481 0.000170837 0.109121 0.05541 0.0267655 0.806827
0.080073 0.0918374 0.733045 0.011143 0.0404748 0.0434267
9.996E-05 9.996E-05 0.9995 9.996E-05 9.996E-05 9.996E-05
9.996E-05 9.996E-05 0.9995 9.996E-05 9.996E-05 9.996E-05
9.996E-05 9.996E-05 0.9995 9.996E-05 9.996E-05 9.996E-05
9.9973E-05 0.0598795 0.932204 9.9973E-05 9.9973E-05 0.0076162
0.10319 9.9964E-05 0.89641 9.9964E-05 9.9964E-05 9.9964E-05
9.9964E-05 9.9964E-05 0.989518 9.9964E-05 9.9964E-05 0.0100819
9.9973E-05 0.0142321 0.80026 9.9973E-05 9.9973E-05 0.185208
0.030642 0.0132361 9.9991E-05 0.00297536 0.0283965 0.92465
0.0624458 9.9982E-05 0.117157 0.0111375 9.9982E-05 0.80906
9.9982E-05 0.064932 0.0135878 9.9982E-05 0.0191396 0.902141
0.0133268 9.9982E-05 0.125631 0.0271946 9.9982E-05 0.833647
0.0223744 0.0334475 9.9982E-05 9.9982E-05 0.0325429 0.911435
9.9991E-05 0.018423 0.0322068 0.000188449 0.0389628 0.910119
9.9973E-05 0.160658 0.0876072 9.9973E-05 9.9973E-05 0.751435
0.0268076 0.0612939 0.0128918 9.9991E-05 0.0308296 0.868077
9.9991E-05 0.0967537 0.118949 0.0342383 0.0621794 0.68778
9.9964E-05 0.0819913 9.9964E-05 9.9964E-05 9.9964E-05 0.917609
9.9982E-05 9.9982E-05 0.0197237 0.00545321 0.0116316 0.962992
0.0641633 0.010028 0.0177695 9.9991E-05 0.0588065 0.849133
0.0102511 0.0011101 9.9973E-05 9.9973E-05 9.9973E-05 0.988339
0.0463921 0.0287984 9.9982E-05 0.0429482 9.9982E-05 0.881661
0.0523226 0.0273254 0.00119619 9.9991E-05 0.0469657 0.87209
0.0977619 0.0255578 9.9973E-05 9.9973E-05 9.9973E-05 0.87638
0.037172 0.162895 9.9973E-05 9.9973E-05 9.9973E-05 0.799633
0.114283 0.120446 9.9973E-05 9.9973E-05 9.9973E-05 0.764971
0.123593 0.050861 9.9973E-05 9.9973E-05 9.9973E-05 0.825246
0.427352 0.00513843 0.0980601 0.202809 0.129287 0.137354
0.697631 9.9991E-05 0.0410963 0.145907 0.0375875 0.077679
0.489977 0.0475351 0.119962 0.0404853 0.131147 0.170894
0.164247 9.9991E-05 0.0222298 0.718628 0.0634275 0.0313683
0.561513 9.9982E-05 0.142472 0.196398 9.9982E-05 0.099418
0.176234 9.9982E-05 0.00769379 0.675419 9.9982E-05 0.140453
0.771891 9.9973E-05 9.9973E-05 0.155959 9.9973E-05 0.0718507
0.427614 9.9991E-05 0.156773 0.245787 0.106259 0.0634674
0.537454 9.9991E-05 0.0707281 0.283279 0.0642679 0.044171
0.465752 0.0542849 0.0391093 0.0603728 0.343207 0.0372741
0.500071 9.9991E-05 0.212119 0.230119 0.0224456 0.0351457
0.73268 9.9982E-05 0.0491868 0.217806 9.9982E-05 0.000127534
0.609401 9.9991E-05 0.139059 0.154225 0.0194962 0.0777183
0.0112356 0.0478023 0.507747 0.224928 0.208187 9.9991E-05
0.0135888 9.9982E-05 0.115393 0.860155 9.9982E-05 0.0106632
0.212479 9.9982E-05 0.0487013 0.702215 9.9982E-05 0.0364053
0.636489 0.0112973 0.135433 0.0975707 9.9991E-05 0.11911
0.584192 9.9991E-05 0.118095 0.185438 0.00852219 0.103653
0.677689 9.9973E-05 9.9973E-05 0.206343 9.9973E-05 0.115667
0.680134 9.9982E-05 9.9982E-05 0.1945 0.0933634 0.0318033
0.542048 0.144962 9.9982E-05 0.0799414 9.9982E-05 0.232849
0.571168 0.189184 0.0455443 9.9991E-05 0.00846529 0.185538
0.158258 0.128266 0.104455 0.124379 0.0421809 0.442461
0.6433 9.9991E-05 0.117471 0.0367426 0.105501 0.0968859
0.379533 0.16197 0.124429 0.0528747 0.0536938 0.227499
9.9973E-05 0.167253 9.9973E-05 0.398431 9.9973E-05 0.434016
0.356083 0.17538 9.9991E-05 0.157269 0.0236459 0.287521
0.271205 0.16539 0.0328354 9.9991E-05 0.179203 0.351267
0.439066 0.053223 0.0649032 9.9991E-05 0.127823 0.314885
0.576962 0.106013 0.170922 9.9982E-05 9.9982E-05 0.145903
0.506161 0.117187 9.9991E-05 0.0727762 0.0382595 0.265517
0.521048 0.15482 0.085491 9.9991E-05 0.060999 0.177542
0.433992 0.180914 9.9991E-05 0.220404 0.048062 0.116528
0.22712 0.183435 9.9982E-05 9.9982E-05 0.130163 0.459082
