0.0571645 9.9982E-05 0.0359453 0.02427 0.88242 9.9982E-05
0.046089 9.9973E-05 9.9973E-05 0.0385884 0.915023 9.9973E-05
0.0271927 9.9982E-05 0.0212771 9.9982E-05 0.83636 0.11497
0.0545117 9.9982E-05 0.0633631 9.9982E-05 0.81572 0.0662048
0.0390423 9.9982E-05 0.0536048 9.9982E-05 0.851868 0.0552849
0.0321015 0.222097 0.0891477 9.9991E-05 0.598887 0.0576672
0.00749731 0.132832 9.9982E-05 9.9982E-05 0.826753 0.0327177
0.120035 0.143426 9.9982E-05 9.9982E-05 0.735742 0.000597463
0.0783803 0.0994027 9.9982E-05 0.0146107 0.807406 9.9982E-05
9.9982E-05 0.140929 0.0785303 9.9982E-05 0.706644 0.0736968
0.143931 0.0848999 9.9982E-05 9.9982E-05 0.739806 0.0311632
0.432122 0.0420679 0.106336 0.221933 9.9991E-05 0.197442
0.283957 0.025585 0.100344 0.0700011 9.9991E-05 0.520013
0.424351 0.133451 0.10433 0.144033 0.013036 0.180798
0.311814 9.9991E-05 0.207413 0.270115 0.0223803 0.188178
0.192415 0.0813151 0.149147 0.0575962 0.115083 0.404443
0.105548 0.0837523 0.0826214 0.103161 0.0769471 0.54797
0.196171 0.0467268 0.135631 0.240123 9.9991E-05 0.381248
0.344484 9.9991E-05 0.180225 0.155964 0.128238 0.19099
0.621778 0.116805 0.104447 0.141809 0.0150613 9.9991E-05
0.220172 0.131433 0.0832982 0.135986 0.0289071 0.400204
0.160218 0.228837 0.032896 0.0767207 0.00821016 0.493118
0.109105 0.0661769 9.9991E-05 0.211969 0.0124996 0.600149
0.28855 0.105492 0.134595 0.183898 0.00240572 0.285058
0.106372 0.0222293 0.0772726 0.051685 0.0985839 0.643857
0.248844 9.9991E-05 0.159898 0.119077 0.00402868 0.468053
0.389257 9.9991E-05 0.13973 0.275593 0.0994002 0.0959195
0.361817 9.9991E-05 0.256699 0.254646 0.0016592 0.125078
0.399545 0.140929 0.0490778 0.154252 9.9991E-05 0.256096
9.9973E-05 9.9973E-05 0.0520294 9.9973E-05 0.827214 0.120456
9.9964E-05 9.9964E-05 9.9964E-05 9.9964E-05 0.828004 0.171597
9.9973E-05 9.9973E-05 0.0321159 9.9973E-05 0.792715 0.174869
9.9982E-05 9.9982E-05 0.0766031 0.0165752 0.761754 0.144868
0.177155 9.9982E-05 9.9982E-05 0.277673 0.0422244 0.502748
0.0284323 0.0125398 0.0110312 0.297987 0.16677 0.48324
9.9982E-05 9.9982E-05 0.0221164 0.388833 0.0297246 0.559126
0.536794 0.0163559 0.0329749 0.15939 0.102139 0.152347
9.9982E-05 9.9982E-05 0.014044 0.654056 0.0749533 0.256747
0.13845 0.0444521 0.034748 0.223903 0.0737128 0.484734
9.9982E-05 0.0771993 0.0640418 0.194853 9.9982E-05 0.663706
0.0442163 0.105195 9.9991E-05 0.16798 0.1 0.582509
0.0390334 0.0588424 9.9991E-05 0.150618 0.129265 0.622141
0.0803498 9.9982E-05 9.9982E-05 0.716037 0.0529602 0.150453
0.0473368 0.210522 9.9991E-05 0.11352 0.0100756 0.618446
9.9982E-05 0.107861 0.117116 0.326344 9.9982E-05 0.448479
9.9982E-05 0.206344 9.9982E-05 0.0412039 0.13435 0.617903
9.9982E-05 0.0429761 9.9982E-05 0.651638 0.00528068 0.299906
9.9991E-05 0.0507384 0.0220268 0.23543 0.0252589 0.666446
0.0139196 9.9982E-05 9.9982E-05 0.328351 0.172028 0.485502
9.9973E-05 0.292878 9.9973E-05 0.63325 0.073572 9.9973E-05
0.409198 0.131391 9.9982E-05 0.293294 9.9982E-05 0.165917
0.209361 0.467189 0.0385618 0.184444 9.9991E-05 0.100345
0.118447 0.0291004 0.0360523 0.111862 0.160721 0.543817
0.163126 0.0409373 0.00963444 9.9991E-05 0.0820323 0.70417
0.0981607 0.120228 0.104594 0.133173 0.0446973 0.499147
0.302579 0.16686 0.029026 0.235928 0.0740455 0.191561
0.170831 0.0443975 0.00280842 0.151394 0.0135014 0.617067
0.0789078 0.0466575 0.133299 0.112401 0.0678644 0.56087
0.215727 0.0859207 9.9991E-05 0.171962 0.140601 0.385689
0.346901 0.213248 0.041746 0.124557 0.191408 0.0821406
0.178881 9.9991E-05 0.0239278 0.0946296 0.0640703 0.638392
0.276863 0.0829335 0.0549008 0.0792537 0.071893 0.434156
0.445982 0.151745 9.9991E-05 0.275157 0.0783227 0.0486933
0.209568 0.0798228 0.0136954 0.158888 9.9991E-05 0.537926
0.0868538 0.0682925 0.100309 0.154273 0.0383679 0.551903
0.0824293 0.192678 9.9991E-05 0.0847963 0.0717805 0.568216
0.28109 0.132838 0.0436582 0.226178 9.9991E-05 0.316137
0.160197 0.132432 0.0469892 0.148191 0.0160924 0.496098
0.166343 9.9991E-05 0.0552453 0.110186 0.113486 0.55464
0.344542 0.206228 9.9991E-05 0.203999 0.0232462 0.221884
0.0477349 9.9973E-05 9.9973E-05 0.456243 9.9973E-05 0.495722
0.0620106 9.9991E-05 0.028159 0.733206 0.0470854 0.129439
0.0379838 9.9991E-05 0.0992523 0.236769 0.124662 0.501233
9.9964E-05 0.146723 9.9964E-05 0.852878 9.9964E-05 9.9964E-05
0.0147954 0.160846 9.9973E-05 0.824059 9.9973E-05 9.9973E-05
9.9973E-05 0.00826586 9.9973E-05 0.800707 9.9973E-05 0.190727
0.0566798 9.9991E-05 0.0320054 0.448339 0.0457743 0.417102
0.00667057 0.0431302 0.10566 0.302172 0.138527 0.40384
0.00393938 9.9991E-05 0.0844886 0.510466 0.0445764 0.356429
0.137072 9.9991E-05 0.0837713 0.685044 0.0143036 0.0797086
0.275887 9.9991E-05 0.0262377 0.522654 0.0172603 0.157861
0.0357257 0.0677555 0.0626307 0.208828 0.0934435 0.531617
0.0237891 9.9991E-05 0.0291581 0.598562 0.0902613 0.258129
0.0818584 0.00196852 9.9991E-05 0.463876 0.0839074 0.36829
9.9973E-05 0.0199521 9.9973E-05 0.586174 9.9973E-05 0.393574
9.9964E-05 0.277727 9.9964E-05 0.721873 9.9964E-05 9.9964E-05
0.0488013 0.0693399 9.9991E-05 0.269357 0.0781248 0.534277
0.00158518 9.9991E-05 0.0179803 0.0298662 0.832236 0.118233
9.9964E-05 9.9964E-05 9.9964E-05 9.9964E-05 0.918152 0.0814478
9.9973E-05 9.9973E-05 0.0714099 9.9973E-05 0.84522 0.0830702
9.9991E-05 0.00956956 0.0215732 0.0541903 0.86526 0.0493067
9.9973E-05 9.9973E-05 0.00373994 9.9973E-05 0.8704 0.12556
0.00772215 0.023266 0.0446181 9.9991E-05 0.872534 0.0517592
9.9982E-05 0.00711532 0.00643479 9.9982E-05 0.945378 0.0408722
0.0825487 9.9991E-05 0.110535 0.312415 0.0195884 0.474813
0.114052 0.02037 0.0930371 0.116472 0.111854 0.544215
0.127094 0.0321551 9.9991E-05 0.788616 0.05164 0.000394887
0.0567008 0.0444589 0.151586 0.156623 0.14326 0.447372
0.0753109 0.0271377 9.9991E-05 0.416595 0.0416907 0.439165
9.9973E-05 9.9973E-05 9.9973E-05 0.37145 0.0559189 0.572331
9.9982E-05 0.146502 9.9982E-05 0.304568 0.0258996 0.52283
9.9973E-05 9.9973E-05 0.115276 0.478206 9.9973E-05 0.406218
0.187881 0.0265885 9.9982E-05 0.743092 0.0422378 9.9982E-05
0.103804 0.055491 0.0175321 0.170374 0.17836 0.474439
9.9973E-05 9.9973E-05 9.9973E-05 0.149424 0.140088 0.710187
0.0583012 0.0443372 0.0517171 0.0472994 0.102879 0.695466
9.9991E-05 0.222006 0.0247055 0.446586 0.0404747 0.266128
9.9982E-05 0.0562396 9.9982E-05 0.37622 0.00393781 0.563403
0.112843 0.0635718 9.9991E-05 0.380358 0.00624387 0.436884
9.9973E-05 9.9973E-05 0.0635927 0.633507 9.9973E-05 0.3026
0.157663 9.9982E-05 9.9982E-05 0.321236 0.065429 0.455471
0.0822528 9.9991E-05 0.0820388 0.346365 0.0597088 0.429535
0.300368 0.220809 0.0502702 0.135284 0.0818611 0.211408
0.253439 0.0985973 0.0730471 9.9991E-05 0.138899 0.435918
0.178978 0.0915521 0.0736681 0.0105855 0.109939 0.535278
0.0640979 0.0190426 0.0927611 0.173557 0.158692 0.49185
0.309933 0.0530294 9.9991E-05 0.00794894 0.0217411 0.607248
0.215671 0.0823313 9.9991E-05 0.0274217 0.0281306 0.646346
0.435101 0.0549721 0.0364006 9.9991E-05 0.00712887 0.466298
0.0941539 0.174361 9.9991E-05 0.0822973 0.137007 0.512081
0.113399 0.0814113 9.9991E-05 0.0922576 0.0613968 0.651435
0.0967824 0.0386046 0.00533385 0.120447 0.0691634 0.669668
0.36829 0.0461743 9.9982E-05 0.0832576 9.9982E-05 0.502078
0.133739 0.118345 0.034807 9.9991E-05 0.0247213 0.688288
0.0640093 0.072646 0.00643097 0.13533 0.043679 0.677905
0.250917 9.9982E-05 0.150015 0.186361 9.9982E-05 0.412507
0.0541668 0.258471 0.134322 9.9991E-05 0.0399141 0.513027
0.149091 0.0833294 0.0329952 0.0917508 0.0117156 0.631118
0.200477 0.22398 0.0069636 9.9991E-05 0.0994513 0.469028
0.179543 0.0347056 0.0765487 0.0833014 9.9991E-05 0.625801
0.19055 0.100536 0.0361077 9.9991E-05 0.0586411 0.614065
0.333416 0.122608 0.105928 0.248603 9.9991E-05 0.189344
0.314377 0.379388 9.9991E-05 0.0540116 0.0174413 0.234682
0.155774 0.0903365 0.0868236 0.0955866 0.032271 0.539208
0.29505 0.405583 0.0267509 0.154423 9.9991E-05 0.118093
0.447393 0.04046 0.0113683 0.174301 0.0147508 0.311727
0.278932 0.0207647 9.9982E-05 0.225329 9.9982E-05 0.474775
0.364129 9.9982E-05 9.9982E-05 0.246635 0.0449159 0.34412
0.478405 0.0134472 0.0444033 0.144377 9.9991E-05 0.319268
0.110356 0.00752188 0.0314227 0.114528 0.0995333 0.636638
0.0692605 0.021288 9.9991E-05 0.132226 0.123911 0.653215
0.192008 9.9991E-05 0.0223035 0.164828 0.079066 0.541695
0.357987 0.320368 0.0383707 0.080715 0.0151333 0.187426
0.106532 0.177063 0.0494439 0.0303989 0.121956 0.514607
0.116497 0.215004 0.101413 0.13212 0.0273395 0.407626
0.170981 0.523058 9.9991E-05 0.0933153 0.130029 0.082516
9.9991E-05 0.0765663 0.0589277 0.138644 0.133158 0.592604
9.9991E-05 0.305481 0.00467776 0.161808 0.136345 0.391588
0.00844511 0.231434 0.0797598 0.152393 0.0583468 0.469622
0.0773331 0.425314 0.0285337 0.110333 0.100512 0.257974
0.152405 0.482407 9.9991E-05 0.0938768 0.0273304 0.243881
0.174558 0.313958 9.9991E-05 0.0754538 0.0303352 0.405595
0.0546949 0.216689 0.197978 0.0407642 0.0100906 0.479784
0.0593748 0.174192 0.12378 0.197604 0.114769 0.33028
0.0880285 0.443962 0.179174 0.234877 0.0538591 9.9991E-05
0.0459712 0.111041 0.0861333 9.9991E-05 0.156538 0.600217
0.157269 0.314382 9.9982E-05 0.0770472 9.9982E-05 0.451102
0.145269 0.220001 9.9982E-05 0.171107 9.9982E-05 0.463423
0.0277511 0.132017 0.0116005 0.1018 0.123558 0.603273
9.9982E-05 0.28817 0.269498 9.9982E-05 0.31464 0.127492
9.9973E-05 0.334557 0.149532 9.9973E-05 0.515611 9.9973E-05
9.9973E-05 0.421535 0.152879 9.9973E-05 0.425286 9.9973E-05
0.00136712 0.234382 0.374794 9.9991E-05 0.358432 0.0309247
9.9973E-05 0.260272 9.9973E-05 0.0934613 9.9973E-05 0.645967
0.0675774 0.0999114 9.9991E-05 0.130437 0.0579163 0.644058
0.0143272 9.9982E-05 0.725166 0.0421687 9.9982E-05 0.218139
0.158718 9.9991E-05 0.421314 0.112461 0.0223551 0.285052
0.0200662 9.9991E-05 0.402034 0.0700939 0.117219 0.390487
0.0345107 0.551608 9.9982E-05 0.0519328 9.9982E-05 0.361749
0.0368301 0.172594 0.0522558 0.0994499 0.0564068 0.582464
9.9982E-05 0.690976 0.0183483 0.0574086 9.9982E-05 0.233068
0.0287957 0.285398 9.9982E-05 0.015368 9.9982E-05 0.670238
0.0168704 0.352945 0.0260166 0.0885388 0.0141323 0.501497
0.00442263 0.28488 0.0465464 0.0780173 0.00938652 0.576747
0.052847 0.623825 9.9991E-05 0.0128434 0.0064849 0.303899
0.0189834 0.145041 0.0811241 0.0982487 0.0173771 0.639226
0.0814771 0.182102 0.203826 0.0723691 9.9991E-05 0.460125
9.9973E-05 0.00885887 0.943948 9.9973E-05 9.9973E-05 0.0468933
0.00516736 9.9982E-05 0.902214 0.00895808 9.9982E-05 0.0834601
0.00372417 9.9991E-05 0.648785 0.062601 0.0441024 0.240688
0.0483672 9.9973E-05 0.703427 9.9973E-05 9.9973E-05 0.247906
0.0109926 9.9973E-05 0.860304 0.128404 9.9973E-05 9.9973E-05
9.996E-05 9.996E-05 0.9995 9.996E-05 9.996E-05 9.996E-05
0.0707474 9.9964E-05 0.928853 9.9964E-05 9.9964E-05 9.9964E-05
9.9964E-05 9.9964E-05 0.841457 9.9964E-05 9.9964E-05 0.158143
0.0360629 9.9973E-05 0.921632 9.9973E-05 9.9973E-05 0.0420055
9.996E-05 9.996E-05 0.9995 9.996E-05 9.996E-05 9.996E-05
9.9964E-05 9.9964E-05 0.988509 9.9964E-05 0.0110913 9.9964E-05
0.003324 9.9982E-05 0.727862 9.9982E-05 0.0557499 0.212865
0.0236131 9.9991E-05 0.800142 0.0161002 0.0764562 0.0835885
9.9964E-05 9.9964E-05 0.980934 0.0186666 9.9964E-05 9.9964E-05
0.0830123 9.9991E-05 0.462209 0.0758748 0.083691 0.295113
0.109086 9.9982E-05 0.696804 0.0990205 9.9982E-05 0.0948897
0.0673784 9.9982E-05 0.738171 9.9982E-05 0.032706 0.161544
0.0519457 9.9982E-05 0.90321 9.9982E-05 0.0101011 0.0345433
9.9964E-05 9.9964E-05 0.979715 0.0198855 9.9964E-05 9.9964E-05
9.9964E-05 9.9964E-05 0.91659 9.9964E-05 0.0830099 9.9964E-05
9.996E-05 9.996E-05 0.9995 9.996E-05 9.996E-05 9.996E-05
0.0506875 0.0710823 0.649896 9.9991E-05 0.0278516 0.200383
9.9973E-05 9.9973E-05 0.871316 0.0662615 9.9973E-05 0.0621223
9.9973E-05 0.610104 0.0440632 9.9973E-05 0.345533 9.9973E-05
0.125806 0.152697 0.0120405 9.9991E-05 0.234338 0.475018
0.0151342 0.243993 0.0514399 0.0441335 0.216377 0.428922
0.00570219 0.445936 0.145061 9.9991E-05 0.237485 0.165715
0.0697736 0.137893 0.142743 9.9991E-05 0.143826 0.505665
9.9982E-05 0.443047 0.146673 9.9982E-05 0.218792 0.191288
0.0865592 0.183679 0.111266 0.0309765 0.161407 0.426111
9.9982E-05 0.396095 0.158109 9.9982E-05 0.144827 0.300769
9.9991E-05 0.239093 0.275517 0.0494454 0.0982768 0.337568
9.9982E-05 0.293483 0.204039 9.9982E-05 0.133376 0.368903
9.9991E-05 0.178493 0.140202 0.0606851 0.190651 0.42987
0.0771307 0.0362542 9.9982E-05 9.9982E-05 0.808999 0.0774162
9.9973E-05 9.9973E-05 0.0744163 0.0106661 0.914618 9.9973E-05
0.0230975 9.9973E-05 9.9973E-05 9.9973E-05 0.964949 0.0116535
0.0304342 9.9973E-05 9.9973E-05 9.9973E-05 0.933939 0.0353266
0.0837659 0.00863729 0.0165661 9.9982E-05 0.890831 9.9982E-05
9.9973E-05 0.0149098 0.0826457 9.9973E-05 0.902145 9.9973E-05
9.9973E-05 9.9973E-05 0.0755987 9.9973E-05 0.890609 0.0334925
9.9982E-05 0.068115 0.0163175 0.0234735 0.891894 9.9982E-05
9.9982E-05 9.9982E-05 0.0200507 0.0170583 0.902166 0.0605246
0.0160041 0.0372283 0.0998113 9.9982E-05 0.846756 9.9982E-05
0.236417 0.00548005 0.0206405 0.128474 0.608889 9.9991E-05
0.324495 9.9973E-05 9.9973E-05 0.0613793 0.613825 9.9973E-05
0.325415 0.114592 9.9982E-05 0.0451648 0.514628 9.9982E-05
0.289084 0.0224153 9.9982E-05 0.192223 0.496078 9.9982E-05
0.216267 0.0373435 9.9982E-05 0.260142 9.9982E-05 0.486048
0.0755815 0.102477 9.9991E-05 0.276898 0.0416924 0.503251
0.263196 0.00330295 0.0721883 0.12437 0.0216359 0.515307
0.293533 9.9982E-05 9.9982E-05 0.191839 0.0637884 0.45064
0.604176 9.9982E-05 0.0674367 0.196003 9.9982E-05 0.132183
9.9991E-05 0.104456 0.0488785 0.243152 0.0206479 0.582766
0.040977 0.0335311 0.0399587 0.305616 9.9991E-05 0.579817
0.154792 0.0218004 9.9982E-05 0.244135 9.9982E-05 0.579072
0.0132466 0.0600754 0.0368806 0.514397 9.9991E-05 0.3753
0.150913 0.0275144 0.0346716 0.146106 0.0192256 0.621569
0.10716 0.0272405 9.9991E-05 0.41563 0.0269109 0.422959
0.123205 0.150847 9.9973E-05 0.725648 9.9973E-05 9.9973E-05
0.129902 0.102765 9.9991E-05 0.178931 0.0299621 0.558339
9.9982E-05 0.206023 0.00218589 0.476375 9.9982E-05 0.315216
0.021307 0.0857094 9.9991E-05 0.31473 0.0192602 0.558894
0.186141 9.9982E-05 9.9982E-05 0.720607 0.00920095 0.0838513
0.76699 0.126453 9.9973E-05 9.9973E-05 0.106257 9.9973E-05
0.686641 0.130327 9.9982E-05 9.9982E-05 0.102122 0.0807103
0.833022 0.0754619 9.9982E-05 9.9982E-05 0.0390898 0.0522264
0.763977 0.143754 9.9982E-05 0.00582185 0.086248 9.9982E-05
0.741336 0.134483 9.9982E-05 9.9982E-05 0.00950505 0.114477
0.726987 0.0743885 0.017997 9.9991E-05 0.061714 0.118814
0.00792187 9.9991E-05 0.0766242 0.0385115 0.85315 0.0236924
0.079692 9.9982E-05 0.0767911 9.9982E-05 0.802883 0.0404345
9.9982E-05 0.0212807 0.0773495 9.9982E-05 0.781298 0.119872
0.055996 9.9991E-05 0.099898 0.0363148 0.772794 0.0348972
0.0338043 9.9991E-05 0.10725 0.00480653 0.792485 0.0615547
0.54453 0.0853635 9.9982E-05 0.00425251 0.365654 9.9982E-05
0.411177 0.0878433 9.9982E-05 0.00727157 0.493508 9.9982E-05
0.44795 0.0416775 9.9982E-05 0.0727792 0.437394 9.9982E-05
0.0203236 9.9982E-05 0.0377828 9.9982E-05 0.802935 0.138758
0.450552 0.0886291 9.9982E-05 0.0932926 0.367326 9.9982E-05
9.9982E-05 0.114438 0.369791 9.9982E-05 0.195674 0.319898
0.0342531 9.9991E-05 0.189563 0.0645628 0.156051 0.55547
9.9973E-05 9.9973E-05 0.278572 9.9973E-05 0.172033 0.549095
9.9991E-05 0.0854456 0.150596 0.100833 0.270585 0.39244
0.0471158 9.9991E-05 0.109102 0.0239229 0.257557 0.562202
9.9982E-05 0.249158 0.2864 9.9982E-05 0.439219 0.0250236
0.322755 0.0390181 9.9982E-05 0.145774 9.9982E-05 0.492253
0.218459 0.283895 9.9991E-05 0.116043 0.00132469 0.380178
0.554855 0.0265406 0.0404468 9.9991E-05 0.0690775 0.30898
0.14091 0.232197 9.9982E-05 0.0891927 9.9982E-05 0.5375
0.161294 0.623728 9.9973E-05 0.214679 9.9973E-05 9.9973E-05
0.252524 0.112038 0.0477378 9.9991E-05 0.0259837 0.561616
0.1805 0.13512 0.0264088 0.111674 0.0113197 0.534977
0.408108 9.9982E-05 9.9982E-05 0.187997 0.0626572 0.341038
0.11988 0.173224 0.0541392 0.072048 0.0647617 0.515948
0.152884 0.430471 9.9982E-05 0.231855 9.9982E-05 0.18459
0.163191 0.197248 0.0576363 0.11971 9.9991E-05 0.462114
0.263953 0.00955892 0.069288 0.138193 0.00151636 0.517491
0.0134623 0.155242 0.198982 0.066417 0.173356 0.392541
0.285675 0.240646 9.9982E-05 0.0428371 9.9982E-05 0.430642
0.241861 0.100757 9.9991E-05 0.13566 0.0156448 0.505977
0.0651667 0.224978 0.0538156 0.118021 0.0136463 0.524373
0.181656 0.0934066 9.9991E-05 0.0905087 0.0536187 0.58071
0.132687 9.9991E-05 0.122854 0.138947 0.0121238 0.593288
0.0862832 0.0127951 0.0519961 0.183709 0.128904 0.536313
0.183726 0.0142405 0.105662 0.129118 0.0732432 0.49401
9.9973E-05 9.9973E-05 0.107681 9.9973E-05 0.776557 0.115462
9.9982E-05 9.9982E-05 0.0616194 0.0633868 0.844336 0.0304578
0.0777122 0.0587069 9.9991E-05 0.0310992 0.7576 0.0747821
0.0330865 9.9982E-05 0.0599031 0.120638 0.786172 9.9982E-05
9.9973E-05 9.9973E-05 0.0154585 9.9973E-05 0.877222 0.107019
0.569963 0.0716743 0.0955187 0.113127 9.9991E-05 0.149617
0.0572165 0.163124 0.104861 0.131357 0.0405534 0.502888
9.9991E-05 0.123941 0.194561 0.140644 0.169951 0.370803
0.132525 0.0354392 0.151166 0.17727 9.9991E-05 0.5035
0.248892 9.9982E-05 9.9982E-05 0.156822 0.0631694 0.530916
0.367032 0.172365 0.0449365 0.106415 9.9991E-05 0.309152
0.657195 0.0715778 9.9991E-05 0.161018 0.105256 0.00485271
0.303926 9.9991E-05 0.0419973 0.124908 0.0365629 0.492506
0.506347 0.129943 0.0741129 0.0811925 0.0627006 0.145703
0.219785 0.140769 0.098836 0.162123 0.060292 0.318196
0.468015 0.134177 0.00739025 0.110368 0.138578 0.141471
0.232879 0.0252948 0.0904232 0.067068 0.0626234 0.521712
0.512149 0.0626976 0.0179181 0.142025 0.0518795 0.21333
0.303826 0.249036 9.9982E-05 9.9982E-05 0.0277037 0.419234
0.0640329 0.312818 0.0343915 0.02861 0.0638438 0.496304
0.149726 0.506215 9.9973E-05 9.9973E-05 9.9973E-05 0.343759
0.018605 0.27461 9.9991E-05 0.0509555 0.0634836 0.592246
0.0782844 0.221852 9.9991E-05 0.0219077 0.152793 0.525063
0.101633 0.466498 9.9982E-05 0.0332557 9.9982E-05 0.398413
0.0352686 0.211734 0.0144133 9.9991E-05 0.132342 0.606142
0.0791108 0.295121 9.9991E-05 0.075198 0.0103227 0.540148
0.104435 0.698018 9.9982E-05 0.116549 9.9982E-05 0.0807987
0.0273779 0.626107 9.9973E-05 9.9973E-05 9.9973E-05 0.346215
0.0620944 0.385561 9.9973E-05 9.9973E-05 9.9973E-05 0.552045
0.0989085 0.510997 9.9982E-05 0.218916 9.9982E-05 0.170979
0.133068 0.302711 9.9982E-05 0.0634137 9.9982E-05 0.500607
0.590234 0.0423515 0.0365277 0.279868 9.9991E-05 0.0509195
0.308716 0.294033 9.9982E-05 0.123603 9.9982E-05 0.273448
0.45927 9.9982E-05 0.139493 0.080134 9.9982E-05 0.320903
0.216139 0.0625093 0.0979814 0.0891881 9.9991E-05 0.534082
0.466734 0.00928785 0.0191932 0.230817 9.9991E-05 0.273868
0.123156 0.158715 0.0664736 0.0278836 0.0375432 0.586228
0.195852 9.9991E-05 0.0556843 0.00417582 0.115351 0.628838
0.232694 0.0470155 0.108641 0.118562 9.9991E-05 0.492987
0.316102 0.064204 0.176768 0.052966 9.9991E-05 0.38986
0.294004 0.0680796 0.0244321 0.0802257 0.0221148 0.511144
0.472628 9.9982E-05 0.0652841 0.200665 9.9982E-05 0.261223
0.361499 0.0848503 0.0982611 0.078113 9.9991E-05 0.377176
0.235015 0.025081 0.04116 0.0252617 9.9991E-05 0.673382
0.201618 0.0571279 0.104481 0.0958395 9.9991E-05 0.540834
0.225944 0.181919 9.9991E-05 0.0687634 0.0455338 0.47774
0.226217 0.121655 0.0993586 0.0334269 9.9991E-05 0.519242
0.404215 9.9982E-05 9.9982E-05 0.0156724 0.131961 0.447952
0.190818 0.0285034 0.047537 0.138139 9.9991E-05 0.594902
0.275405 0.0130616 0.121601 0.0749741 9.9991E-05 0.514859
0.191481 0.0920206 0.132238 9.9991E-05 0.039228 0.544932
9.9991E-05 0.0147198 0.0797728 0.0648668 0.372463 0.468077
9.9991E-05 0.109887 0.260298 0.0788143 0.142549 0.408352
0.0623434 0.0867744 0.101153 0.0642425 0.112877 0.572609
0.030639 0.133159 0.0957666 0.10423 0.0811881 0.555018
9.9991E-05 0.00270706 0.213391 0.105913 0.250772 0.427117
0.129995 0.31227 0.00335476 0.0518597 9.9991E-05 0.50242
0.137339 0.0342377 0.204038 0.0640457 0.144521 0.415819
9.9991E-05 0.446251 0.119125 0.100832 0.248182 0.0855104
0.159382 0.0692558 0.201073 0.010723 0.0793477 0.480218
9.9991E-05 0.0824988 0.264182 0.0996413 0.0861455 0.467432
0.0511482 0.114361 0.231984 0.00660782 0.0747726 0.521127
0.0557294 0.290606 0.0990474 0.102851 0.187573 0.264194
0.0527707 0.0135532 0.183716 0.0550411 0.181934 0.512985
9.9982E-05 0.0801194 0.193137 9.9982E-05 0.161476 0.565068
9.9973E-05 0.326176 0.211806 9.9973E-05 0.461717 9.9973E-05
0.130534 0.0444925 0.283621 9.9991E-05 0.147704 0.393549
0.0544406 0.156079 0.229137 9.9991E-05 0.100273 0.45997
0.0820099 0.0554939 0.183325 0.0244455 0.0874655 0.56726
9.9982E-05 0.0788207 0.165924 9.9982E-05 0.211638 0.543417
0.100837 0.05656 0.184567 0.0230847 0.180224 0.454728
0.0675786 0.254307 0.0541572 0.154056 0.0127338 0.457167
0.103847 0.19305 0.050083 9.9991E-05 0.0885547 0.564365
0.0806104 0.601705 9.9982E-05 0.261418 9.9982E-05 0.0560667
0.0444726 0.695696 9.9982E-05 0.186389 9.9982E-05 0.0732417
0.0857453 0.153555 0.0983997 0.156902 0.0522223 0.453176
9.9982E-05 0.15682 0.292342 9.9982E-05 0.101986 0.448652
9.9982E-05 0.225596 0.372795 9.9982E-05 0.0836462 0.317764
9.9991E-05 0.323993 0.309744 0.0516094 0.194561 0.119993
9.9982E-05 0.207636 0.285159 9.9982E-05 0.176806 0.330199
9.9982E-05 0.712633 0.0876361 9.9982E-05 0.0353216 0.164209
9.9982E-05 0.60432 0.0868051 9.9982E-05 0.0601348 0.248541
9.9991E-05 0.217296 0.0543381 0.0237072 0.048341 0.656218
9.9991E-05 0.237685 0.16765 0.125109 0.0545249 0.414931
0.0293993 0.523348 0.0814882 0.0235332 0.053531 0.2887
9.9991E-05 0.207251 0.0633212 0.100386 0.113068 0.515874
9.9982E-05 0.262457 0.0783672 9.9982E-05 0.0549559 0.60402
0.174462 0.121534 0.158738 0.0238792 0.0876752 0.433712
0.0834842 0.395172 9.9991E-05 0.143398 0.00362542 0.37422
0.0840999 0.349191 0.0283944 0.126366 9.9991E-05 0.411849
0.0571412 0.133133 9.9991E-05 0.172549 0.0803787 0.556698
0.0695402 0.270439 0.0815931 0.130528 0.0820307 0.365868
0.041118 0.245773 0.0583758 0.0786679 0.094595 0.48147
9.9964E-05 0.455633 9.9964E-05 9.9964E-05 9.9964E-05 0.543967
0.0932055 0.571748 9.9982E-05 0.0227388 9.9982E-05 0.312108
9.9982E-05 0.197225 0.0406298 0.146876 9.9982E-05 0.615069
0.0278113 0.537278 9.9982E-05 0.209031 9.9982E-05 0.225679
0.0111661 0.469189 9.9982E-05 0.0206798 9.9982E-05 0.498765
0.00536778 0.259225 0.027896 0.0533326 0.0882789 0.565899
0.0933067 0.29174 0.0849066 0.144645 9.9991E-05 0.385302
9.9982E-05 0.225347 0.210238 9.9982E-05 0.12461 0.439606
0.0148849 0.275957 0.157565 0.0269566 0.0380922 0.486545
0.0727625 0.185876 0.309066 9.9991E-05 0.129122 0.303074
0.140252 0.180139 0.222053 9.9991E-05 0.0936158 0.36384
0.0987734 9.9991E-05 0.261006 0.113514 0.152897 0.37371
0.0212732 0.195376 0.16962 0.00345237 0.142064 0.468215
0.00241273 0.682115 0.17531 9.9982E-05 0.139962 9.9982E-05
0.00994788 0.10251 0.157221 9.9991E-05 0.113787 0.616434
9.9973E-05 0.522824 0.124897 9.9973E-05 0.351979 9.9973E-05
9.9991E-05 0.129444 0.161454 0.0433836 0.0636832 0.601936
9.9973E-05 0.574001 9.9973E-05 0.272041 9.9973E-05 0.153658
0.0290519 0.670872 9.9982E-05 0.278317 9.9982E-05 0.0215593
9.9973E-05 0.350999 9.9973E-05 0.144446 9.9973E-05 0.504255
9.9982E-05 0.308837 9.9982E-05 0.0348192 0.0147185 0.641425
9.9973E-05 0.40284 9.9973E-05 0.167021 9.9973E-05 0.429839
0.00262525 0.322825 0.0111712 0.1875 9.9991E-05 0.475778
0.0157773 0.337869 0.0171159 0.0783571 9.9991E-05 0.55078
9.9982E-05 0.074136 0.00722644 9.9982E-05 0.801612 0.116826
0.170698 9.9973E-05 0.112681 9.9973E-05 0.716321 9.9973E-05
0.0602543 9.9973E-05 0.0745262 9.9973E-05 0.86492 9.9973E-05
9.9964E-05 9.9964E-05 9.9964E-05 9.9964E-05 0.924581 0.0750194
0.0267713 0.0129981 0.0246607 0.412928 0.0832487 0.439393
9.9982E-05 9.9982E-05 0.105655 0.477103 0.0284207 0.388622
0.0436882 9.9973E-05 9.9973E-05 0.460566 9.9973E-05 0.495446
9.9982E-05 9.9982E-05 0.040647 0.24046 0.137551 0.581142
0.0421873 0.16469 0.0912143 0.181343 0.0195935 0.500972
0.142606 0.0543066 0.0112551 0.564259 0.00852793 0.219046
9.9973E-05 9.9973E-05 0.0757835 0.399585 9.9973E-05 0.524332
9.9973E-05 0.252742 9.9973E-05 0.421967 9.9973E-05 0.324992
0.0497017 9.9991E-05 0.202814 0.019785 0.213959 0.513641
0.0137199 0.10948 0.0760821 0.408083 9.9991E-05 0.392534
0.0670375 9.9991E-05 0.00506178 0.622969 0.00859834 0.296233
0.0353564 9.9982E-05 9.9982E-05 0.387319 0.00870681 0.568418
0.0351851 0.0578721 0.0124904 0.550701 9.9991E-05 0.343651
9.9982E-05 9.9982E-05 0.020146 0.413486 0.037803 0.528365
0.0763771 9.9991E-05 0.029739 0.308933 0.0556499 0.529201
9.9973E-05 0.0425061 9.9973E-05 0.904408 9.9973E-05 0.052786
9.9982E-05 0.145032 0.0485119 0.64374 9.9982E-05 0.162517
0.105777 0.0336387 9.9991E-05 0.583682 0.0274429 0.249359
9.9964E-05 0.227879 9.9964E-05 0.771722 9.9964E-05 9.9964E-05
0.161392 9.9991E-05 0.00584128 0.39188 0.0359192 0.404867
9.9973E-05 0.312614 9.9973E-05 0.59337 9.9973E-05 0.0937157
9.9964E-05 0.369602 9.9964E-05 0.629998 9.9964E-05 9.9964E-05
9.9991E-05 0.0976561 0.0208188 0.284885 0.0454105 0.551129
0.146001 9.9982E-05 9.9982E-05 0.613756 0.0596963 0.180347
0.0826298 9.9991E-05 0.0680066 0.404709 0.0492441 0.39531
9.9991E-05 0.0397186 0.202751 0.214373 0.0748239 0.468233
0.00238588 9.9991E-05 0.0202823 0.409186 0.0557186 0.512327
0.219099 0.250224 0.018093 0.0364849 9.9991E-05 0.475999
0.0342165 0.0358807 0.0452743 0.32564 9.9991E-05 0.558888
0.125379 9.9982E-05 9.9982E-05 0.343631 0.0693713 0.461419
0.0271525 0.0449412 9.9982E-05 0.684093 9.9982E-05 0.243613
0.0299735 9.9982E-05 9.9982E-05 0.349252 0.128616 0.491959
0.267714 0.0555876 0.0141978 0.0432089 0.619192 9.9991E-05
0.138222 0.00466563 0.0212116 0.103301 0.732499 9.9991E-05
0.133969 0.0570737 9.9973E-05 9.9973E-05 0.808657 9.9973E-05
0.155089 9.9973E-05 9.9973E-05 0.0413389 0.803273 9.9973E-05
0.228729 9.9973E-05 9.9973E-05 9.9973E-05 0.718353 0.0526176
0.0661966 9.9991E-05 0.00781676 0.708047 0.0865576 0.131282
0.11971 0.0384592 9.9991E-05 0.700538 0.0539746 0.0872181
9.9982E-05 0.0544988 0.0457595 0.844895 9.9982E-05 0.0546472
0.0238765 0.135955 0.0803255 0.0617129 0.121522 0.576609
0.118986 0.0851136 0.0284021 0.126686 0.0998859 0.540926
9.9991E-05 0.142853 0.0109719 0.48597 0.0623466 0.297759
0.0133467 9.9982E-05 0.105496 0.370523 9.9982E-05 0.510434
9.9991E-05 0.0974356 0.0865734 0.465359 0.0369525 0.313579
0.0508879 0.147426 9.9982E-05 0.260445 9.9982E-05 0.541041
0.0466871 0.0779455 0.132905 0.227678 0.0502591 0.464525
0.152135 9.9982E-05 0.0333699 0.588832 9.9982E-05 0.225463
0.0742436 9.9982E-05 9.9982E-05 0.551329 0.0090262 0.365201
0.132633 9.9973E-05 9.9973E-05 0.569531 9.9973E-05 0.297536
0.0467229 0.137857 9.9982E-05 9.9982E-05 0.100118 0.715103
0.0111678 9.9982E-05 9.9982E-05 0.592441 0.0249676 0.371224
0.0535569 0.0626237 0.0742738 0.408379 9.9991E-05 0.401067
0.131584 0.0210398 0.495403 9.9991E-05 0.0310191 0.320854
9.9982E-05 0.0954996 0.435457 9.9982E-05 0.121132 0.347712
9.9982E-05 0.0300982 0.500478 9.9982E-05 0.103422 0.365802
9.9982E-05 0.0694833 0.530121 9.9982E-05 0.145404 0.254791
9.9982E-05 0.147062 0.372732 9.9982E-05 0.101362 0.378644
9.9991E-05 0.0932293 0.0812303 0.346119 0.0549589 0.424362
9.9982E-05 0.0175405 0.664676 9.9982E-05 0.314588 0.00299517
9.9991E-05 0.0123057 0.458185 0.0702842 0.146754 0.312371
0.0142872 0.211017 0.156779 0.146039 0.0806086 0.391269
0.00430752 0.187003 9.9982E-05 9.9982E-05 0.208506 0.599984
0.133431 0.226258 0.022194 0.0796386 0.110717 0.427761
0.112914 0.0816713 0.0384797 0.110286 0.0896681 0.56698
9.9991E-05 0.0886275 0.0100376 0.111007 0.119372 0.670855
9.9973E-05 9.9973E-05 0.394503 9.9973E-05 0.199708 0.405489
0.0893758 0.0763237 0.408916 9.9991E-05 0.0528442 0.37244
9.9982E-05 0.0145175 0.512712 9.9982E-05 0.0480336 0.424537
0.0739103 0.0477989 0.285926 0.151501 0.0727378 0.368126
9.9991E-05 0.118297 0.566621 0.054685 0.072936 0.187361
0.00808843 0.0469928 0.368844 0.108459 0.151741 0.315875
0.0825559 0.00723274 0.6208 9.9991E-05 0.130358 0.158954
0.0658425 0.0481107 0.42439 9.9991E-05 0.0432123 0.418344
9.9991E-05 0.284247 0.00303505 0.0777134 0.0783612 0.556543
0.0438978 0.0986806 0.355106 9.9991E-05 0.165809 0.336406
9.9982E-05 0.0491227 0.62522 9.9982E-05 0.182599 0.142859
0.195935 9.9991E-05 0.485212 0.0813996 0.0416347 0.195719
0.282332 0.288487 9.9991E-05 0.023978 0.182118 0.222984
0.0990972 0.217 0.152097 9.9982E-05 9.9982E-05 0.531606
0.0416077 0.0313446 0.292464 0.082538 0.121945 0.430101
0.101457 0.0661721 9.9991E-05 0.0703174 0.105248 0.656706
0.0129946 0.201433 9.9991E-05 0.0810857 0.167175 0.537212
0.0177433 0.120318 0.279672 0.129075 0.169636 0.283555
9.9982E-05 0.203263 0.266955 9.9982E-05 0.161389 0.368194
0.0228389 9.9991E-05 0.1426 0.0927092 0.157772 0.58398
0.0361665 0.0611631 0.397611 0.0674907 0.0754054 0.362163
9.9982E-05 0.0460797 0.493465 9.9982E-05 0.0648684 0.395387
9.9982E-05 0.0877041 0.622663 9.9982E-05 0.169919 0.119514
0.0787018 0.177271 0.0470556 0.083713 0.145931 0.467327
0.127882 0.175927 9.9991E-05 0.0738828 0.11768 0.504528
0.00890032 0.616078 0.0735082 0.0500417 0.10501 0.146462
0.0863302 0.13037 0.0165303 0.00414682 0.135189 0.627433
0.189756 0.123331 9.9991E-05 0.0489444 0.168345 0.469523
9.9991E-05 0.10276 0.102624 0.123807 0.199475 0.471235
0.0475791 0.136448 9.9991E-05 0.036732 0.17193 0.60721
9.9973E-05 0.533692 0.195981 9.9973E-05 0.270027 9.9973E-05
9.9973E-05 0.552813 0.132779 9.9973E-05 0.314108 9.9973E-05
0.0482624 0.396949 0.0529791 9.9991E-05 0.14438 0.35733
9.9973E-05 0.459808 0.219706 9.9973E-05 0.320186 9.9973E-05
9.9973E-05 0.324926 0.262553 9.9973E-05 0.412221 9.9973E-05
0.00489821 0.310793 0.138617 0.0536171 0.136027 0.356047
9.9991E-05 0.224858 0.172194 0.0944266 0.184538 0.323883
0.00883331 0.230329 0.125855 0.0438636 0.335613 0.255506
9.9982E-05 0.383545 0.0885638 9.9982E-05 0.356267 0.171424
9.9991E-05 0.076162 0.0539081 0.0365791 0.197808 0.635443
9.9991E-05 0.372923 0.118931 0.101747 0.239605 0.166694
9.9973E-05 0.500853 0.0536495 9.9973E-05 0.445197 9.9973E-05
0.155862 9.9991E-05 0.276401 0.0337527 0.0771018 0.456782
0.0557274 0.241054 0.240926 9.9991E-05 0.138567 0.323625
0.071852 9.9982E-05 0.185602 9.9982E-05 0.277137 0.465208
9.9982E-05 9.9982E-05 0.348935 0.00758207 0.171611 0.471672
9.9982E-05 9.9982E-05 0.206823 0.132032 0.128552 0.532393
0.00580583 0.104237 0.222688 0.085182 0.192884 0.389202
0.0515967 9.9991E-05 0.260357 0.0142976 0.362388 0.31126
0.0586033 0.0479815 0.175948 9.9991E-05 0.189499 0.527868
9.9991E-05 0.000484514 0.294585 0.0862718 0.237911 0.380648
9.9991E-05 0.119986 0.24433 0.0733172 0.241749 0.320519
0.0755343 0.0753286 0.122704 0.25079 0.224578 0.251064
0.163315 0.00323024 0.116412 0.0868788 0.133962 0.496202
0.157468 0.00142271 0.156838 9.9991E-05 0.166902 0.51727
0.05618 0.0363659 0.0560074 0.0994543 0.150317 0.601675
9.9982E-05 0.0607498 0.257783 9.9982E-05 0.287875 0.393393
0.00869753 0.0685062 0.128562 0.0504607 0.25512 0.488654
9.9982E-05 0.20218 0.159827 9.9982E-05 0.392345 0.245448
0.132354 9.9982E-05 0.206121 9.9982E-05 0.180425 0.4809
9.9991E-05 0.129515 0.335355 0.106114 0.252576 0.176341
0.112839 0.0287204 0.0155814 0.0855678 0.757192 9.9991E-05
0.72951 0.0472962 9.9991E-05 0.019974 0.0678206 0.1353
0.9995 9.996E-05 9.996E-05 9.996E-05 9.996E-05 9.996E-05
0.964249 9.9964E-05 9.9964E-05 9.9964E-05 9.9964E-05 0.0353511
0.968567 9.9964E-05 9.9964E-05 9.9964E-05 9.9964E-05 0.0310333
0.932225 9.9973E-05 0.0374384 9.9973E-05 9.9973E-05 0.0300368
0.878623 9.9964E-05 9.9964E-05 9.9964E-05 9.9964E-05 0.120977
0.976459 0.00463717 9.9982E-05 0.0112802 0.00742367 9.9982E-05
0.829372 9.9973E-05 0.0278336 9.9973E-05 0.142494 9.9973E-05
0.0519307 9.9973E-05 9.9973E-05 9.9973E-05 0.91219 0.0355791
0.133281 9.9973E-05 9.9973E-05 9.9973E-05 0.801055 0.065364
9.9982E-05 0.0078482 0.0485722 9.9982E-05 0.892971 0.0504085
0.0627008 0.0720899 9.9982E-05 9.9982E-05 0.836237 0.0287721
0.0289636 9.9991E-05 0.0440746 0.0131809 0.88106 0.0326211
0.0476488 0.0585937 0.00314987 0.0163803 0.874127 9.9991E-05
0.0353305 0.0393714 0.18277 9.9982E-05 0.742328 9.9982E-05
9.9991E-05 0.0341201 0.0519877 0.0327199 0.865664 0.015408
0.106051 9.9991E-05 0.100544 0.0336151 0.71385 0.0458409
9.9973E-05 9.9973E-05 0.103605 0.0189052 0.87719 9.9973E-05
0.0336899 9.9982E-05 9.9982E-05 0.00106215 0.943918 0.0211303
0.0640329 9.9982E-05 0.00368755 9.9982E-05 0.849983 0.0820961
9.9982E-05 9.9982E-05 0.00385529 0.0015946 0.970241 0.0241091
9.9964E-05 9.9964E-05 9.9964E-05 9.9964E-05 0.905693 0.0939073
0.014699 9.9982E-05 0.00757244 9.9982E-05 0.878728 0.0988008
9.9973E-05 9.9973E-05 0.0372727 9.9973E-05 0.849799 0.112628
9.9973E-05 9.9973E-05 0.131905 9.9973E-05 0.759016 0.108779
9.9982E-05 9.9982E-05 0.0721112 0.00440563 0.77065 0.152633
9.9982E-05 9.9982E-05 0.0201198 0.0401658 0.798893 0.140621
0.0799327 0.258849 9.9991E-05 0.0652595 0.140752 0.455107
0.0123048 0.0865852 9.9991E-05 0.10321 0.0979577 0.699843
0.0546168 0.0196774 0.0783967 0.210445 0.0933891 0.543475
9.9991E-05 0.730864 0.00738412 0.0418913 0.0103437 0.209417
0.0840885 0.198934 9.9991E-05 0.00197614 0.112455 0.602446
9.9973E-05 0.68456 9.9973E-05 9.9973E-05 0.121416 0.193724
9.9982E-05 0.183665 0.0308835 9.9982E-05 0.137916 0.647335
0.165718 0.118931 9.9991E-05 0.18346 0.127524 0.404267
0.130005 0.122706 9.9991E-05 0.0854237 0.0831759 0.578589
0.00354236 9.9982E-05 9.9982E-05 0.37787 0.0664972 0.551891
0.0906776 0.357964 9.9991E-05 0.0206865 0.0347044 0.495867
0.0314901 0.166547 9.9982E-05 9.9982E-05 0.131482 0.670281
0.156837 0.138829 0.0689385 0.0146308 0.0914929 0.529271
0.435248 0.252959 0.0460242 0.20615 9.9991E-05 0.0595185
0.104639 0.894961 9.9964E-05 9.9964E-05 9.9964E-05 9.9964E-05
0.0249748 0.629732 9.9982E-05 9.9982E-05 0.0837278 0.261366
0.025104 0.183949 0.0482925 0.0724475 0.0872935 0.582914
0.0141784 0.250986 9.9991E-05 0.0379857 0.114557 0.582193
0.0176179 0.305403 9.9982E-05 9.9982E-05 0.143346 0.533433
9.9991E-05 0.0980044 0.0772691 0.0822547 0.0726077 0.669764
0.0458454 0.0568166 0.0983288 9.9991E-05 0.212041 0.586869
9.9982E-05 9.9982E-05 0.140823 0.103892 0.19458 0.560505
0.148081 0.168827 0.142967 0.00947431 0.36677 0.163881
0.105539 0.0678905 0.0207791 0.0105078 0.130339 0.664945
0.0668752 0.0825833 0.10359 0.0414606 0.231379 0.474112
9.9973E-05 0.409334 0.186846 9.9973E-05 0.40352 9.9973E-05
9.9991E-05 0.175354 0.21072 0.0343965 0.262373 0.317057
0.0766792 0.0410361 0.131985 0.110821 0.354784 0.284696
0.147558 9.9991E-05 0.0922201 0.0445944 0.299963 0.415565
0.0555 0.109848 0.203567 9.9991E-05 0.116758 0.514228
9.9991E-05 0.0338593 0.217585 0.0164644 0.214376 0.517616
0.0011239 0.0162212 0.153277 0.0978588 0.182213 0.549305
0.0670753 0.144128 0.173913 0.0740736 0.118794 0.422016
0.0360597 9.9991E-05 0.165509 0.00882666 0.490422 0.299083
