9.9973E-05 9.9973E-05 9.9973E-05 0.0256868 0.891232 0.0412288 0.0415522
9.9973E-05 0.0259526 0.0117661 0.0243593 0.937622 9.9973E-05 9.9973E-05
0.0799266 9.9982E-05 9.9982E-05 0.0195108 0.81502 0.0422731 0.0430696
0.0251211 9.9982E-05 0.0627678 9.9982E-05 0.752501 0.0646177 0.094792
9.9973E-05 9.9973E-05 9.9973E-05 0.00807928 0.822308 0.0880654 0.0812473
0.0127619 0.114904 0.0699797 0.0530315 0.598469 0.0905283 0.0603257
9.9982E-05 0.090325 0.01726 9.9982E-05 0.799426 0.0301419 0.0626471
9.9973E-05 0.0937416 9.9973E-05 9.9973E-05 0.717817 0.0487528 0.139388
9.99729E-05 0.0753005 9.99729E-05 0.000415475 0.838153 9.99729E-05 0.0858309
0.0589204 0.0426185 9.9982E-05 9.9982E-05 0.667963 0.114501 0.115796
0.0233467 0.0678642 0.0538494 9.9991E-05 0.71883 0.00751389 0.128496
0.00302878 9.9973E-05 0.843145 0.0895186 9.9973E-05 0.0640077 9.9973E-05
0.373027 9.9982E-05 0.519725 9.9982E-05 0.00240951 0.0811625 0.0234769
0.0816749 0.0852524 0.711867 9.9982E-05 0.00488385 0.116122 9.9982E-05
0.13052 9.9973E-05 0.683607 9.9973E-05 0.0577141 0.127858 9.9973E-05
0.314848 0.0410969 0.371485 0.0662086 0.0915665 0.114695 9.9991E-05
0.463039 0.11187 0.313189 9.9982E-05 0.00316039 0.108542 9.9982E-05
0.286298 9.9982E-05 0.43442 0.163112 9.9982E-05 0.114551 0.00141849
0.156275 9.9973E-05 0.627995 9.9973E-05 0.158997 0.0564332 9.9973E-05
9.9973E-05 0.0981613 0.779626 9.9973E-05 0.0554073 9.9973E-05 0.0665057
0.201777 0.00189995 0.400927 0.180497 9.9991E-05 0.131116 0.0836826
0.304393 0.187779 0.285506 0.114801 0.044713 0.0627084 9.9991E-05
0.498134 9.9982E-05 0.376094 0.0925736 0.030599 0.00239916 9.9982E-05
0.122215 9.9973E-05 0.73526 0.0333712 9.9973E-05 0.108853 9.9973E-05
0.608396 0.0382414 0.114822 0.0595342 0.0515388 0.127367 9.9991E-05
0.467743 9.9973E-05 0.394972 9.9973E-05 0.033969 0.103017 9.9973E-05
0.00305665 9.9973E-05 0.884351 9.9973E-05 0.0161215 0.0961706 9.9973E-05
9.9955E-05 9.9955E-05 0.802155 9.9955E-05 9.9955E-05 0.197345 9.9955E-05
0.0396995 0.0807943 0.853929 9.9973E-05 9.9973E-05 0.0252777 9.9973E-05
0.123876 9.9964E-05 9.9964E-05 9.9964E-05 0.842269 0.0334547 9.9964E-05
0.1012 9.9973E-05 0.0467988 9.9973E-05 0.83803 0.0136712 9.9973E-05
0.129923 9.9973E-05 9.9973E-05 0.0489578 0.784928 0.0358912 9.9973E-05
0.137742 9.9982E-05 9.9982E-05 0.0169961 0.747296 0.0780529 0.0197127
0.506081 0.0288018 0.115209 0.299135 0.0432258 0.00744741 9.9991E-05
0.39233 9.9991E-05 0.101106 0.329634 0.0871332 0.0714986 0.0181987
0.502556 9.9982E-05 9.9982E-05 0.382065 0.101437 0.00135301 0.0123886
0.072 0.0200591 0.630363 0.0525119 0.0743501 9.9991E-05 0.150616
0.299927 0.0295462 0.0435259 0.555535 0.00987026 0.0614964 9.9991E-05
0.520366 9.9982E-05 0.0736382 0.264715 0.100901 9.9982E-05 0.0401786
0.561128 9.9973E-05 9.9973E-05 0.334655 0.0719513 0.0319652 9.9973E-05
0.626085 0.152282 9.9982E-05 0.0922083 0.0725756 9.9982E-05 0.0566492
0.577076 9.9991E-05 0.130884 0.215106 0.0353724 0.0287257 0.0127366
0.0460779 0.051829 0.0971951 0.71669 0.0639736 9.9991E-05 0.0241342
0.539266 0.143049 0.162167 0.0547681 0.0226664 0.0612024 0.0168806
0.594126 9.9982E-05 0.0609583 0.226189 0.0527949 0.0657312 9.9982E-05
0.497909 0.0255334 0.0245391 0.190915 0.177465 0.0398341 0.0438047
0.314795 0.00685613 9.9973E-05 0.671843 9.9973E-05 9.9973E-05 0.00620631
0.607773 9.9973E-05 9.9973E-05 0.275964 0.0591661 0.056797 9.9973E-05
0.396175 0.00504032 0.191545 0.190777 0.145948 0.0704148 9.9991E-05
9.9964E-05 0.303661 9.9964E-05 0.61606 0.0798792 9.9964E-05 9.9964E-05
0.0775548 0.111677 0.350309 0.234663 9.9982E-05 9.9982E-05 0.225596
0.0108646 0.410228 0.344142 0.15823 0.0130735 0.0481165 0.0153451
0.453257 9.9991E-05 0.269544 0.0734097 0.0394942 0.0836117 0.0805834
0.653801 0.160135 0.104848 9.9973E-05 0.0809156 9.9973E-05 9.9973E-05
0.480656 0.058331 0.220807 0.0907277 0.112114 0.0372637 9.9991E-05
0.0987527 0.149661 0.169162 0.298368 0.118922 9.9991E-05 0.165033
0.478903 0.0529461 0.337697 0.0777208 9.9991E-05 0.0206598 0.0319737
0.528094 0.0545274 0.179144 0.119166 0.0193876 0.0810898 0.0185912
0.233368 0.0764186 0.382355 0.185874 0.11169 0.0101944 9.9991E-05
9.9991E-05 0.178245 0.405157 0.0620234 0.174507 0.0728618 0.107106
0.445433 0.0834958 0.0842001 0.220785 0.121416 0.0231851 0.0214846
0.322608 0.00246634 0.329237 0.0947045 0.100664 0.0613886 0.0889328
9.9973E-05 0.170276 0.674677 9.9973E-05 0.0399993 9.9973E-05 0.114748
0.477324 0.0982363 0.345873 0.0315822 9.9982E-05 9.9982E-05 0.0467843
0.626815 0.17379 0.068015 9.9982E-05 0.014694 0.116487 9.9982E-05
0.552449 0.0197595 0.153316 0.13606 0.0576432 0.0646376 0.0161357
0.233656 0.0765067 0.398526 0.1532 0.0562924 0.0517884 0.0300311
0.493707 0.133394 0.327589 0.0143648 9.9982E-05 0.0307454 9.9982E-05
0.605924 0.025768 0.0430884 0.105702 0.0933206 0.0172585 0.108938
0.120118 0.208034 0.40222 0.131236 0.0475921 9.9991E-05 0.0907004
0.474154 9.9973E-05 0.0507055 0.436981 9.9973E-05 9.9973E-05 0.0378591
0.101477 9.9982E-05 0.217709 0.639816 0.0265146 0.0142823 9.9982E-05
0.548947 9.9982E-05 9.9982E-05 0.212908 0.0734366 0.0627364 0.101772
9.9955E-05 0.142941 9.9955E-05 0.856559 9.9955E-05 9.9955E-05 9.9955E-05
9.9964E-05 0.181855 0.0507729 0.766972 9.9964E-05 9.9964E-05 9.9964E-05
0.300217 0.00711663 9.9964E-05 0.692267 9.9964E-05 9.9964E-05 9.9964E-05
0.419344 9.9982E-05 0.0456651 0.458841 0.0392884 0.0366608 9.9982E-05
0.478125 0.00708675 0.0793566 0.276505 0.0796366 0.0791896 9.9991E-05
0.270336 9.9982E-05 9.9982E-05 0.571762 0.00149106 0.140037 0.016174
0.0596323 9.9991E-05 0.129058 0.605953 0.0831166 0.0380528 0.0840872
0.170908 9.9982E-05 0.167803 0.50401 9.9982E-05 0.0161447 0.140935
0.465206 0.00302193 0.0300443 0.310427 0.0653457 0.0597262 0.0662283
0.152178 9.9991E-05 0.227259 0.541394 0.0170735 0.0564736 0.00552245
0.393583 9.9973E-05 0.101893 0.458048 0.046177 9.9973E-05 9.9973E-05
0.373487 9.9955E-05 9.9955E-05 0.626013 9.9955E-05 9.9955E-05 9.9955E-05
9.9955E-05 0.233356 9.9955E-05 0.766144 9.9955E-05 9.9955E-05 9.9955E-05
0.48371 0.0802047 9.9991E-05 0.263162 0.0414316 0.0747498 0.0566422
0.0979006 9.9991E-05 0.0533725 0.00261695 0.812012 0.0174426 0.0165553
0.101014 9.9955E-05 9.9955E-05 9.9955E-05 0.898486 9.9955E-05 9.9955E-05
0.0571003 9.99758E-05 9.99758E-05 0.00501086 0.864587 0.0730024 9.99758E-05
0.0247856 9.9973E-05 9.9973E-05 0.024047 0.913227 0.0376403 9.9973E-05
0.101642 0.00319268 0.000837819 0.0128703 0.855808 0.0255492 9.9991E-05
0.0706544 0.0229035 9.9973E-05 9.9973E-05 0.889212 9.9973E-05 0.0169298
0.082611 9.9964E-05 9.9964E-05 9.9964E-05 0.896327 0.0206621 9.9964E-05
0.445291 0.0186254 0.0579058 0.318988 0.101525 9.9991E-05 0.0575654
0.509146 9.9982E-05 0.135724 0.227415 0.0619836 0.0655315 9.9982E-05
9.9964E-05 9.9964E-05 0.153093 0.842119 0.00438797 9.9964E-05 9.9964E-05
0.561087 0.0416088 0.115862 0.16503 0.0641844 0.051711 0.00051637
0.279589 9.9991E-05 0.162438 0.488258 0.0166613 0.0502549 0.00269897
0.594702 9.9964E-05 9.9964E-05 0.335112 0.069786 9.9964E-05 9.9964E-05
0.529349 0.123042 9.9982E-05 0.290604 0.0415622 0.0152435 9.9982E-05
0.391305 9.9973E-05 9.9973E-05 0.492846 0.0296067 0.0859426 9.9973E-05
9.9982E-05 0.0367196 0.172167 0.687695 0.060143 9.9982E-05 0.0430753
0.498079 9.9973E-05 0.135532 0.21335 0.152739 9.9973E-05 9.9973E-05
0.715115 0.141785 0.0469498 0.0616678 0.0194636 9.9991E-05 0.0149192
0.434621 9.9982E-05 0.0155241 0.195983 0.163489 0.190183 9.9982E-05
0.282553 0.177751 9.9973E-05 0.530045 9.9973E-05 0.00935152 9.9973E-05
0.521614 0.0336318 0.0399795 0.381178 0.0228134 0.000683176 9.9991E-05
0.399275 0.0280121 0.0331676 0.434762 0.05777 9.9991E-05 0.0469131
0.204139 9.9964E-05 9.9964E-05 0.672154 9.9964E-05 0.123308 9.9964E-05
0.330339 9.9973E-05 9.9973E-05 0.503239 0.125747 9.9973E-05 0.0403749
0.509064 9.9982E-05 0.176477 0.155041 0.132627 0.0265907 9.9982E-05
0.238638 0.191968 0.382195 0.0632079 0.0469892 0.0169568 0.0600445
0.360123 9.9991E-05 0.248402 0.0299975 0.114934 0.0516344 0.194809
0.529537 0.110539 0.144204 0.0260072 0.11564 9.9991E-05 0.0739728
0.44123 0.168746 0.0349452 0.162919 0.117958 0.0502434 0.0239595
0.436058 0.011865 0.385714 9.9982E-05 0.0674219 9.9982E-05 0.0987415
0.553919 0.014166 0.255197 9.9982E-05 0.0603769 9.9982E-05 0.11614
0.444715 9.9982E-05 0.352398 0.0216052 0.022788 9.9982E-05 0.158295
0.469501 0.100736 0.0732561 0.197293 0.142923 9.9991E-05 0.0161903
0.668553 0.0448453 0.0748701 0.03064 0.0433627 0.0477967 0.089932
0.593731 0.0596408 0.233276 0.024167 0.0677858 9.9991E-05 0.0212988
0.475177 9.9964E-05 0.374118 9.9964E-05 9.9964E-05 9.9964E-05 0.150306
0.588771 0.190516 9.9973E-05 9.9973E-05 9.9973E-05 0.0656753 0.154738
0.615245 0.123347 9.9982E-05 9.9982E-05 0.0967942 0.0131422 0.151272
0.46286 9.9982E-05 0.26719 0.0708707 9.9982E-05 0.101612 0.0972671
0.58662 0.106127 0.176625 9.9991E-05 0.0551695 0.0508163 0.0245414
0.423317 0.0219891 0.233281 0.0498613 0.000423632 0.160705 0.110423
0.309478 0.15031 0.341627 9.9982E-05 0.132792 9.9982E-05 0.0655929
0.671077 0.145187 0.131012 9.9982E-05 0.00427237 9.9982E-05 0.0482518
0.683592 0.060099 0.171682 9.9982E-05 9.9982E-05 0.00397791 0.0804495
0.20558 0.0577062 0.46235 0.135744 0.00801856 9.9991E-05 0.130501
0.23704 0.320106 0.307709 0.000885817 0.0354973 9.9991E-05 0.0986619
0.523502 0.011587 0.200145 0.104105 0.000351981 9.9991E-05 0.160209
0.052967 0.361238 0.142412 0.167721 9.9991E-05 0.0570026 0.21856
0.188143 0.0981989 0.57988 0.0395648 0.0355657 9.9991E-05 0.0585471
0.424738 0.0463356 0.290505 0.159316 9.9982E-05 9.9982E-05 0.0789055
0.307844 0.0390758 0.394654 0.142209 0.00307479 9.9991E-05 0.113042
0.202259 9.9982E-05 0.547433 0.0829577 9.9982E-05 0.00985193 0.157298
0.598815 9.9991E-05 0.0747978 0.142055 0.0964707 0.0386275 0.0491339
0.504095 0.0349321 0.0481728 0.129692 0.0740817 0.0841329 0.124893
0.516284 0.00900737 0.139543 0.169976 0.0900273 0.00107675 0.0740854
0.119792 0.270324 0.311548 0.0703084 9.9991E-05 0.0455327 0.182394
0.443327 0.0391997 0.00637809 0.153224 0.168175 0.0818126 0.107884
0.497848 0.220146 9.9991E-05 0.15856 0.00628594 0.036911 0.080148
9.9982E-05 0.506271 0.0576881 0.167456 0.141567 9.9982E-05 0.126817
0.63055 0.136026 0.017554 0.147597 0.0599002 9.9991E-05 0.00827258
0.353831 0.283475 9.9991E-05 0.150142 0.0873463 0.0428389 0.0822666
0.452031 0.138439 0.202778 0.0678758 0.068922 0.0698538 9.9991E-05
0.354915 0.400235 0.0507686 0.0167326 0.121131 9.9991E-05 0.0561175
0.224468 0.522537 0.0302044 0.0732311 0.0546291 9.9991E-05 0.0948302
0.442042 0.248008 0.112637 0.0636207 0.0256206 9.9991E-05 0.107972
0.552524 0.172528 9.9982E-05 9.9982E-05 0.0868851 0.0765307 0.111333
0.447381 0.206049 0.143651 9.9982E-05 0.15578 0.0469398 9.9982E-05
9.9982E-05 0.446429 0.134563 0.215345 0.0301852 0.173278 9.9982E-05
0.491415 0.11648 0.00224304 0.134488 0.0692631 0.0226353 0.163475
0.385542 0.301141 0.248243 0.0647745 9.9973E-05 9.9973E-05 9.9973E-05
0.452905 0.218655 0.227173 0.100967 9.9973E-05 9.9973E-05 9.9973E-05
0.597883 0.0853002 9.9991E-05 0.08225 0.0941505 0.039379 0.100937
0.090173 0.179425 0.0848597 0.0449363 0.285426 0.31508 9.9991E-05
9.9964E-05 0.322145 9.9964E-05 9.9964E-05 0.559454 0.118001 9.9964E-05
9.9964E-05 0.411888 9.9964E-05 9.9964E-05 0.461419 0.126293 9.9964E-05
0.127623 0.203863 0.00498463 9.9991E-05 0.38254 0.27444 0.00644913
0.723263 0.211399 9.9982E-05 0.0463029 9.9982E-05 0.000469476 0.0183654
0.546243 0.0367345 0.0138359 0.066162 0.129521 0.033674 0.173829
0.219905 9.9964E-05 0.123812 9.9964E-05 9.9964E-05 0.655884 9.9964E-05
0.257958 9.9991E-05 0.139042 0.128585 0.0238413 0.434644 0.0158297
0.325423 0.0266087 0.130955 0.0971283 0.0366569 0.383127 9.9991E-05
0.417933 0.514299 9.9973E-05 0.0543139 9.9973E-05 9.9973E-05 0.0131541
0.555046 0.149459 0.0932665 0.11063 0.0396615 9.9991E-05 0.0518369
0.279752 0.660227 0.0546317 0.00508911 9.9973E-05 9.9973E-05 9.9973E-05
0.596177 0.195238 0.0667023 0.0722934 0.00754178 0.0206605 0.0413877
0.442217 0.345303 0.0363178 0.0982602 0.0406824 0.0161255 0.0210938
0.558667 0.256807 9.9991E-05 0.0371497 0.00536454 0.0434346 0.0984773
0.215561 0.532915 0.0973929 0.128802 9.9982E-05 9.9982E-05 0.025129
0.602663 0.124073 0.0611731 0.0710206 0.0271023 0.0872167 0.026751
0.466016 0.184891 9.9982E-05 0.161431 0.0909559 0.0965062 9.9982E-05
9.9973E-05 0.0389472 0.00291833 0.0135139 9.9973E-05 0.944321 9.9973E-05
0.061383 9.9964E-05 9.9964E-05 9.9964E-05 9.9964E-05 0.898698 0.0395189
0.293753 0.0461888 0.0604734 0.00938045 0.0204826 0.569622 9.9991E-05
0.26886 9.9973E-05 9.9973E-05 9.9973E-05 0.00665745 0.695022 0.029161
0.0763073 9.9973E-05 9.9973E-05 0.113673 0.0153468 0.794373 9.9973E-05
9.995E-05 9.995E-05 9.995E-05 9.995E-05 9.995E-05 0.9994 9.995E-05
9.9964E-05 9.9964E-05 0.00848985 9.9964E-05 9.9964E-05 0.960706 0.0304043
0.13801 9.9955E-05 9.9955E-05 9.9955E-05 9.9955E-05 0.86149 9.9955E-05
9.9964E-05 9.9964E-05 9.9964E-05 0.00396412 9.9964E-05 0.947441 0.0481952
9.995E-05 9.995E-05 9.995E-05 9.995E-05 9.995E-05 0.9994 9.995E-05
9.995E-05 9.995E-05 9.995E-05 9.995E-05 9.995E-05 0.9994 9.995E-05
0.14227 9.9982E-05 0.0473166 9.9982E-05 0.0212752 0.766389 0.0225494
0.0830423 9.9991E-05 0.0294604 0.0107842 0.0552776 0.811814 0.0095211
9.9955E-05 9.9955E-05 9.9955E-05 0.0541604 9.9955E-05 0.94534 9.9955E-05
0.236082 0.0349936 0.250061 0.0432746 0.0399364 0.380047 0.0156053
0.271543 9.9973E-05 9.9973E-05 9.9973E-05 0.0183754 0.659131 0.0506504
0.0386343 0.0911533 9.9991E-05 0.0208919 0.0162642 0.797035 0.0359213
0.0261626 9.9973E-05 0.034179 9.9973E-05 9.9973E-05 0.930734 0.00862494
9.995E-05 9.995E-05 9.995E-05 9.995E-05 9.995E-05 0.9994 9.995E-05
0.0633204 9.9973E-05 0.00372114 9.9973E-05 0.0786867 0.853972 9.9973E-05
9.995E-05 9.995E-05 9.995E-05 9.995E-05 9.995E-05 0.9994 9.995E-05
0.196175 9.9982E-05 9.9982E-05 0.0812864 0.0161982 0.643797 0.0623427
0.0404053 0.0323912 0.00289311 9.9982E-05 0.0321159 0.891994 9.9982E-05
9.9973E-05 0.558433 9.9973E-05 0.0130143 0.355864 0.072388 9.9973E-05
0.332113 0.211563 0.0900044 9.9991E-05 0.131996 0.140534 0.0936891
0.420343 0.184761 0.0724635 0.0507111 0.195493 0.0397134 0.0365148
0.206018 0.440113 9.9982E-05 9.9982E-05 0.234208 0.105953 0.0135091
0.427723 0.113868 0.0264686 0.040316 0.122391 0.144544 0.12469
0.24534 0.387727 9.9982E-05 0.0245496 0.231821 0.110363 9.9982E-05
0.40372 0.0962066 0.120493 0.0995792 0.152931 0.0794806 0.0475905
0.363314 0.352932 9.9973E-05 9.9973E-05 0.150258 0.133197 9.9973E-05
0.534905 0.26272 9.9973E-05 9.9973E-05 0.0825043 0.119571 9.9973E-05
0.410285 0.301212 9.9973E-05 9.9973E-05 0.14788 0.140323 9.9973E-05
0.440574 0.113977 0.113304 0.00972546 0.262476 0.0598435 9.9991E-05
0.047449 0.0431028 9.9973E-05 9.9973E-05 0.850483 9.9973E-05 0.0586651
9.9964E-05 0.0422451 9.9964E-05 9.9964E-05 0.928455 0.0289006 9.9964E-05
9.9964E-05 9.9964E-05 9.9964E-05 0.0304559 0.944662 9.9964E-05 0.024482
0.0335214 9.9964E-05 9.9964E-05 9.9964E-05 0.898119 9.9964E-05 0.0679601
0.0444325 9.9982E-05 0.0295319 9.9982E-05 0.905827 0.000509463 0.0194992
9.9964E-05 0.0166552 9.9964E-05 9.9964E-05 0.916885 0.0660596 9.9964E-05
0.0300277 9.9982E-05 9.9982E-05 0.0025784 0.864726 0.084902 0.017566
9.9964E-05 0.111189 9.9964E-05 9.9964E-05 0.873514 0.0148973 9.9964E-05
0.0283983 0.0148753 9.9982E-05 0.0507205 0.894197 0.0116091 9.9982E-05
9.9982E-05 0.010989 0.0220218 9.9982E-05 0.853616 0.096424 0.0167495
9.9982E-05 0.0138137 0.22131 0.102382 0.587699 9.9982E-05 0.0745957
9.9973E-05 9.9973E-05 0.195299 0.0194508 0.555567 9.9973E-05 0.229383
9.9982E-05 0.140753 0.225488 0.006998 0.530389 9.9982E-05 0.0961723
9.9982E-05 0.0284861 0.2764 0.0731924 0.507857 9.9982E-05 0.113865
0.490353 9.9991E-05 0.1349 0.24579 0.0325726 0.0324107 0.063874
0.404585 9.9982E-05 0.13924 0.378782 9.9982E-05 0.0517783 0.0254151
0.483728 0.0441713 0.0837566 0.224179 0.0019525 0.0797539 0.0824584
0.357364 0.0456007 0.163149 0.246055 0.0586877 9.9991E-05 0.129044
0.0834311 9.9982E-05 0.507573 0.16404 9.9982E-05 0.0114653 0.23329
0.591321 0.00181851 9.9991E-05 0.236729 0.0683016 0.057265 0.0444642
0.506737 9.9982E-05 0.110518 0.292287 9.9982E-05 0.019543 0.0707147
0.489852 0.0191805 0.0278639 0.338827 9.9982E-05 9.9982E-05 0.124077
0.359524 0.11441 9.99828E-05 0.498937 9.99828E-05 0.0205429 0.00638573
0.488348 9.9991E-05 0.0873278 0.258956 0.071658 0.026967 0.0666436
0.374916 9.9973E-05 0.071464 0.464489 9.9973E-05 9.9973E-05 0.0888313
9.9973E-05 0.213299 0.00250524 0.773471 9.9973E-05 9.9973E-05 0.0104251
0.515252 9.9982E-05 0.00993659 0.248757 0.0641506 9.9982E-05 0.161703
0.261502 0.25707 9.9973E-05 0.455264 0.0258637 9.9973E-05 9.9973E-05
0.425758 0.0562213 0.0220127 0.476422 9.9982E-05 0.0193861 9.9982E-05
0.0242434 9.9982E-05 0.155025 0.714286 0.0602992 9.9982E-05 0.0459459
0.0189838 0.0681052 9.9982E-05 9.9982E-05 0.0507295 0.0124684 0.849513
0.0853116 0.0477581 9.9964E-05 9.9964E-05 9.9964E-05 9.9964E-05 0.86653
0.0149504 0.0551287 9.9964E-05 9.9964E-05 9.9964E-05 9.9964E-05 0.929521
0.0056505 0.0429695 9.9982E-05 0.0296942 0.0521099 9.9982E-05 0.869376
0.0315893 0.0688682 9.9973E-05 9.9973E-05 9.9973E-05 0.0140351 0.885207
0.101434 9.9964E-05 9.9964E-05 9.9964E-05 9.9964E-05 0.0632667 0.834899
0.13702 9.9964E-05 9.9964E-05 9.9964E-05 0.851136 0.0114443 9.9964E-05
0.107464 9.9973E-05 0.0944434 9.9973E-05 0.792342 0.0054504 9.9973E-05
0.148562 0.000588523 9.9973E-05 9.9973E-05 0.737506 0.113044 9.9973E-05
0.0298488 9.9973E-05 0.159087 9.9973E-05 0.701646 0.109118 9.9973E-05
0.137654 9.9982E-05 0.0254066 9.9982E-05 0.778201 0.04689 0.0116484
9.9973E-05 0.0776755 0.0583492 9.9973E-05 0.358267 9.9973E-05 0.505408
9.9964E-05 0.126578 9.9964E-05 9.9964E-05 0.407429 9.9964E-05 0.465593
9.9982E-05 0.0280027 0.101783 0.0504212 0.356714 9.9982E-05 0.462879
0.0960627 9.9973E-05 0.0718498 9.9973E-05 0.810584 0.0212031 9.9973E-05
9.9973E-05 0.00754462 9.9973E-05 0.10669 0.371 9.9973E-05 0.514465
0.285753 0.173427 9.9973E-05 9.9973E-05 0.195853 0.344667 9.9973E-05
0.595765 9.9982E-05 0.136094 0.00612997 0.127434 0.134377 9.9982E-05
0.526181 9.9973E-05 0.0403468 9.9973E-05 0.178318 0.254854 9.9973E-05
0.312281 0.0780964 9.9991E-05 0.0546286 0.257827 0.27009 0.0269765
0.486464 0.0365108 0.0206739 0.0713891 0.133649 0.182046 0.0692675
9.9964E-05 0.244303 9.9964E-05 9.9964E-05 0.447267 0.30803 9.9964E-05
0.402481 0.0581702 0.285651 0.0798174 9.9982E-05 9.9982E-05 0.173681
0.346427 0.259784 0.24279 0.0734076 9.9982E-05 9.9982E-05 0.0773912
0.126898 9.9973E-05 0.636083 9.9973E-05 0.0823122 9.9973E-05 0.154407
0.461502 0.196884 0.0961167 0.167312 0.00511124 9.9991E-05 0.0729737
9.9973E-05 0.613706 0.154604 0.193162 9.9973E-05 9.9973E-05 0.0382278
0.497442 0.0401854 0.174645 0.0937687 0.180719 9.9991E-05 0.01314
0.541884 0.174203 0.148464 0.0305634 9.9982E-05 9.9982E-05 0.104685
0.205675 0.00953894 0.508772 0.097168 0.0612427 9.9991E-05 0.117503
0.493821 9.9991E-05 0.0448653 0.226127 0.0889617 0.0615924 0.0845333
0.0463999 0.444569 0.485428 0.0233037 9.9973E-05 9.9973E-05 9.9973E-05
0.457505 0.207709 0.118964 0.157209 9.9991E-05 0.0345911 0.0239216
0.544527 0.0566254 0.138127 0.112808 9.9982E-05 9.9982E-05 0.147713
0.317758 0.128097 0.0743441 0.121864 0.13249 0.19637 0.0290778
0.345811 0.230138 0.317182 9.9973E-05 9.9973E-05 9.9973E-05 0.106569
0.469663 0.136966 0.179504 0.049223 9.9991E-05 0.0141614 0.150382
0.413125 0.211647 0.176065 0.0893669 9.9982E-05 0.109596 9.9982E-05
0.562153 0.0679141 0.133363 0.110867 0.0318075 9.9991E-05 0.0937954
0.580344 0.0461862 0.184826 0.0946245 0.0401311 0.0329639 0.0209246
0.573081 9.9982E-05 0.186964 0.103166 0.0892079 9.9982E-05 0.0473814
0.547326 9.9982E-05 0.0679969 0.112569 0.203781 9.9982E-05 0.0681267
0.143748 9.9964E-05 9.9964E-05 9.9964E-05 0.786632 0.0692208 9.9964E-05
0.0230397 9.9973E-05 9.9973E-05 0.0863476 0.839484 0.0508287 9.9973E-05
0.0108119 0.0362645 0.0553402 0.0329746 0.772234 0.0236308 0.0687438
9.9982E-05 0.00385577 9.9982E-05 0.130086 0.781726 0.0409277 0.0432039
0.118268 9.9964E-05 9.9964E-05 9.9964E-05 0.861241 9.9964E-05 0.0200914
0.0545816 0.0783286 0.720009 9.9991E-05 0.00412073 0.0328637 0.109997
0.499439 0.169985 0.145629 0.0189722 0.056695 0.0271161 0.0821637
0.396196 0.111621 9.9982E-05 0.0892839 0.188648 0.214051 9.9982E-05
0.636183 0.0261706 0.206789 0.0396279 9.9982E-05 0.09103 9.9982E-05
0.426994 9.9991E-05 0.189283 0.205853 0.0230467 0.00847314 0.14625
0.158995 0.333553 0.281193 9.9982E-05 9.9982E-05 0.0630108 0.163048
9.9982E-05 0.132369 0.500236 0.0452488 0.112639 9.9982E-05 0.209307
0.485169 0.0212654 0.17312 0.0299654 0.0461484 0.0248333 0.219499
0.0918552 0.0768709 0.46855 0.024357 0.0636429 0.0362019 0.238522
0.383036 0.210246 0.0757142 0.15193 0.0753372 0.0223074 0.0814281
0.0406713 0.124793 0.531138 9.9982E-05 0.11068 9.9982E-05 0.192518
0.586726 9.9991E-05 0.155997 0.0319127 0.084269 0.0699479 0.071047
0.0350535 9.9991E-05 0.59767 0.0681002 0.0843565 0.0525197 0.1622
0.348942 0.152139 0.372473 9.9991E-05 0.00377536 0.0310003 0.0915704
0.398324 0.163523 0.0784342 0.102086 0.0547658 0.109225 0.0936419
0.351536 0.520813 0.0026693 0.016987 9.9982E-05 9.9982E-05 0.107795
0.568106 0.196236 0.1292 0.0198761 0.0713703 9.9991E-05 0.0151117
0.544251 0.202401 0.00488809 0.0873833 0.153842 9.9991E-05 0.0071347
0.354618 0.441265 0.0783179 0.00616064 9.9982E-05 9.9982E-05 0.119439
0.530138 0.141158 0.129214 0.0876592 0.039581 0.0470032 0.0252469
0.525779 0.163883 9.9973E-05 0.168143 9.9973E-05 9.9973E-05 0.141895
0.0899036 0.649598 0.0268342 0.158949 9.9982E-05 9.9982E-05 0.0745153
0.333302 0.61938 9.9973E-05 0.0256897 9.9973E-05 9.9973E-05 0.0213289
0.525639 0.352333 9.9964E-05 9.9964E-05 9.9964E-05 9.9964E-05 0.121628
0.161875 0.564981 0.0792272 0.13336 9.9982E-05 9.9982E-05 0.0603563
0.476851 0.298994 0.164817 0.0360183 9.9982E-05 9.9982E-05 0.0231203
0.0149762 0.0653691 0.546343 0.11878 0.0473773 0.00122669 0.205929
0.222118 0.288043 0.273109 0.0939612 9.9991E-05 0.0147057 0.107963
0.262699 9.9982E-05 0.384796 0.116418 9.9982E-05 0.0833329 0.152554
0.513113 0.00364257 0.208519 0.0677934 0.0387329 0.0714603 0.0967388
0.0782403 0.00608543 0.493045 0.222062 9.9991E-05 0.0380793 0.162388
0.487679 0.155912 0.0357008 9.9991E-05 0.0245141 0.142942 0.153152
0.511568 9.9982E-05 0.130664 0.079102 9.9982E-05 0.109131 0.169335
0.579416 0.137056 0.174058 9.9991E-05 0.0146926 0.00459752 0.0900803
0.442161 0.0175141 0.247397 0.0777784 9.9991E-05 0.118183 0.096867
0.322411 0.0245096 0.146807 0.21899 0.03902 0.0470631 0.2012
0.115806 9.9982E-05 0.465653 0.125862 9.9982E-05 0.0972212 0.195257
0.306844 0.0135041 0.270635 0.0905799 0.000925944 0.0791435 0.238368
0.526614 9.9982E-05 0.231897 0.072061 9.9982E-05 0.0299232 0.139304
0.651079 0.0363355 0.123783 0.0548261 0.0114375 0.0437585 0.0787809
0.379337 0.120982 0.224146 0.0708146 0.0803515 9.9991E-05 0.12427
0.449522 0.143027 0.283607 9.9991E-05 0.00795019 0.0647253 0.0510683
0.319646 0.0697629 0.27407 0.0344359 0.0584427 0.0363998 0.207243
0.472353 9.9991E-05 0.223396 0.172116 0.0263821 0.0166553 0.0889986
0.416735 0.105914 0.288992 0.035881 9.9991E-05 0.0401071 0.112271
0.508423 0.0990467 0.0597667 0.0405176 0.0587088 0.0920089 0.141528
0.356843 9.9982E-05 0.0972718 0.0586511 0.359598 0.127437 9.9982E-05
0.469792 0.167611 0.0231267 0.0210518 0.0639859 0.254333 9.9991E-05
0.435354 0.018721 0.217549 9.9982E-05 0.118608 0.209568 9.9982E-05
0.44664 0.108411 0.148482 0.0454929 0.0936329 0.157241 9.9991E-05
0.466973 0.0120765 0.0886257 0.0560777 0.190821 0.185326 9.9991E-05
0.45968 0.212421 0.311691 0.00076366 9.9982E-05 9.9982E-05 0.0152444
0.436312 0.0759669 0.0853366 0.106027 0.181806 0.114452 9.9991E-05
9.9982E-05 0.440025 0.0369854 0.145564 0.232515 0.144711 9.9982E-05
0.483786 0.046294 0.156639 9.9982E-05 0.118872 0.194209 9.9982E-05
0.59062 0.0234477 0.0266808 0.0799922 0.102579 0.145304 0.0313764
0.449728 0.112679 0.106923 9.9991E-05 0.0554337 0.22502 0.0501162
0.271933 0.269858 0.156244 0.0365638 0.170488 0.0835496 0.0113628
0.46089 0.173619 0.0121635 0.061787 0.157936 0.133504 9.9991E-05
0.49747 0.0805875 0.0609218 9.9982E-05 0.160056 0.200765 9.9982E-05
9.9964E-05 0.343226 9.9964E-05 9.9964E-05 0.490591 0.165783 9.9964E-05
0.453202 0.0675363 0.0530431 0.0296304 0.163576 0.199453 0.0335597
0.471361 0.0605864 0.0371693 9.9991E-05 0.204813 0.168454 0.0575166
0.482406 0.158518 0.104057 0.0469444 0.0770646 0.13091 9.9991E-05
0.60625 0.0748765 0.0499253 9.9982E-05 0.182818 0.0859304 9.9982E-05
0.518432 0.0506342 0.0523756 0.0947464 0.14878 0.134932 9.9991E-05
0.430314 0.237935 9.9982E-05 0.170946 9.9982E-05 0.0938377 0.0667678
0.556057 0.0550062 9.9982E-05 0.194194 0.133483 9.9982E-05 0.0610594
0.0336058 0.579335 0.198512 0.188247 9.9973E-05 9.9973E-05 9.9973E-05
0.0461312 0.656411 0.0406712 0.223045 9.9982E-05 9.9982E-05 0.033542
0.434193 0.238823 0.122208 0.094866 0.0446688 0.0651416 9.9991E-05
0.444726 0.229323 9.9973E-05 9.9973E-05 0.0504331 0.275218 9.9973E-05
0.321109 0.212014 9.9982E-05 0.0490271 0.0601034 0.357547 9.9982E-05
0.19089 0.347058 9.9973E-05 9.9973E-05 0.193597 0.268154 9.9973E-05
0.39158 0.206905 0.0243343 9.9982E-05 0.161097 0.215884 9.9982E-05
0.164635 0.664296 9.9982E-05 0.0566365 0.0419981 0.0722351 9.9982E-05
0.265349 0.537514 9.9982E-05 0.0605093 0.0598773 0.0765505 9.9982E-05
0.591719 0.197148 0.0457036 0.0395981 0.00455304 0.0890023 0.0322757
0.501651 0.243908 0.0583649 0.054368 0.0189262 0.122681 9.9991E-05
0.288316 0.442795 0.0131116 0.0710008 0.0459246 0.0881378 0.0507142
0.44973 0.136847 0.143472 0.132992 0.0518944 0.0849649 9.9991E-05
0.537353 0.237938 9.9982E-05 0.083744 9.9982E-05 0.0876481 0.0531167
0.535343 0.0560921 0.167343 0.0132268 0.142459 0.0495972 0.0359399
0.35054 0.405952 0.108165 0.135044 9.9973E-05 9.9973E-05 9.9973E-05
0.360743 0.319318 0.157475 0.11733 9.9982E-05 9.9982E-05 0.0449347
0.473371 0.246523 0.0115092 0.141135 0.0291832 0.0549649 0.0433142
0.408209 0.266552 0.0500333 0.117784 0.0298989 0.0261253 0.101398
0.432828 0.174938 0.0165417 0.13752 0.0984988 0.110398 0.0292756
0.521703 0.420578 0.0573191 9.9964E-05 9.9964E-05 9.9964E-05 9.9964E-05
0.272731 0.525811 0.0664888 0.0921349 9.9982E-05 9.9982E-05 0.0426347
0.632485 0.167939 9.9973E-05 0.16243 0.036846 9.9973E-05 9.9973E-05
0.241974 0.468612 0.105593 0.183521 9.9973E-05 9.9973E-05 9.9973E-05
0.49873 0.365536 0.0254928 0.0999904 0.0100508 9.9982E-05 9.9982E-05
0.5747 0.101451 0.153185 0.0830488 0.017492 0.0234401 0.0466835
0.442033 0.174323 0.112885 0.204046 9.9991E-05 0.00870316 0.057909
0.390038 0.0452992 0.0289621 0.152989 0.17148 0.211132 9.9991E-05
0.521425 0.0675653 0.0278441 0.087283 0.089421 0.15409 0.0523714
0.278278 0.184382 0.0135335 0.0286745 0.150229 0.277822 0.0670802
0.364724 0.178857 0.010004 9.9991E-05 0.178066 0.195551 0.072698
0.402224 0.0784135 0.124012 0.0469287 0.160122 0.153095 0.0352048
0.434014 0.252546 9.9982E-05 0.0484825 0.0486409 0.216117 9.9982E-05
9.9973E-05 0.598675 9.9973E-05 9.9973E-05 0.109133 0.204588 0.0873034
0.569744 0.0746173 9.9982E-05 9.9982E-05 0.0600183 0.212963 0.0824581
9.9964E-05 0.524772 9.9964E-05 9.9964E-05 0.308965 0.165863 9.9964E-05
0.558642 0.233419 9.9973E-05 9.9973E-05 0.00261807 0.205021 9.9973E-05
0.163832 0.560204 9.9964E-05 0.275564 9.9964E-05 9.9964E-05 9.9964E-05
9.9964E-05 0.669904 0.0973602 0.232336 9.9964E-05 9.9964E-05 9.9964E-05
0.465603 0.282809 0.0844828 0.1656 9.9982E-05 9.9982E-05 0.00130411
0.659221 0.206131 0.00563083 0.0918422 9.9982E-05 0.0369748 9.9982E-05
0.437713 0.385492 0.0516771 0.119986 9.9982E-05 9.9982E-05 0.00493196
0.492297 0.134506 0.0347274 0.276402 0.0163469 0.0145119 0.0312086
0.545544 0.282624 0.0817526 0.0897795 9.9973E-05 9.9973E-05 9.9973E-05
0.133308 0.0115997 9.9982E-05 0.0159198 0.834059 9.9982E-05 0.00491372
9.9991E-05 0.00558191 0.00776303 0.0302852 0.715715 0.132496 0.108059
9.9973E-05 9.9973E-05 0.00016403 9.9973E-05 0.888216 0.0706001 0.0407203
0.057493 0.00628249 9.9964E-05 9.9964E-05 0.935825 9.9964E-05 9.9964E-05
0.534887 0.0739206 0.00288488 0.375743 0.0119138 9.9991E-05 0.000550752
0.437568 0.0831894 0.0473252 0.35916 0.0558481 0.0168096 9.9991E-05
0.364479 9.9964E-05 0.0923902 0.542731 9.9964E-05 9.9964E-05 9.9964E-05
0.538377 9.9973E-05 0.174335 0.223665 0.063323 9.9973E-05 9.9973E-05
0.460097 0.0369248 0.0938821 0.192969 0.102103 0.0484265 0.0655977
0.171132 0.0368077 0.174394 0.514332 0.053239 9.9991E-05 0.0499951
0.525957 9.9964E-05 0.0959278 0.377716 9.9964E-05 9.9964E-05 9.9964E-05
0.328295 0.188504 9.9973E-05 0.448883 0.0340177 9.9973E-05 9.9973E-05
0.421342 9.9991E-05 0.0766497 0.00373249 0.239701 0.177045 0.0814296
0.364534 0.101368 0.0367997 0.412537 9.9991E-05 0.0307575 0.0539036
0.29489 9.9982E-05 0.176189 0.501025 0.0150479 9.9982E-05 0.0126471
0.557839 0.0373178 0.0534641 0.351079 9.9973E-05 9.9973E-05 9.9973E-05
0.342524 9.9982E-05 0.0188286 0.534058 9.9982E-05 0.00742461 0.0969644
0.571675 0.0285341 9.9964E-05 0.399391 9.9964E-05 9.9964E-05 9.9964E-05
0.521535 0.0124216 9.9982E-05 0.396491 0.0326706 0.0366816 9.9982E-05
9.9955E-05 0.0608026 9.9955E-05 0.938698 9.9955E-05 9.9955E-05 9.9955E-05
0.215013 0.123347 0.0419064 0.600315 9.9982E-05 0.0192193 9.9982E-05
0.308165 0.10158 9.9982E-05 0.506 9.9982E-05 0.00992396 0.0741311
9.9955E-05 0.233564 9.9955E-05 0.765936 9.9955E-05 9.9955E-05 9.9955E-05
0.338966 0.0466993 0.0889173 0.437632 9.9991E-05 0.0806906 0.00699489
0.0709114 0.309426 9.9973E-05 0.594829 9.9973E-05 9.9973E-05 0.0245333
9.9955E-05 0.297475 9.9955E-05 0.702025 9.9955E-05 9.9955E-05 9.9955E-05
0.576147 0.0208884 9.9982E-05 0.271291 9.9982E-05 0.0444389 0.0870349
0.175624 0.0126138 0.085549 0.634944 0.0548628 0.00244855 0.0339573
0.381032 9.9982E-05 0.122592 0.467444 0.0100325 0.0186992 9.9982E-05
0.571496 0.0894377 9.9991E-05 0.166989 0.0395692 0.102556 0.0298519
0.445891 9.9982E-05 0.0610785 0.379264 9.9982E-05 0.00231122 0.111254
0.329803 0.215691 0.3234 9.9973E-05 9.9973E-05 9.9973E-05 0.130806
0.530906 9.9982E-05 0.00608672 0.44803 0.00567577 0.00910095 9.9982E-05
0.401282 0.0517648 0.145242 0.366846 0.0275657 0.00284013 0.00445981
0.278853 0.0474671 9.9973E-05 0.666657 9.9973E-05 9.9973E-05 0.006723
0.391441 0.0436991 0.0975252 0.28299 0.0776312 0.0927216 0.0139918
9.9973E-05 0.0610247 0.143885 9.9973E-05 0.593215 9.9973E-05 0.201575
0.0744548 0.0392217 0.00935406 0.0774804 0.733555 9.9991E-05 0.0658337
9.9973E-05 0.0794386 0.0162698 9.9973E-05 0.82702 9.9973E-05 0.0769718
9.9973E-05 0.00350411 9.9973E-05 0.0351862 0.811857 9.9973E-05 0.149152
0.0517586 0.0175841 9.9973E-05 9.9973E-05 0.691204 9.9973E-05 0.239153
0.0264004 9.9982E-05 0.166534 0.710053 0.0613113 9.9982E-05 0.0355018
0.0478361 0.0504172 0.111324 0.667968 0.0746972 9.9991E-05 0.0476572
0.0761087 0.129386 9.9964E-05 0.794105 9.9964E-05 9.9964E-05 9.9964E-05
0.518595 0.0510359 0.0844711 0.1541 0.100367 0.091331 9.9991E-05
0.520555 9.9982E-05 0.0346814 0.271156 0.131915 0.0414922 9.9982E-05
0.202098 0.138235 9.9982E-05 0.585334 0.0586887 0.0154456 9.9982E-05
0.501673 0.0281099 9.9982E-05 0.396593 9.9982E-05 0.0599031 0.0135213
0.324454 0.0600594 9.9982E-05 0.53343 0.073737 0.00811875 9.9982E-05
0.531718 0.04557 0.0723022 0.342537 0.00767227 9.9982E-05 9.9982E-05
0.590805 9.9982E-05 9.9982E-05 0.270749 0.0519046 0.033089 0.0532526
0.155695 9.9982E-05 0.105496 0.646197 9.9982E-05 0.015837 0.0765746
0.303746 9.9973E-05 0.034392 0.64873 9.9973E-05 9.9973E-05 0.0128321
0.232377 9.9982E-05 0.114321 0.580402 9.9982E-05 0.0139803 0.0587209
0.641723 0.146432 0.0237224 0.0249952 0.108553 9.9991E-05 0.0544742
0.30978 9.9973E-05 0.0260581 0.644007 9.9973E-05 9.9973E-05 0.0198552
0.399183 0.0808317 0.0418628 0.443417 0.034506 9.9982E-05 9.9982E-05
0.417615 0.0429223 9.9991E-05 0.0419894 0.0514198 0.384183 0.0617708
0.367397 0.060746 9.9982E-05 0.0826509 0.108228 0.380778 9.9982E-05
0.467476 0.0312394 9.9973E-05 9.9973E-05 0.119918 0.381066 9.9973E-05
0.338368 0.0499865 0.0234596 9.9982E-05 0.168486 0.4195 9.9982E-05
0.469613 9.9982E-05 0.0408447 0.0220844 0.104132 0.363126 9.9982E-05
0.369095 0.175871 0.0786402 0.266311 0.0281555 0.0818278 9.9991E-05
0.0577581 0.0522448 9.9973E-05 9.9973E-05 0.253244 0.636453 9.9973E-05
0.381567 0.0399647 9.9973E-05 9.9973E-05 0.164313 0.413855 9.9973E-05
0.416858 0.190895 9.9982E-05 0.0775804 0.127196 0.187271 9.9982E-05
0.600787 0.147094 0.145238 9.9973E-05 0.106581 9.9973E-05 9.9973E-05
0.415532 0.217359 0.162407 0.0643179 0.13154 9.9991E-05 0.00874371
0.602141 0.10639 9.9982E-05 9.9982E-05 0.117845 0.00290673 0.170518
0.704743 0.0974895 0.00549288 0.00378043 0.0779491 9.9991E-05 0.110445
0.444548 9.9973E-05 0.000890305 9.9973E-05 0.265394 0.288868 9.9973E-05
0.316724 9.9982E-05 0.137398 9.9982E-05 0.142448 0.3437 0.0595304
0.474266 0.0187323 9.9973E-05 9.9973E-05 0.0618593 0.444843 9.9973E-05
0.438518 0.0314557 9.9991E-05 0.0633928 0.121498 0.23394 0.111095
0.310073 0.0224732 0.0181561 0.0121493 0.140187 0.487467 0.00949488
0.506959 9.9973E-05 9.9973E-05 0.0562915 0.156389 0.28006 9.9973E-05
0.240122 0.075934 9.9991E-05 0.0139278 0.142602 0.516161 0.0111529
0.38156 9.9991E-05 0.0904776 0.00946844 0.0976445 0.366788 0.0539614
0.584702 0.235729 0.0250791 0.0403069 0.078521 0.00309592 0.0325663
0.354378 0.0703767 9.9991E-05 0.0448756 0.187801 0.2848 0.0576695
0.247372 0.0118018 9.9973E-05 9.9973E-05 0.156491 0.584035 9.9973E-05
0.353794 0.0752131 0.0393767 0.00357989 0.123509 0.357669 0.046858
0.156688 0.289638 0.225753 0.100267 0.156033 0.000242496 0.0713782
0.543042 0.243215 0.163428 9.9973E-05 9.9973E-05 0.0500157 9.9973E-05
0.362151 0.109238 0.0704879 9.9982E-05 0.164371 0.293552 9.9982E-05
0.649089 0.155345 0.0995633 9.9973E-05 0.0957023 9.9973E-05 9.9973E-05
0.519846 0.093424 0.071564 0.0725179 0.158923 9.9991E-05 0.0836257
0.351679 0.116987 0.0383085 0.101696 0.198603 0.192627 9.9991E-05
0.314234 0.149523 0.0398033 9.9982E-05 0.245231 0.251008 9.9982E-05
0.43622 0.00251477 0.00181932 0.204587 0.144809 0.131686 0.078364
0.479243 0.0418161 9.9982E-05 0.0326215 0.136722 0.309397 9.9982E-05
0.413462 0.00288566 0.0760827 9.9982E-05 0.120784 0.386585 9.9982E-05
0.18231 0.0252088 9.9973E-05 9.9973E-05 0.195302 0.59688 9.9973E-05
0.643161 0.0936283 9.9982E-05 0.102469 0.0703155 0.0902261 9.9982E-05
0.418617 0.0868517 0.259411 0.156644 0.0782762 9.9982E-05 9.9982E-05
0.261167 0.618267 9.9973E-05 0.0047374 0.115528 9.9973E-05 9.9973E-05
0.54762 0.116615 0.0357856 0.113879 0.0472836 0.0601875 0.0786285
0.321267 0.13996 0.211163 0.0542299 0.0950577 0.0718992 0.106423
0.449531 0.175967 0.00490527 0.0323232 0.233781 0.103392 9.9991E-05
0.5005 0.102459 0.051722 0.0986421 0.147811 0.0796984 0.0191668
9.9964E-05 0.499756 9.9964E-05 9.9964E-05 0.311773 0.188072 9.9964E-05
9.9964E-05 0.607454 9.9964E-05 9.9964E-05 0.308207 0.0839394 9.9964E-05
0.229694 0.377101 0.0470335 0.0582664 0.143346 0.0961493 0.048409
0.0944465 0.460379 9.9973E-05 9.9973E-05 0.322303 0.122571 9.9973E-05
9.9964E-05 0.354728 9.9964E-05 9.9964E-05 0.436209 0.208663 9.9964E-05
0.419386 0.320608 9.9982E-05 9.9982E-05 0.0707487 0.136924 0.0521331
0.378931 0.219788 0.089123 9.9982E-05 0.216028 0.0959295 9.9982E-05
0.2555 0.232217 9.9991E-05 0.0357344 0.273396 0.164043 0.0390099
0.132052 0.483801 9.9973E-05 9.9973E-05 0.274508 0.109339 9.9973E-05
0.5103 0.130008 0.170101 9.9982E-05 0.124931 0.0644608 9.9982E-05
0.173958 0.451478 0.0440619 0.00615062 0.230548 0.0937025 9.9991E-05
9.9964E-05 0.526536 9.9964E-05 9.9964E-05 0.405896 0.0671688 9.9964E-05
0.476995 0.0398456 0.155862 0.0115417 0.14268 0.150676 0.0223993
0.344771 0.208701 0.0745118 9.9991E-05 0.141572 0.218651 0.0116928
0.344472 9.9982E-05 0.136858 0.0253465 0.322937 0.170186 9.9982E-05
0.586507 9.9964E-05 9.9964E-05 9.9964E-05 0.215747 0.197347 9.9964E-05
0.524598 0.0348985 0.0788195 9.9991E-05 0.112858 0.21042 0.0383059
0.445858 0.114565 0.0726574 9.9982E-05 0.152791 0.213929 9.9982E-05
0.251214 0.0347997 0.19371 9.9982E-05 0.290063 0.230014 9.9982E-05
0.555579 9.9982E-05 0.11762 9.9982E-05 0.219668 0.104512 0.00242212
0.405064 9.9973E-05 0.0968558 9.9973E-05 0.235646 0.262134 9.9973E-05
0.372038 0.0585711 0.00709865 0.0579233 0.270363 0.200096 0.03391
0.256071 0.0740338 0.160072 0.224986 0.181234 0.103502 9.9991E-05
0.487125 9.9991E-05 0.0322523 0.144934 0.164915 0.154496 0.0161771
0.420756 0.00946348 0.0128354 0.125055 0.150236 0.25403 0.0276239
0.507416 9.9991E-05 0.0570999 0.177787 0.152801 0.0848477 0.0199489
0.38103 0.0527648 0.0410832 9.9991E-05 0.279334 0.219238 0.0264502
0.559039 0.0290547 9.9982E-05 9.9982E-05 0.210947 0.112157 0.0886021
0.311513 0.19739 9.9973E-05 9.9973E-05 0.373314 0.117482 9.9973E-05
0.524216 9.9982E-05 0.0682538 9.9982E-05 0.224336 0.170753 0.0122419
0.220471 0.199869 9.9973E-05 9.9973E-05 0.322339 0.257021 9.9973E-05
9.9973E-05 9.9973E-05 9.9973E-05 0.0989916 0.765813 0.0238138 0.111082
0.0191753 9.9991E-05 0.160021 0.09344 0.0134759 0.0781843 0.635604
9.9955E-05 9.9955E-05 0.181511 9.9955E-05 9.9955E-05 9.9955E-05 0.817989
9.9973E-05 9.9973E-05 0.0860909 0.0120569 0.00352183 9.9973E-05 0.89803
0.00484275 9.9964E-05 0.204976 9.9964E-05 9.9964E-05 9.9964E-05 0.789781
0.0550481 9.9973E-05 0.0832888 9.9973E-05 9.9973E-05 0.0598511 0.801512
0.0850701 9.9964E-05 0.0725906 9.9964E-05 9.9964E-05 9.9964E-05 0.841939
9.9955E-05 9.9955E-05 0.116496 9.9955E-05 9.9955E-05 9.9955E-05 0.883004
9.9964E-05 9.9964E-05 0.0745828 9.9964E-05 0.193482 9.9964E-05 0.731535
0.0568556 0.00158938 0.0432724 0.0123195 0.86575 9.9991E-05 0.0201126
0.042094 0.00536853 0.00977426 9.9982E-05 0.790975 9.9982E-05 0.151588
9.9973E-05 9.9973E-05 9.9973E-05 0.00376775 0.888636 0.0628365 0.0444596
0.0114891 0.0617467 0.112288 9.9973E-05 0.814176 9.9973E-05 9.9973E-05
0.021192 9.9973E-05 9.9973E-05 9.9973E-05 0.881142 0.0323917 0.064974
9.9973E-05 0.0388166 9.9973E-05 9.9973E-05 0.879507 0.0113124 0.0700642
0.0538844 9.9982E-05 0.0454727 9.9982E-05 0.71919 0.113721 0.067532
0.102943 0.0130359 9.9982E-05 0.00230805 0.847031 0.0344821 9.9982E-05
0.0346462 9.9991E-05 0.0747446 0.049521 0.645519 0.0610298 0.13444
0.0211674 9.9973E-05 9.9973E-05 0.00283009 0.910716 0.0649867 9.9973E-05
9.9973E-05 0.0184625 9.9973E-05 0.000612784 0.971417 9.9973E-05 0.00920818
9.9991E-05 0.0193436 0.0395729 0.0101004 0.85086 0.0724127 0.0076108
0.0172568 9.9973E-05 9.9973E-05 9.9973E-05 0.91319 0.00839367 0.0608594
0.0910248 9.9964E-05 9.9964E-05 9.9964E-05 0.883116 9.9964E-05 0.0254598
0.0572135 9.9982E-05 9.9982E-05 0.0319228 0.842457 0.0401878 0.0280192
0.161384 9.9955E-05 9.9955E-05 9.9955E-05 0.838116 9.9955E-05 9.9955E-05
0.140751 9.9964E-05 9.9964E-05 9.9964E-05 0.774493 0.0843563 9.9964E-05
0.166719 9.9964E-05 9.9964E-05 9.9964E-05 0.779465 0.0534162 9.9964E-05
0.146479 9.9964E-05 9.9964E-05 9.9964E-05 0.79379 0.0593307 9.9964E-05
0.39703 0.267019 0.0697837 0.079147 0.129624 9.9991E-05 0.0572959
0.664314 0.0578663 0.0118578 0.135745 0.110466 9.9991E-05 0.0196513
0.501776 0.00398655 0.206098 0.0504773 0.131933 0.105629 9.9991E-05
0.176524 0.592402 9.9982E-05 0.0977978 0.0312859 9.9982E-05 0.10179
0.511219 0.134514 0.150274 0.0271124 0.101484 9.9991E-05 0.0752976
0.155424 0.669405 9.9982E-05 9.9982E-05 0.144113 0.0182685 0.01259
0.700019 0.140634 9.9982E-05 9.9982E-05 0.0590213 0.00621562 0.0939106
0.386844 0.141576 0.15679 0.164869 0.0914126 9.9991E-05 0.0584083
0.465468 0.155218 0.0737069 0.163516 0.0810605 0.026744 0.0342859
0.454832 9.9973E-05 0.0866374 0.408474 0.0497567 9.9973E-05 9.9973E-05
0.46372 0.265158 0.064455 9.9982E-05 0.0713705 9.9982E-05 0.135097
0.63464 0.150542 9.9991E-05 0.0677866 0.0335932 0.0157533 0.0975848
0.57596 0.101345 0.0924594 0.0372669 0.05576 9.9991E-05 0.137109
9.9982E-05 0.265701 0.331923 0.140711 9.9982E-05 0.0480402 0.213425
0.00965892 0.845266 9.9964E-05 9.9964E-05 9.9964E-05 9.9964E-05 0.144676
0.26249 0.619669 9.9973E-05 9.9973E-05 0.0345249 9.9973E-05 0.0830167
0.677378 0.137363 9.9973E-05 9.9973E-05 0.0465279 9.9973E-05 0.138432
0.519752 0.19518 0.0917798 0.0430161 0.13542 9.9991E-05 0.0147527
0.519377 0.247567 0.0838271 0.0453033 0.103726 9.9982E-05 9.9982E-05
0.590713 0.0535295 9.9991E-05 0.198194 0.0825651 0.0379656 0.0369326
0.551163 0.0163455 0.0563957 0.0451328 0.150179 0.180684 9.9991E-05
