9.9973E-05 9.9973E-05 0.0373291 0.839631 0.0420909 0.0081024 0.0563932 0.0161533 9.9973E-05
0.00534702 9.9946E-05 9.9946E-05 0.917765 9.9946E-05 9.9946E-05 9.9946E-05 0.0762885 9.9946E-05
9.9982E-05 9.9982E-05 0.0096473 0.754946 0.0346496 0.0335616 0.0684475 0.00412522 0.0944225
9.9964E-05 9.9964E-05 0.0831186 0.734678 0.0655136 9.9964E-05 0.113225 9.9964E-05 0.00306502
0.00672416 9.9964E-05 9.9964E-05 0.84444 0.0310807 9.9964E-05 0.0545451 9.9964E-05 0.06281
9.9964E-05 0.314079 0.0211747 0.565104 0.000314521 9.9964E-05 0.0989285 9.9964E-05 9.9964E-05
9.9955E-05 0.20783 0.0292745 0.755793 9.9955E-05 9.9955E-05 0.00660298 9.9955E-05 9.9955E-05
9.9955E-05 0.231679 0.056496 0.666449 9.9955E-05 9.9955E-05 0.0448763 9.9955E-05 9.9955E-05
9.99549E-05 9.99549E-05 9.99549E-05 0.800583 0.0468444 0.0736834 9.99549E-05 0.0783897 9.99549E-05
0.00774274 0.201678 9.9973E-05 0.667304 0.002258 9.9973E-05 0.108671 9.9973E-05 0.0120472
9.9946E-05 0.241906 9.9946E-05 0.731904 0.0255905 9.9946E-05 9.9946E-05 9.9946E-05 9.9946E-05
9.9955E-05 9.9955E-05 0.79037 9.9955E-05 9.9955E-05 9.9955E-05 0.122082 0.0444535 0.0425949
9.9955E-05 9.9955E-05 0.410513 0.00575214 0.0896586 9.9955E-05 9.9955E-05 9.9955E-05 0.493576
0.113467 9.9973E-05 0.684674 0.0364562 9.9973E-05 0.0130523 0.0939179 9.9973E-05 0.0581324
9.9955E-05 9.9955E-05 0.667224 0.0216799 9.9955E-05 9.9955E-05 0.149579 9.9955E-05 0.161017
0.0281871 9.9973E-05 0.352369 0.142271 9.9973E-05 9.9973E-05 0.20261 0.0734626 0.2008
0.0824259 9.9973E-05 0.3144 0.00520062 9.9973E-05 0.0156577 0.153197 9.9973E-05 0.428818
9.9964E-05 0.111249 0.425439 9.9964E-05 9.9964E-05 9.9964E-05 0.0991469 0.0647792 0.298986
9.9955E-05 9.9955E-05 0.6391 0.109104 9.9955E-05 9.9955E-05 0.0481121 9.9955E-05 0.203184
9.9946E-05 0.0994803 0.810215 0.0897054 9.9946E-05 9.9946E-05 9.9946E-05 9.9946E-05 9.9946E-05
9.9982E-05 0.0634511 0.413541 9.9982E-05 0.00248793 0.0172725 0.0482931 0.103646 0.351109
0.00108652 0.0886654 0.353472 9.9973E-05 9.9973E-05 0.106027 9.9973E-05 0.0571141 0.393335
9.9973E-05 0.0847969 0.262798 0.0371055 9.9973E-05 9.9973E-05 0.00427968 0.073795 0.536925
9.9964E-05 0.0987895 0.697046 9.9964E-05 9.9964E-05 9.9964E-05 0.135975 0.00095265 0.066838
9.9964E-05 0.135308 0.1181 0.0651214 9.9964E-05 9.9964E-05 0.104752 9.9964E-05 0.576319
9.9973E-05 9.9973E-05 0.356909 0.0134131 0.00420059 0.013546 0.0961115 9.9973E-05 0.51552
9.9955E-05 0.0099865 0.840754 0.0268449 9.9955E-05 9.9955E-05 0.121914 9.9955E-05 9.9955E-05
9.9937E-05 9.9937E-05 0.810576 9.9937E-05 9.9937E-05 9.9937E-05 0.188724 9.9937E-05 9.9937E-05
0.0967429 0.0567469 0.720388 9.9973E-05 9.9973E-05 9.9973E-05 0.0415916 0.000726297 0.0835039
9.9946E-05 9.9946E-05 9.9946E-05 0.827503 9.9946E-05 9.9946E-05 0.0287835 9.9946E-05 0.143113
9.9946E-05 9.9946E-05 0.00369088 0.811723 9.9946E-05 9.9946E-05 9.9946E-05 9.9946E-05 0.183987
9.9964E-05 9.9964E-05 9.9964E-05 0.766183 9.9964E-05 0.0204293 0.0653696 0.0478377 0.0997803
9.9964E-05 9.9964E-05 9.9964E-05 0.648092 9.9964E-05 0.0597529 0.102216 0.0138701 0.17567
9.9973E-05 0.113109 0.0642498 0.0145482 0.0604891 9.9973E-05 9.9973E-05 0.169098 0.578205
9.9973E-05 0.0195534 0.0993458 0.1249 0.0364219 9.9973E-05 9.9973E-05 0.238356 0.481123
0.0113293 9.9964E-05 9.9964E-05 0.0355063 0.00274356 9.9964E-05 9.9964E-05 0.372083 0.577938
9.9973E-05 9.9973E-05 0.624473 0.0838067 0.190941 9.9973E-05 0.0455872 0.0366174 0.0182744
0.0268159 9.9973E-05 9.9973E-05 0.0241445 9.9973E-05 0.0185323 0.0282347 0.579245 0.322728
9.9982E-05 9.9982E-05 0.217085 0.0448728 0.0491918 0.0774053 0.00381636 0.130269 0.47716
0.0784431 0.0684168 9.9973E-05 0.0612169 9.9973E-05 9.9973E-05 0.00570989 0.139907 0.646006
9.9964E-05 0.319002 9.9964E-05 0.0834459 9.9964E-05 9.9964E-05 0.00981498 0.129573 0.457765
0.0467205 0.222662 9.9973E-05 0.059851 0.0789017 9.9973E-05 9.9973E-05 0.00990547 0.58166
9.9964E-05 9.9964E-05 0.231226 9.9964E-05 9.9964E-05 0.0364629 0.00284138 0.605975 0.123095
9.9973E-05 0.20982 0.0760967 0.0209573 9.9973E-05 9.9973E-05 0.0542355 0.0749853 0.563605
9.9973E-05 0.0962604 9.9973E-05 0.0525481 0.0436266 9.9973E-05 0.0674193 0.161113 0.578733
0.0369261 9.9973E-05 0.077421 0.111043 9.9973E-05 9.9973E-05 0.134052 0.213123 0.427135
9.9955E-05 9.9955E-05 0.0202731 9.9955E-05 9.9955E-05 0.048739 9.9955E-05 0.592397 0.338091
9.9982E-05 0.0261131 0.0545429 0.0209301 9.9982E-05 0.0790522 0.0567805 0.174209 0.588172
9.9982E-05 0.162463 0.0696887 0.112155 9.9982E-05 0.0217196 0.0504186 0.0738458 0.509509
0.0357443 0.0100441 9.9964E-05 0.0145497 9.9964E-05 0.190528 9.9964E-05 0.748734 9.9964E-05
0.030464 0.0809298 0.287156 9.9982E-05 0.234904 0.0433176 9.9982E-05 0.173436 0.149593
0.110108 0.206461 0.3983 9.9964E-05 9.9964E-05 0.120129 9.9964E-05 0.164603 9.9964E-05
0.0201086 0.0205299 0.232365 9.9991E-05 0.00828007 0.0299615 0.0776589 0.0955602 0.515436
0.082452 0.164911 0.183164 0.0565133 9.9973E-05 9.9973E-05 0.0641245 9.9973E-05 0.448536
0.0347129 0.0522124 0.0492569 9.9991E-05 0.0701105 0.0140973 0.0429519 0.0715271 0.665031
0.0276202 9.9982E-05 0.175437 0.0737607 0.226915 0.0842845 9.9982E-05 0.258027 0.153755
0.0737133 0.0362335 0.141899 9.9982E-05 0.102599 0.056885 9.9982E-05 0.0274487 0.561021
9.9982E-05 0.050045 0.207789 0.0288522 0.0560273 0.0560841 0.0881829 9.9982E-05 0.51282
0.037574 0.146015 0.336064 0.142388 9.9973E-05 9.9973E-05 9.9973E-05 0.0564933 0.281166
0.0311769 9.9991E-05 0.575101 0.142975 0.0417574 0.172504 0.00166846 0.00103759 0.0336792
9.9991E-05 0.0678544 0.204706 0.0718111 0.00386798 0.0169599 0.0241953 0.138331 0.472174
9.9973E-05 9.9973E-05 0.298754 0.0690105 0.0963359 0.0850066 9.9973E-05 0.0644745 0.386118
0.0107475 0.044367 0.608332 0.00918419 0.10128 0.0904906 9.9982E-05 0.135398 9.9982E-05
0.0379622 9.9973E-05 0.410201 9.9973E-05 0.0274011 0.0276368 9.9973E-05 0.0424913 0.454007
0.0930518 0.0477382 0.0845126 9.9973E-05 0.039236 0.0898553 9.9973E-05 9.9973E-05 0.645306
0.0924249 0.0780219 0.18455 0.00189328 0.0563673 0.0718269 0.0688351 0.0164638 0.429617
9.9982E-05 0.0502963 0.426785 0.0145027 9.9982E-05 0.102214 0.0512617 0.148091 0.20665
0.0510695 0.0979676 0.403098 9.9973E-05 9.9973E-05 0.049493 0.0283081 9.9973E-05 0.369764
0.0296054 9.9991E-05 0.085476 0.071723 0.11488 0.00571004 0.0550256 0.0775816 0.559898
0.0696045 0.0564471 0.613247 0.00192985 0.0115595 0.103449 9.9991E-05 0.0656433 0.07802
9.9955E-05 9.9955E-05 0.0590009 9.9955E-05 0.0194324 9.9955E-05 9.9955E-05 0.41195 0.509117
9.9964E-05 9.9964E-05 0.203893 0.0123214 9.9964E-05 9.9964E-05 0.0215711 0.624744 0.13707
0.0342149 0.0191805 0.137097 0.0201092 0.0342145 0.0628048 9.9991E-05 0.178956 0.513324
9.9946E-05 0.0144607 9.9946E-05 9.9946E-05 9.9946E-05 0.0674862 9.9946E-05 0.917453 9.9946E-05
0.0518276 9.9955E-05 0.102522 9.9955E-05 9.9955E-05 0.0398769 9.9955E-05 0.805274 9.9955E-05
0.0130941 9.9946E-05 9.9946E-05 9.9946E-05 9.9946E-05 9.9946E-05 9.9946E-05 0.727376 0.258931
9.9973E-05 0.0189955 0.127494 0.0103942 0.00459534 9.9973E-05 9.9973E-05 0.413266 0.424956
9.9964E-05 9.9964E-05 9.9964E-05 0.198791 0.051874 0.0327227 9.9964E-05 0.149413 0.566799
9.9973E-05 9.9973E-05 0.0898323 0.00865991 9.9973E-05 0.042051 0.02977 0.424269 0.405118
9.9973E-05 9.9973E-05 0.169111 0.0136012 0.0369325 9.9973E-05 0.114192 0.628285 0.0375778
9.9964E-05 9.9964E-05 0.122676 0.0526441 0.141768 9.9964E-05 9.9964E-05 0.433593 0.248919
0.0571391 9.9991E-05 0.11052 0.0114508 0.0732847 0.0156898 0.0734343 0.223956 0.434425
9.9955E-05 9.9955E-05 0.134653 9.9955E-05 9.9955E-05 9.9955E-05 0.0798087 0.618115 0.166924
9.9973E-05 0.0567815 0.152991 0.0163698 9.9973E-05 9.9973E-05 0.00450055 0.444716 0.324342
0.0747307 0.0323551 9.9955E-05 9.9955E-05 9.9955E-05 9.9955E-05 9.9955E-05 0.527496 0.364918
0.0797274 0.10252 0.0228384 9.9964E-05 9.9964E-05 0.0689545 9.9964E-05 0.725559 9.9964E-05
0.00736815 0.042335 0.0438179 9.9982E-05 0.0643712 9.9982E-05 0.0692769 0.341962 0.430669
9.9964E-05 9.9964E-05 0.016704 0.841573 0.0211726 9.9964E-05 0.00219573 9.9964E-05 0.117955
9.99371E-05 9.99371E-05 9.99371E-05 0.888296 9.99371E-05 9.99371E-05 9.99371E-05 9.99371E-05 0.111005
9.9955E-05 9.9955E-05 9.9955E-05 0.840019 9.9955E-05 0.024761 0.0250981 9.9955E-05 0.109622
9.9946E-05 9.9946E-05 9.9946E-05 0.80708 9.9946E-05 0.122188 9.9946E-05 9.9946E-05 0.0701318
9.9946E-05 9.9946E-05 9.9946E-05 0.846652 9.9946E-05 0.0249739 9.9946E-05 9.9946E-05 0.127774
0.00666755 9.9973E-05 9.9973E-05 0.824302 0.00514904 0.0771146 0.0125637 9.9973E-05 0.073903
9.99551E-05 0.0288939 9.99551E-05 0.883747 9.99551E-05 0.0302246 9.99551E-05 9.99551E-05 0.0566346
9.9982E-05 9.9982E-05 0.0162659 0.142761 0.0703546 0.0400072 0.0544574 0.247735 0.428218
0.0264541 0.0351923 9.9982E-05 0.128895 0.00486869 9.9982E-05 0.0429547 0.278064 0.483371
0.0506032 9.9973E-05 0.158848 0.0441682 0.00234814 9.9973E-05 9.9973E-05 0.721111 0.0226211
0.0204718 0.0346306 9.9982E-05 0.132042 0.0223203 9.9982E-05 0.0841385 0.202486 0.50371
9.9973E-05 0.068212 0.152444 0.0284715 9.9973E-05 9.9973E-05 0.0215534 0.361181 0.367838
0.0345231 9.9973E-05 0.0445112 0.0299943 9.9973E-05 0.00173236 9.9973E-05 0.249448 0.639491
0.0722946 0.0410309 0.0736959 0.0409845 9.9991E-05 0.0284808 0.0184387 0.149062 0.575913
0.0821099 0.0507058 9.9964E-05 9.9964E-05 9.9964E-05 9.9964E-05 0.148467 0.401716 0.316602
0.0189213 0.00222507 0.205558 0.0779037 9.9964E-05 9.9964E-05 9.9964E-05 0.694992 9.9964E-05
0.081355 0.0986128 0.0755067 0.0974937 0.0133455 9.9991E-05 0.00703807 0.17674 0.449808
9.9973E-05 0.0900021 0.0916429 0.00811743 0.0207208 9.9973E-05 9.9973E-05 0.184507 0.604709
9.9982E-05 0.146402 0.0771243 0.10619 0.0388463 9.9982E-05 0.0324986 0.0657151 0.533024
9.9964E-05 0.186096 9.9964E-05 0.0350192 0.0133057 9.9964E-05 9.9964E-05 0.462614 0.302565
0.0753993 0.0403016 9.9955E-05 9.9955E-05 9.9955E-05 9.9955E-05 9.9955E-05 0.368587 0.515212
9.9973E-05 9.9973E-05 0.0489809 0.0487263 0.00562044 9.9973E-05 0.0201328 0.381597 0.494642
0.0147554 0.0154445 9.9964E-05 9.9964E-05 9.9964E-05 9.9964E-05 0.119128 0.603769 0.246503
9.9955E-05 9.9955E-05 9.9955E-05 0.0756051 0.0938993 9.9955E-05 9.9955E-05 0.403955 0.426041
0.0733733 9.9982E-05 0.113759 0.0418901 0.0177207 0.130463 9.9982E-05 0.156038 0.466556
0.186394 9.9964E-05 0.436834 9.9964E-05 0.0482531 0.13743 9.9964E-05 9.9964E-05 0.19069
9.9982E-05 0.0952314 0.304846 0.0878106 0.0816693 0.0350052 0.00504439 9.9982E-05 0.390193
0.149594 9.9982E-05 0.228798 0.105888 0.0486438 9.9982E-05 0.0816219 0.00887944 0.376375
9.9973E-05 0.0600484 9.9973E-05 9.9973E-05 0.201806 0.0398529 0.0760596 0.125384 0.496549
0.0462921 9.9973E-05 0.458368 0.00355799 0.0415795 0.0583707 9.9973E-05 9.9973E-05 0.391532
0.0196645 0.000610857 0.24751 0.00956853 0.0925135 0.0597884 0.0200296 9.9991E-05 0.550215
0.0816304 9.9973E-05 0.318355 0.0114493 0.152727 9.9973E-05 0.0109147 9.9973E-05 0.424623
0.12457 0.0255294 0.00612556 0.0761144 0.15091 0.0622333 9.9991E-05 0.033369 0.521049
0.0601874 0.0938761 0.107832 9.9973E-05 0.0626023 9.9973E-05 9.9973E-05 0.0957994 0.579403
0.0814539 0.0871251 0.230438 0.0343608 9.9973E-05 0.00805872 9.9973E-05 9.9973E-05 0.558263
9.9964E-05 0.0170603 0.248612 9.9964E-05 0.189405 9.9964E-05 9.9964E-05 0.00106451 0.543458
0.0693343 0.0194498 9.9973E-05 0.109123 0.121384 9.9973E-05 9.9973E-05 0.0442378 0.636171
0.0237161 0.0969447 9.9991E-05 0.0139654 0.201875 0.0338171 0.153932 0.0799628 0.395687
0.0416984 9.9973E-05 0.302514 9.9973E-05 0.0825457 9.9973E-05 0.0165624 0.023126 0.533254
0.0908336 0.106758 0.15392 9.9982E-05 0.0647386 0.0589047 0.00894539 9.9982E-05 0.515699
0.0875164 0.00926947 0.148609 9.9982E-05 0.116446 9.9982E-05 0.0375049 0.0163744 0.584079
0.126186 0.0640739 0.296064 9.9973E-05 0.0929884 0.0803262 9.9973E-05 9.9973E-05 0.340061
0.0539735 0.04387 0.091831 9.9991E-05 0.0648919 0.0746876 0.0104821 0.0320305 0.628134
0.0733317 0.0106192 0.107223 0.0255386 0.064688 0.092295 0.00703121 0.000662017 0.618611
0.0479338 9.9982E-05 0.423648 0.0172967 0.147537 9.9982E-05 0.0732297 0.110112 0.180043
0.142512 0.120947 0.362435 9.9982E-05 0.0911194 0.158442 0.0324984 9.9982E-05 0.0918463
0.0151674 0.0851512 0.144839 9.9991E-05 0.154843 0.00840193 0.0619504 0.0766906 0.452857
0.300236 0.0873626 0.182108 9.9991E-05 0.211355 0.020609 0.0117484 0.156695 0.029786
0.0503129 0.0287991 0.443479 0.066651 0.122839 9.9982E-05 9.9982E-05 0.117654 0.170066
0.0563241 9.9973E-05 0.367763 0.0589365 0.0166662 9.9973E-05 9.9973E-05 0.138221 0.361789
0.0193057 9.9973E-05 0.379937 0.0510663 0.189137 9.9973E-05 9.9973E-05 0.135098 0.225156
9.9982E-05 0.118747 0.56017 0.00359816 0.0959082 9.9982E-05 0.00917485 0.0334271 0.178774
0.0594641 0.0504637 0.177667 0.0584058 9.9973E-05 9.9973E-05 9.9973E-05 0.053909 0.599791
9.9991E-05 0.0424838 0.138468 0.102425 0.0754903 0.0329432 0.100525 0.0490495 0.458515
0.0485875 0.034855 0.210311 0.0535479 0.0660996 9.9991E-05 0.0118315 0.0359251 0.538743
0.164546 0.0754107 0.206224 9.9982E-05 0.143726 0.150102 9.9982E-05 0.11939 0.1404
9.9991E-05 0.131855 0.00466825 0.116439 0.0873442 0.0639262 0.000444407 0.121303 0.47392
0.112397 0.193286 0.0267092 0.00171117 0.00966545 0.057905 0.120449 0.0773557 0.400522
0.202025 0.277661 0.120917 0.0700213 0.0443301 0.214455 9.9982E-05 0.0703909 9.9982E-05
0.0980514 9.9964E-05 9.9964E-05 0.119431 9.9964E-05 0.0268834 9.9964E-05 0.114623 0.640612
0.0789206 0.0776849 0.0270233 0.103559 9.9991E-05 0.0662957 0.021176 0.32195 0.30329
0.0756887 0.0803355 0.0229832 0.0107402 0.0555519 0.168892 0.0086935 0.106838 0.470277
0.145783 0.275402 0.0700368 0.0675447 0.0365226 0.100668 9.9991E-05 0.132631 0.171311
0.137034 0.423355 0.173666 0.0549833 0.0443143 0.00407724 9.9991E-05 0.0837359 0.078735
0.160202 0.202704 0.0154903 0.0318043 0.0911144 9.9982E-05 9.9982E-05 0.0884925 0.409993
9.9991E-05 0.251208 0.142268 0.0109028 0.0818788 0.0552856 0.0820116 0.0280302 0.348314
9.9991E-05 0.122091 0.166871 0.0900819 0.0329145 0.132768 0.0544065 0.0038522 0.396915
0.121695 0.250238 0.141115 9.9973E-05 9.9973E-05 0.170682 0.124017 0.191953 9.9973E-05
0.110317 9.9991E-05 0.121898 0.0053834 0.0297935 0.0592028 0.0840929 0.0375229 0.551689
0.0562645 0.325337 0.153273 9.9964E-05 9.9964E-05 9.9964E-05 9.9964E-05 0.19833 0.266395
0.102926 0.169877 0.188024 9.9973E-05 9.9973E-05 0.0713771 9.9973E-05 0.0679755 0.399521
0.0290729 0.0934904 0.0389977 0.0332587 0.0489199 0.0473477 0.0911074 0.128378 0.489428
9.9973E-05 0.175505 0.0603288 0.194366 9.9973E-05 0.204071 0.253358 9.9973E-05 0.11207
0.0327871 0.0872337 9.9964E-05 0.396335 9.9964E-05 0.414051 0.069193 9.9964E-05 9.9964E-05
0.0232617 0.16376 9.9964E-05 0.326085 9.9964E-05 0.423506 0.0629875 9.9964E-05 9.9964E-05
9.9982E-05 0.0486537 0.0808195 0.295246 0.0114373 0.236643 0.277589 9.9982E-05 0.0494108
0.0344857 0.316195 9.9955E-05 9.9955E-05 9.9955E-05 9.9955E-05 9.9955E-05 0.0671339 0.581686
0.0885703 0.13895 0.0736361 0.053433 0.0185876 0.0328203 0.0134406 0.027981 0.552582
0.0373286 9.9964E-05 0.0164439 9.9964E-05 9.9964E-05 9.9964E-05 0.675671 0.0148153 0.255342
0.113283 9.9973E-05 0.0938036 0.0387612 9.9973E-05 9.9973E-05 0.390901 0.0203967 0.342554
0.0783787 0.0419373 0.00927697 0.0954543 9.9982E-05 9.9982E-05 0.323915 0.0822301 0.368608
0.180689 0.443171 0.0126318 9.9973E-05 9.9973E-05 0.0559042 9.9973E-05 0.0448156 0.262489
0.00991162 0.187293 0.15601 0.032658 0.0219758 0.0325058 0.0656514 0.0270916 0.466903
0.250253 0.440116 0.099007 9.9973E-05 9.9973E-05 0.081529 9.9973E-05 0.0404823 0.0883127
0.0875082 0.213381 0.0130181 9.9973E-05 9.9973E-05 0.0892826 9.9973E-05 0.0215555 0.574955
0.232965 0.185189 0.0889886 9.9973E-05 0.00978225 9.9973E-05 9.9973E-05 0.0408609 0.441913
0.072544 0.309806 0.0138869 9.9973E-05 9.9973E-05 9.9973E-05 0.0325912 0.00432788 0.566544
0.183256 0.42879 0.0535933 9.9973E-05 9.9973E-05 0.0875995 9.9973E-05 0.0945018 0.151959
0.0540809 0.0840072 0.00700214 0.0414323 9.9991E-05 0.00278401 0.116983 0.195388 0.498222
0.00950231 0.176738 9.9982E-05 0.084769 0.0293094 0.0818386 9.9982E-05 0.0624319 0.555211
0.042184 9.9946E-05 9.9946E-05 9.9946E-05 9.9946E-05 9.9946E-05 0.955794 0.00142244 9.9946E-05
9.9946E-05 0.0320886 9.9946E-05 9.9946E-05 9.9946E-05 9.9946E-05 0.907396 9.9946E-05 0.0599152
9.9973E-05 0.0737497 0.074413 0.00343253 9.9973E-05 9.9973E-05 0.616946 0.0219264 0.209233
9.9955E-05 9.9955E-05 9.9955E-05 0.0103562 0.0173953 9.9955E-05 0.629479 9.9955E-05 0.34227
9.9964E-05 0.05718 9.9964E-05 9.9964E-05 0.0306913 9.9964E-05 0.809638 0.0423907 0.0597006
9.993E-05 9.993E-05 9.993E-05 9.993E-05 9.993E-05 9.993E-05 0.999201 9.993E-05 9.993E-05
9.9955E-05 9.9955E-05 9.9955E-05 0.00357515 0.0189847 0.00997493 0.966965 9.9955E-05 9.9955E-05
0.00562287 9.9955E-05 9.9955E-05 9.9955E-05 9.9955E-05 9.9955E-05 0.85701 0.0222931 0.114575
9.9937E-05 9.9937E-05 0.0610751 9.9937E-05 9.9937E-05 9.9937E-05 0.938225 9.9937E-05 9.9937E-05
9.993E-05 9.993E-05 9.993E-05 9.993E-05 9.993E-05 9.993E-05 0.999201 9.993E-05 9.993E-05
9.993E-05 9.993E-05 9.993E-05 9.993E-05 9.993E-05 9.993E-05 0.999201 9.993E-05 9.993E-05
0.0118785 9.9964E-05 0.0810635 0.0152911 9.9964E-05 9.9964E-05 0.722175 9.9964E-05 0.169192
9.9964E-05 9.9964E-05 9.9964E-05 0.0479119 0.0182977 0.0495429 0.790524 9.9964E-05 0.0933234
9.9937E-05 9.9937E-05 9.9937E-05 9.9937E-05 9.9937E-05 9.9937E-05 0.975167 0.0241331 9.9937E-05
0.0671086 9.9991E-05 0.102548 0.0317006 0.0537464 0.0371673 0.383281 0.0370938 0.287254
9.9973E-05 9.9973E-05 9.9973E-05 0.00760234 0.0459179 0.0188154 0.627791 0.0193872 0.280186
9.9946E-05 9.9946E-05 9.9946E-05 9.9946E-05 0.0413757 9.9946E-05 0.785365 9.9946E-05 0.172659
9.9946E-05 9.9946E-05 0.0447014 9.9946E-05 9.9946E-05 9.9946E-05 0.895534 9.9946E-05 0.0591647
9.9946E-05 9.9946E-05 9.9946E-05 9.9946E-05 0.0151186 0.0154997 0.968782 9.9946E-05 9.9946E-05
9.9955E-05 9.9955E-05 9.9955E-05 9.9955E-05 0.0197776 0.0150751 0.909418 9.9955E-05 0.0552296
9.993E-05 9.993E-05 9.993E-05 9.993E-05 9.993E-05 9.993E-05 0.999201 9.993E-05 9.993E-05
0.0240274 9.9964E-05 0.0609194 9.9964E-05 0.0694297 9.9964E-05 0.652818 9.9964E-05 0.192406
0.00126671 9.9964E-05 0.056447 0.00377631 9.9964E-05 9.9964E-05 0.931821 0.00628897 9.9964E-05
0.0165084 0.567913 0.00423501 0.245354 9.9964E-05 0.165589 9.9964E-05 9.9964E-05 9.9964E-05
9.9982E-05 0.183747 0.0181129 0.0915612 0.135776 0.163564 0.0655676 9.9982E-05 0.341471
9.9982E-05 0.283125 9.9982E-05 0.208626 0.0588599 0.0144412 0.0437177 0.052751 0.338279
0.00618751 0.419401 9.9991E-05 0.131399 0.0240135 0.171776 0.128321 0.0228679 0.095935
0.0197625 0.256842 0.0557094 0.0866018 0.0683726 0.103377 0.097777 0.0182247 0.293333
0.0198085 0.209575 0.123117 0.179078 9.9991E-05 0.214424 0.0533057 0.0324191 0.168173
0.11981 0.12314 0.113818 0.0982901 0.0170304 9.9991E-05 0.0827564 0.0773252 0.36773
0.0273705 0.333381 9.9982E-05 0.0148375 9.9982E-05 0.216684 0.209197 0.00307018 0.195261
9.9982E-05 0.269517 0.00384079 0.106498 9.9982E-05 0.0839933 0.153858 0.0696789 0.312414
9.9964E-05 0.314489 9.9964E-05 0.0784007 9.9964E-05 0.152955 0.127796 9.9964E-05 0.32596
9.9964E-05 0.143421 0.147238 0.169477 9.9964E-05 9.9964E-05 0.102546 9.9964E-05 0.436919
0.000811615 0.0658762 9.9973E-05 0.784452 0.0637764 0.0222952 9.9973E-05 9.9973E-05 0.0624889
9.9964E-05 0.0121508 0.0109258 0.88481 9.9964E-05 0.0293568 0.0623572 9.9964E-05 9.9964E-05
9.9946E-05 9.9946E-05 9.9946E-05 0.933248 9.9946E-05 0.0533852 9.9946E-05 0.0127667 9.9946E-05
0.0170516 9.9964E-05 9.9964E-05 0.904599 0.0253029 0.0324103 9.9964E-05 9.9964E-05 0.0202367
9.9973E-05 0.00139419 0.0629083 0.840485 0.0100017 0.063401 9.9973E-05 9.9973E-05 0.0215097
0.0107568 9.9955E-05 9.9955E-05 0.839655 9.9955E-05 0.0979297 0.0511587 9.9955E-05 9.9955E-05
9.9955E-05 9.9955E-05 9.9955E-05 0.873588 0.0150613 9.9955E-05 0.0730883 9.9955E-05 0.0377625
0.0214355 0.0280753 9.9964E-05 0.860442 9.9964E-05 0.053614 9.9964E-05 0.0360331 9.9964E-05
9.9964E-05 9.9964E-05 9.9964E-05 0.838112 9.9964E-05 0.0875051 0.0122088 0.0450276 0.0167463
9.9964E-05 9.9964E-05 9.9964E-05 0.76067 0.0323781 0.101662 0.104391 9.9964E-05 0.00049837
0.0386422 9.9964E-05 0.262596 0.621002 0.0349006 9.9964E-05 9.9964E-05 0.0424589 9.9964E-05
0.00481999 9.9982E-05 0.0996552 0.604617 0.193734 0.00229879 0.00926034 0.085415 9.9982E-05
0.03187 0.00681989 0.263843 0.546229 0.091561 0.0229563 9.9982E-05 0.0365205 9.9982E-05
0.0543697 0.0602601 0.323803 0.480779 0.0314649 9.9973E-05 9.9973E-05 0.049024 9.9973E-05
9.9973E-05 9.9973E-05 0.186399 0.0332491 0.0484552 0.0033962 9.9973E-05 0.247512 0.480689
0.0292842 0.0274076 0.0484509 0.0442937 0.100674 9.9991E-05 0.0135831 0.301447 0.434759
9.9973E-05 0.0485199 0.0682557 9.9973E-05 0.0803679 9.9973E-05 0.0985132 0.233025 0.471019
0.123248 9.9982E-05 0.206667 0.0530466 0.120158 0.0147357 9.9982E-05 0.0942995 0.387646
0.0853427 0.00674302 0.521276 9.9982E-05 0.196097 9.9982E-05 0.00114804 0.116458 0.0727356
0.128879 0.0201911 0.0203539 0.0551068 0.0285031 9.9991E-05 0.0673844 0.154006 0.525476
9.9964E-05 9.9964E-05 0.0547325 9.9964E-05 0.0327254 0.0272193 9.9964E-05 0.318399 0.566524
0.0759643 0.0173182 0.11648 9.9973E-05 9.9973E-05 0.0934055 9.9973E-05 0.167561 0.528971
9.9955E-05 0.112488 9.9955E-05 9.9955E-05 9.9955E-05 9.9955E-05 0.0991677 0.575074 0.21277
0.1019 0.0106842 0.0642538 0.0282467 0.148328 0.0709693 0.0128165 0.0500857 0.512716
0.0916925 0.0631862 9.9964E-05 9.9964E-05 0.086019 9.9964E-05 9.9964E-05 0.389901 0.368801
0.315178 9.9955E-05 0.0211725 9.9955E-05 0.0255026 9.9955E-05 9.9955E-05 0.637647 9.9955E-05
0.102037 9.9982E-05 0.0942922 9.9982E-05 0.0542755 0.092806 0.01724 0.176262 0.462888
0.0849961 0.0886985 9.9964E-05 9.9964E-05 9.9964E-05 0.0861767 9.9964E-05 0.522371 0.217358
0.099546 0.0828014 0.0141596 9.9973E-05 0.00840026 9.9973E-05 9.9973E-05 0.26768 0.527113
9.9964E-05 9.9964E-05 0.100869 0.0493353 0.106888 9.9964E-05 9.9964E-05 0.62461 0.117898
9.9946E-05 0.240248 9.9946E-05 0.00347437 0.755678 9.9946E-05 9.9946E-05 9.9946E-05 9.9946E-05
9.9955E-05 0.193683 9.9955E-05 0.00979764 0.754782 9.9955E-05 9.9955E-05 9.9955E-05 0.0412379
9.9946E-05 0.169628 9.9946E-05 0.00029072 0.829481 9.9946E-05 9.9946E-05 9.9946E-05 9.9946E-05
9.9955E-05 0.153206 9.9955E-05 0.0929451 0.741702 9.9955E-05 9.9955E-05 0.011647 9.9955E-05
9.9955E-05 0.157016 9.9955E-05 9.9955E-05 0.796487 9.9955E-05 0.0123614 9.9955E-05 0.0336358
9.9946E-05 0.0797475 9.9946E-05 9.9946E-05 0.795355 9.9946E-05 9.9946E-05 9.9946E-05 0.124298
9.9946E-05 9.9946E-05 9.9946E-05 0.881581 9.9946E-05 9.9946E-05 0.0260712 9.9946E-05 0.0917481
9.9955E-05 9.9955E-05 0.0505601 0.844771 9.9955E-05 0.0255196 9.9955E-05 9.9955E-05 0.0786493
9.9955E-05 0.0199373 9.9955E-05 0.752297 9.9955E-05 9.9955E-05 0.104961 9.9955E-05 0.122305
9.9964E-05 9.9964E-05 0.0981391 0.771602 0.0116571 9.9964E-05 0.0842266 9.9964E-05 0.0339756
9.9964E-05 0.0441928 0.00115365 0.811577 9.9964E-05 9.9964E-05 0.0434666 9.9964E-05 0.0992103
9.9964E-05 0.127625 0.0798232 0.341418 0.443115 9.9964E-05 9.9964E-05 0.0076195 9.9964E-05
0.0397965 0.0754742 0.0331954 0.422728 0.345572 9.9973E-05 9.9973E-05 0.082934 9.9973E-05
0.0394256 9.9982E-05 0.00745204 0.391877 0.415969 0.0200786 0.0103673 0.114631 9.9982E-05
9.9946E-05 9.9946E-05 9.9946E-05 0.79552 9.9946E-05 0.00654585 9.9946E-05 9.9946E-05 0.197334
0.0541267 9.9964E-05 9.9964E-05 0.326232 0.45523 0.061342 9.9964E-05 0.10267 9.9964E-05
0.0148169 0.00364976 9.9982E-05 0.142969 0.0334172 0.225424 0.280485 9.9982E-05 0.299038
0.00629041 0.0809447 9.9982E-05 0.0540712 0.0107588 0.108234 0.231493 9.9982E-05 0.508009
9.9955E-05 9.9955E-05 9.9955E-05 0.196873 9.9955E-05 0.0150059 0.269121 9.9955E-05 0.5185
9.9973E-05 0.0399063 9.9973E-05 0.198152 9.9973E-05 0.158643 0.133301 0.0759238 0.393774
0.0148283 0.0393652 0.060338 0.197974 0.0135043 9.9991E-05 0.165406 0.0346483 0.473836
9.9955E-05 0.075669 9.9955E-05 0.336316 9.9955E-05 0.35485 0.232666 9.9955E-05 9.9955E-05
0.0616113 0.0685079 0.267183 9.9973E-05 0.138013 9.9973E-05 9.9973E-05 0.072055 0.392329
0.179217 0.0361642 0.0579054 9.9982E-05 0.170562 0.137316 9.9982E-05 0.045827 0.372808
0.0175276 9.9964E-05 0.52012 0.0773467 0.110889 9.9964E-05 9.9964E-05 9.9964E-05 0.273717
0.230474 9.9964E-05 0.088587 9.9964E-05 0.153517 9.9964E-05 9.9964E-05 0.0716828 0.455339
0.369682 0.0341331 0.121991 9.9973E-05 0.080216 0.165273 9.9973E-05 0.228406 9.9973E-05
0.0429647 0.00750326 0.141854 0.0580106 9.9991E-05 0.111759 0.0462311 0.164189 0.427389
0.116465 0.08806 0.191133 9.9991E-05 0.0594927 0.0207513 0.00257338 0.0627844 0.45864
0.0373067 9.9982E-05 0.561658 0.0668079 0.0278122 0.00902682 9.9982E-05 0.0288836 0.268305
9.9982E-05 0.0832656 0.138413 0.111686 0.044308 0.00410005 0.00739399 9.9982E-05 0.610633
0.162269 0.0693237 0.469867 9.9964E-05 9.9964E-05 0.147646 9.9964E-05 0.150494 9.9964E-05
0.177104 0.00310797 0.0607977 9.9991E-05 0.149419 0.0445946 0.0383554 0.0722559 0.454265
9.9982E-05 0.0332816 0.161648 9.9982E-05 0.186868 0.00467871 0.0203744 0.0907112 0.502237
0.0559828 9.9991E-05 0.00184354 0.0863865 0.0365052 0.118309 0.153291 0.165729 0.381853
0.174238 9.9973E-05 0.343073 9.9973E-05 0.0920068 0.0351312 9.9973E-05 0.0252258 0.330025
0.0855313 9.9982E-05 0.16341 0.00351795 0.193551 0.0589184 9.9982E-05 0.0785302 0.416341
0.183355 0.139726 0.228785 9.9982E-05 9.9982E-05 0.0132536 0.0831464 0.0250145 0.326519
0.105069 0.0133626 0.217485 9.9982E-05 0.0793543 0.0205637 9.9982E-05 0.0741535 0.489812
0.0372649 9.9973E-05 0.14398 9.9973E-05 0.102335 9.9973E-05 0.0705663 0.11256 0.532994
9.9982E-05 9.9982E-05 0.146916 0.0422262 0.164563 0.0471921 0.0646972 0.0502335 0.483972
9.9973E-05 9.9973E-05 0.0726766 0.0116179 0.185006 0.0966139 9.9973E-05 0.0195166 0.614269
9.9955E-05 0.000365243 9.9955E-05 0.804282 9.9955E-05 9.9955E-05 0.0355977 9.9955E-05 0.159255
0.033397 0.0233228 9.9973E-05 0.798093 9.9973E-05 9.9973E-05 0.0579087 0.0320774 0.0549009
9.9982E-05 0.032638 9.9982E-05 0.753754 0.0161582 0.0754508 0.0128958 0.0577946 0.051109
0.0333498 9.9973E-05 9.9973E-05 0.778761 0.0521612 9.9973E-05 0.0399162 0.0577423 0.03777
0.0236767 9.9946E-05 9.9946E-05 0.826231 9.9946E-05 9.9946E-05 9.9946E-05 9.9946E-05 0.149493
9.9982E-05 0.0266795 0.653124 9.9982E-05 0.142255 0.0750641 0.00757889 0.0091773 0.0859212
0.0524929 0.0370021 0.225599 0.00136457 0.087896 0.00657672 0.10771 0.119347 0.362011
0.07269 0.00445504 9.9982E-05 0.141793 0.0259239 0.193376 0.143294 9.9982E-05 0.418269
0.0127796 9.9991E-05 0.150824 0.0160947 0.0418164 0.0639099 0.0121197 0.0305078 0.671848
0.027321 9.9982E-05 0.193213 0.0723907 0.154173 0.0256974 9.9982E-05 0.00245938 0.524546
0.125148 9.9973E-05 0.345265 9.9973E-05 0.167173 0.094165 0.0198801 9.9973E-05 0.248069
9.9973E-05 0.0592307 0.479253 0.0471717 0.265092 0.148433 9.9973E-05 0.000518933 9.9973E-05
0.0411138 0.0423029 0.178468 0.032673 0.177986 9.9991E-05 0.0207372 0.00615089 0.500468
0.146748 9.9982E-05 0.336908 0.0605143 0.258441 9.9982E-05 0.0823339 0.0440508 0.0708041
0.104091 0.0688703 9.9982E-05 9.9982E-05 0.101903 0.100971 0.00169932 0.201991 0.420274
0.0824699 9.9982E-05 0.472933 0.109734 0.226235 0.048668 0.00909459 9.9982E-05 0.050665
9.9982E-05 9.9982E-05 0.108214 0.0306908 0.0906708 0.0989786 0.0969836 0.046429 0.527833
0.0694984 9.9973E-05 0.540377 0.0849903 0.170186 0.0160287 9.9973E-05 9.9973E-05 0.11862
0.150506 0.0771984 0.313966 0.00788165 0.0730333 0.0831317 0.103816 0.0143322 0.176135
0.0226437 0.257738 0.00615536 9.9991E-05 0.0594132 0.046031 0.0169152 0.118669 0.472334
0.0846886 0.609603 0.0964933 0.00269431 0.028144 9.9982E-05 0.00258652 9.9982E-05 0.17559
9.9973E-05 0.433185 0.00659222 0.0555075 9.9973E-05 9.9973E-05 0.0245718 0.0531493 0.426694
0.0901596 0.234102 9.9973E-05 0.0534292 9.9973E-05 0.0285715 9.9973E-05 0.120784 0.472653
0.101732 0.543778 0.0820292 9.9982E-05 0.00425608 0.00423756 9.9982E-05 0.0623903 0.201377
0.01681 0.130208 0.191332 0.025584 0.0315849 9.9991E-05 0.0781599 0.108618 0.417603
0.0379032 0.385145 9.9964E-05 9.9964E-05 9.9964E-05 0.0146332 9.9964E-05 0.0505397 0.511379
0.260615 0.558919 0.00879218 9.9982E-05 0.0876834 0.00840196 9.9982E-05 0.0455149 0.0298728
0.117394 0.527869 9.9964E-05 9.9964E-05 9.9964E-05 0.09475 9.9964E-05 0.0877945 0.171793
0.137204 0.287771 9.9964E-05 9.9964E-05 0.10087 0.0290818 9.9964E-05 9.9964E-05 0.444673
0.140233 0.575285 0.0819685 9.9973E-05 0.00418044 9.9973E-05 9.9973E-05 0.167873 0.0301599
9.9973E-05 0.318083 0.232505 9.9973E-05 0.0357683 0.0227664 9.9973E-05 0.0272651 0.363313
9.9982E-05 9.9982E-05 0.568263 0.0234297 0.230625 0.0347424 0.00649003 0.124258 0.0119915
0.276684 9.9964E-05 0.309895 9.9964E-05 0.167009 0.0264705 9.9964E-05 9.9964E-05 0.219542
0.0732162 9.9991E-05 0.372344 0.00723275 0.156602 0.0273335 0.00384681 0.014572 0.344753
0.0512883 0.0434691 0.158551 9.9982E-05 0.0739531 0.0474131 0.0133292 9.9982E-05 0.611797
0.0236856 0.0518566 0.489067 9.9973E-05 0.148272 9.9973E-05 9.9973E-05 0.121917 0.164902
0.228803 9.9991E-05 0.0730518 0.0197992 0.125645 0.0223954 0.0763171 0.0169525 0.436937
9.9973E-05 9.9973E-05 0.0633065 9.9973E-05 0.1968 0.0175465 0.162245 0.0515698 0.508233
0.0532874 0.00810422 0.221331 9.9991E-05 0.0993507 0.0469153 0.0530729 0.0362511 0.481587
0.0682468 9.9973E-05 0.214778 9.9973E-05 0.168186 0.0221183 0.0872375 9.9973E-05 0.439134
0.00776075 0.000552591 0.238542 0.0356557 0.149913 9.9991E-05 0.0622825 0.154338 0.350855
9.9973E-05 9.9973E-05 0.457734 9.9973E-05 0.224321 0.0145224 0.0496295 0.0603371 0.193156
0.0689404 9.9973E-05 0.27429 9.9973E-05 0.254656 9.9973E-05 0.121345 0.0252386 0.255229
0.132224 9.9973E-05 0.113777 9.9973E-05 0.104449 9.9973E-05 0.0470997 0.0861325 0.516018
0.0257447 9.9964E-05 0.067108 9.9964E-05 0.11636 0.13436 9.9964E-05 9.9964E-05 0.656028
0.0793379 9.9982E-05 0.149057 0.0398987 0.152438 0.093316 9.9982E-05 0.0720915 0.413661
0.19401 9.9964E-05 0.0774975 9.9964E-05 0.13871 0.0622675 9.9964E-05 9.9964E-05 0.527115
9.9973E-05 9.9973E-05 0.323225 0.0315759 0.213118 0.057211 0.0189142 9.9973E-05 0.355656
0.104049 9.9973E-05 0.267676 0.0189727 0.0303053 9.9973E-05 9.9973E-05 0.0148268 0.563871
0.00893101 0.0794704 0.13303 0.0557461 0.179491 9.9982E-05 0.0103782 9.9982E-05 0.532753
9.9973E-05 0.192199 0.132521 0.124085 9.9973E-05 0.0327478 0.0787897 9.9973E-05 0.439357
9.9982E-05 0.0325698 0.0520903 0.257028 9.9982E-05 0.0967935 0.0531378 0.0603846 0.447796
9.9964E-05 9.9964E-05 0.126685 0.0743755 9.9964E-05 0.185891 0.151587 9.9964E-05 0.461061
0.0313482 9.9982E-05 0.117279 0.157508 9.9982E-05 0.0455289 0.148039 0.00142678 0.49867
0.0417119 0.0448096 0.119681 0.0291762 9.9991E-05 0.0228052 0.127538 0.115867 0.498311
0.0280274 9.9982E-05 0.0319745 0.150184 9.9982E-05 0.0958777 0.177314 0.0590004 0.457422
0.136985 0.153978 0.255246 9.9982E-05 0.000194011 0.00496678 0.0674144 9.9982E-05 0.381016
9.9991E-05 0.0061367 0.0850203 0.161496 0.0239571 0.0219135 0.0996893 0.0187105 0.582977
0.0231624 0.195947 0.118978 0.121373 9.9982E-05 0.338723 0.0934639 0.108151 9.9982E-05
9.9982E-05 0.0195218 0.127815 0.0447172 0.0386168 0.114974 0.140481 9.9982E-05 0.513675
0.12848 9.9982E-05 0.0300939 0.046409 0.0827981 0.0879617 0.204063 9.9982E-05 0.419995
0.0794208 9.9982E-05 0.0329098 9.9982E-05 0.0783526 0.0707026 0.176231 0.0354687 0.526714
0.0135197 9.9991E-05 0.0722988 0.11205 0.101599 0.269663 0.0970919 0.0123827 0.321296
9.9964E-05 9.9964E-05 0.0573188 0.147666 9.9964E-05 0.0789568 0.119212 9.9964E-05 0.596447
0.00410194 0.142573 9.9973E-05 0.111989 9.9973E-05 0.142053 0.0253406 9.9973E-05 0.573642
0.031058 0.0306692 0.00871384 0.318193 9.9973E-05 0.500422 0.110644 9.9973E-05 9.9973E-05
9.9973E-05 9.9973E-05 9.9973E-05 0.07623 0.0749205 0.13608 0.128178 0.00546692 0.578825
9.9973E-05 9.9973E-05 0.00149737 0.143613 9.9973E-05 0.103897 0.169527 0.0572766 0.523889
0.00845542 0.0997323 0.0866408 0.109677 9.9982E-05 9.9982E-05 0.189747 0.074498 0.431049
9.9973E-05 9.9973E-05 0.0237163 0.10202 0.0362918 0.133743 0.128745 9.9973E-05 0.575184
0.00745412 0.0121562 0.123802 0.0927687 0.0636684 0.0576529 0.136622 0.0109872 0.494889
0.431003 9.9964E-05 9.9964E-05 0.0172462 9.9964E-05 9.9964E-05 0.104625 0.0723986 0.374327
0.180464 0.0417243 9.9991E-05 0.105111 0.016102 0.0929576 0.00724186 0.0283691 0.52793
0.777546 0.0147974 0.172015 9.9955E-05 9.9955E-05 9.9955E-05 9.9955E-05 0.0351418 9.9955E-05
0.862806 0.0760755 9.9955E-05 9.9955E-05 0.055241 9.9955E-05 9.9955E-05 0.00537779 9.9955E-05
0.250046 0.0254639 0.119303 0.0415615 0.0563951 0.0167177 0.105223 9.9991E-05 0.38519
0.0773761 0.0730972 0.013147 9.9982E-05 0.0063138 0.174913 0.285106 9.9982E-05 0.369847
0.207346 9.9964E-05 9.9964E-05 0.013126 9.9964E-05 0.173933 0.244715 9.9964E-05 0.36048
0.21473 0.0411793 9.9973E-05 0.162327 9.9973E-05 0.223742 0.266942 9.9973E-05 0.0907791
0.1522 9.9973E-05 0.00803996 0.0502582 9.9973E-05 0.240428 0.274624 9.9973E-05 0.274149
0.658276 9.9964E-05 9.9964E-05 0.00630789 9.9964E-05 0.198492 0.0320005 9.9964E-05 0.104524
0.524911 9.9955E-05 9.9955E-05 0.0210822 9.9955E-05 0.250634 9.9955E-05 9.9955E-05 0.202872
0.338585 9.9973E-05 9.9973E-05 0.0239252 9.9973E-05 0.0569955 0.0386706 0.0335353 0.507989
0.431011 9.9955E-05 9.9955E-05 0.0684004 9.9955E-05 9.9955E-05 0.118118 9.9955E-05 0.381971
0.656997 9.9964E-05 9.9964E-05 0.0668877 9.9964E-05 0.0588136 0.0619628 9.9964E-05 0.15494
0.300692 9.9964E-05 0.0441493 0.102995 9.9964E-05 9.9964E-05 0.0558521 9.9964E-05 0.495911
0.258605 0.0342889 0.00950852 9.9982E-05 0.0101724 0.0758455 0.0804582 9.9982E-05 0.530921
0.27961 9.9991E-05 0.0207023 0.0499663 0.0680243 0.00869436 0.14057 0.0279684 0.404364
0.558063 0.0478842 0.0205482 0.0256502 0.0096006 9.9982E-05 9.9982E-05 0.0894531 0.2486
0.40283 0.0676296 0.0857612 9.9964E-05 9.9964E-05 9.9964E-05 9.9964E-05 0.060748 0.382632
0.255725 0.0232509 0.0192394 0.0476051 0.0589414 9.9991E-05 0.0251779 0.132692 0.437268
0.397924 0.051035 9.9964E-05 0.0713616 0.104949 9.9964E-05 9.9964E-05 9.9964E-05 0.37433
0.194483 9.9982E-05 9.9982E-05 0.0767706 0.0198619 0.0900599 0.114211 0.232929 0.271486
0.389313 0.0872114 0.0679918 9.9964E-05 9.9964E-05 0.00355464 9.9964E-05 9.9964E-05 0.45153
0.626697 0.0145073 9.9955E-05 9.9955E-05 0.112365 9.9955E-05 9.9955E-05 9.9955E-05 0.245931
0.26443 9.9964E-05 9.9964E-05 9.9964E-05 9.9964E-05 0.0360445 0.0121978 0.112224 0.574704
0.719195 9.99549E-05 0.0116471 9.99549E-05 9.99549E-05 9.99549E-05 9.99549E-05 0.0462365 0.222422
0.513404 9.9964E-05 0.0571627 0.0173476 9.9964E-05 9.9964E-05 9.9964E-05 0.0123503 0.399335
0.180563 0.0213766 9.9991E-05 0.121653 0.0297988 0.000393184 0.0331999 0.118051 0.494864
0.281304 9.9964E-05 0.0992463 9.9964E-05 9.9964E-05 9.9964E-05 0.0780955 0.131396 0.409558
0.0814366 0.0423898 0.0565329 0.18577 0.00224498 0.00603357 0.132448 9.9991E-05 0.493044
0.155051 0.0438731 9.9991E-05 0.064839 0.0314304 0.12439 0.225526 0.176651 0.17814
0.0307318 0.149403 9.9982E-05 0.0710874 0.0480279 0.156705 0.270337 9.9982E-05 0.273508
9.9991E-05 0.110194 0.0691916 0.138909 0.0961529 0.0915784 0.189285 0.0316301 0.272958
9.9982E-05 0.165541 0.157454 0.0397986 0.0667507 9.9982E-05 0.219595 0.0738953 0.276766
0.141337 0.0724343 9.9982E-05 0.104468 0.0261242 0.102101 0.10696 9.9982E-05 0.446375
0.564781 9.9964E-05 9.9964E-05 0.122479 0.0495976 0.153525 0.109217 9.9964E-05 9.9964E-05
0.0930449 0.0798847 9.9982E-05 0.025995 0.0704821 0.00819331 0.164666 9.9982E-05 0.557534
0.445255 9.9955E-05 9.9955E-05 0.275637 9.9955E-05 0.214611 0.0639969 9.9955E-05 9.9955E-05
0.258284 9.9964E-05 9.9964E-05 0.0468131 9.9964E-05 0.0323339 0.201737 9.9964E-05 0.460431
0.803262 9.9946E-05 9.9946E-05 9.9946E-05 9.9946E-05 9.9946E-05 9.9946E-05 0.131327 0.0648116
0.955186 9.9946E-05 0.0279807 9.9946E-05 9.9946E-05 9.9946E-05 9.9946E-05 0.016234 9.9946E-05
0.395081 0.0262189 0.0895036 9.9955E-05 9.9955E-05 9.9955E-05 9.9955E-05 9.9955E-05 0.488697
0.400719 9.9946E-05 9.9946E-05 9.9946E-05 9.9946E-05 9.9946E-05 9.9946E-05 0.0394225 0.559259
0.49215 0.0445873 0.0574415 9.9973E-05 0.0264661 9.9973E-05 9.9973E-05 0.028752 0.350303
0.451399 9.9946E-05 9.9946E-05 9.9946E-05 9.9946E-05 9.9946E-05 9.9946E-05 0.0982499 0.449751
0.430236 9.9955E-05 9.9955E-05 9.9955E-05 0.028267 9.9955E-05 0.0559303 9.9955E-05 0.485067
0.0498877 0.0111085 9.9964E-05 0.796193 9.9964E-05 9.9964E-05 0.0834979 9.9964E-05 0.0589134
0.0294477 0.0241168 9.9964E-05 0.682118 0.0958701 9.9964E-05 0.168048 9.9964E-05 9.9964E-05
9.9946E-05 9.9946E-05 0.0429141 0.855635 9.9946E-05 9.9946E-05 0.100851 9.9946E-05 9.9946E-05
0.00319314 9.9955E-05 9.9955E-05 0.870132 9.9955E-05 0.0437755 9.9955E-05 9.9955E-05 0.0823993
0.0553676 9.9982E-05 0.00381594 0.0931838 0.0498359 9.9982E-05 0.00419811 0.36161 0.431788
9.9973E-05 9.9973E-05 9.9973E-05 0.0269788 0.0275762 0.0336249 0.0945711 0.393633 0.423316
9.9946E-05 9.9946E-05 0.101189 9.9946E-05 9.9946E-05 9.9946E-05 9.9946E-05 0.477269 0.420943
9.9964E-05 0.0773999 0.0789742 0.0786526 9.9964E-05 9.9964E-05 9.9964E-05 0.195498 0.569076
9.9973E-05 0.226465 9.9973E-05 0.07702 0.0427566 9.9973E-05 0.0118406 0.17834 0.463278
9.9973E-05 0.125279 0.140703 9.9973E-05 0.0513039 9.9973E-05 0.0521076 0.524508 0.105799
9.9964E-05 9.9964E-05 0.0978434 0.025899 9.9964E-05 0.0150111 9.9964E-05 0.267223 0.593624
0.118535 0.182179 9.9955E-05 9.9955E-05 9.9955E-05 9.9955E-05 9.9955E-05 0.440051 0.258735
0.0372434 0.0489311 0.0644992 0.236598 0.0325533 9.9982E-05 0.147188 9.9982E-05 0.432786
0.107438 9.9982E-05 0.0166992 9.9982E-05 0.0364074 0.00918247 0.0610899 0.410284 0.358699
9.9955E-05 9.9955E-05 0.0884191 9.9955E-05 0.0637348 9.9955E-05 9.9955E-05 0.509554 0.337792
0.0825557 9.9973E-05 9.9973E-05 0.0141734 0.0349918 9.9973E-05 0.0198227 0.361242 0.486915
0.0591576 9.9964E-05 0.0825967 9.9964E-05 0.0101478 9.9964E-05 9.9964E-05 0.429838 0.41786
9.9955E-05 9.9955E-05 9.9955E-05 0.00616367 9.9955E-05 0.0181128 9.9955E-05 0.411091 0.564133
0.0710292 0.0399338 0.0537324 0.0274781 0.0200798 9.9991E-05 0.0265881 0.241277 0.519782
0.00416708 0.0392708 0.0601885 9.9964E-05 9.9964E-05 9.9964E-05 9.9964E-05 0.824562 0.0714118
0.00785016 0.110623 0.0792206 9.9982E-05 9.9982E-05 0.0127845 0.0367153 0.548258 0.204349
0.0617214 9.9964E-05 9.9964E-05 9.9964E-05 0.0714403 0.00737032 9.9964E-05 0.551127 0.307941
0.0566755 9.9946E-05 9.9946E-05 9.9946E-05 9.9946E-05 0.0946293 9.9946E-05 0.848095 9.9946E-05
9.9973E-05 9.9973E-05 0.0893785 0.0416412 0.0316772 9.9973E-05 0.0505478 0.448014 0.338442
0.0305734 0.209212 9.9973E-05 9.9973E-05 0.00118486 0.105233 9.9973E-05 0.600172 0.0533254
0.0657188 9.9955E-05 9.9955E-05 9.9955E-05 0.0100613 0.145989 9.9955E-05 0.777731 9.9955E-05
0.0537806 9.9973E-05 0.0510586 9.9973E-05 0.00453297 9.9973E-05 0.00352772 0.284631 0.60217
0.0295813 0.0225106 0.0831647 0.0869214 0.0142742 9.9982E-05 9.9982E-05 0.575271 0.188077
9.9973E-05 0.0450009 0.0848429 0.00417829 9.9973E-05 0.0690188 9.9973E-05 0.391907 0.404752
9.9982E-05 9.9982E-05 0.0267103 0.00969382 0.0741181 0.0705411 0.00315507 0.186989 0.628593
9.9964E-05 9.9964E-05 9.9964E-05 0.0292616 0.0954938 0.0509358 9.9964E-05 0.345353 0.478556
0.17915 0.0407163 0.228649 9.9991E-05 0.130674 0.124143 0.0108427 0.0114149 0.274309
0.0106591 0.109373 0.0621573 9.9982E-05 0.0298856 9.9982E-05 0.0252419 0.30892 0.453563
0.0079595 9.9973E-05 0.189631 0.0429469 9.9973E-05 9.9973E-05 0.0627599 0.328039 0.368364
9.9946E-05 0.0168663 9.9946E-05 9.9946E-05 9.9946E-05 9.9946E-05 9.9946E-05 0.686638 0.295896
9.9955E-05 9.9955E-05 9.9955E-05 0.1153 0.0724094 9.9955E-05 9.9955E-05 0.270644 0.541146
9.9955E-05 0.0884172 0.13251 0.629517 0.149056 9.9955E-05 9.9955E-05 9.9955E-05 9.9955E-05
9.9973E-05 9.9973E-05 0.0965216 0.742357 0.0216337 0.0472461 9.9973E-05 0.0570179 0.0349235
9.9973E-05 0.0271374 0.0502959 0.774423 0.0522628 0.0909709 9.9973E-05 0.00460983 9.9973E-05
9.9964E-05 0.0847775 9.9964E-05 0.784848 0.110767 0.00126547 9.9964E-05 0.0179419 9.9964E-05
9.9955E-05 0.117389 0.0225219 0.681648 0.177942 9.9955E-05 9.9955E-05 9.9955E-05 9.9955E-05
9.9973E-05 9.9973E-05 0.145589 0.0413153 0.0400122 9.9973E-05 0.0545452 0.654572 0.0636665
