0.0567309 9.9991E-05 0.879789 0.022826 0.0405541
0.0277028 0.0175747 0.954522 9.9982E-05 9.9982E-05
9.9982E-05 9.9982E-05 0.857528 0.0434583 0.0988141
0.138104 9.9991E-05 0.759971 0.0631355 0.038689
0.0253492 0.0197589 0.859411 0.0541818 0.0412991
0.114825 0.124262 0.641966 0.0261844 0.0927624
0.0844676 0.0245553 0.874966 9.9991E-05 0.0159115
0.143813 0.0477957 0.749826 0.0584649 9.9991E-05
0.0989911 0.0790134 0.821796 9.9982E-05 9.9982E-05
0.0298879 0.0318126 0.745946 0.0490247 0.143329
0.137753 0.0632691 0.750322 0.00522635 0.0434293
0.485868 0.151365 9.9991E-05 0.0402452 0.322423
0.348459 9.9982E-05 9.9982E-05 0.116724 0.534617
0.515595 0.104517 0.0279042 0.0794444 0.27254
0.483365 9.9991E-05 0.0551745 0.141508 0.319852
0.317856 0.0539128 0.104163 0.120004 0.404063
0.230101 0.0533291 0.0392112 0.135096 0.542263
0.300559 0.14574 9.9991E-05 0.156156 0.397445
0.355606 0.0403482 0.132941 0.131176 0.339928
0.72041 0.139527 0.0372164 0.102747 9.9991E-05
0.297196 0.146392 0.0311994 0.0825545 0.442658
0.203734 0.236427 9.9991E-05 0.184027 0.375713
0.215535 0.112253 9.9991E-05 0.0308979 0.641214
0.432023 0.132244 0.0128458 0.146667 0.27622
0.143982 0.00122883 0.132331 0.0274953 0.694963
0.265761 9.9991E-05 0.013848 0.181205 0.539086
0.576434 0.0904353 9.9991E-05 0.129779 0.203251
0.557326 0.0279854 9.9991E-05 0.228829 0.185759
0.553929 0.111056 9.9991E-05 0.0598485 0.275066
9.9982E-05 9.9982E-05 0.835084 0.0710156 0.0937004
9.9982E-05 9.9982E-05 0.831375 0.0339474 0.134477
9.9982E-05 9.9982E-05 0.808573 0.00255432 0.188673
9.9982E-05 9.9982E-05 0.775875 0.0858555 0.138069
0.162697 0.162633 9.9982E-05 9.9982E-05 0.67447
0.101336 0.0560831 0.133335 9.9991E-05 0.709146
9.9991E-05 0.228291 0.0406521 0.0422796 0.688678
0.64098 0.0758729 0.0463135 9.9991E-05 0.236733
0.00788327 0.417586 0.0146607 0.055437 0.504433
0.14411 0.166592 0.0465598 0.0330107 0.609728
9.9991E-05 0.200747 0.00406877 0.0307742 0.76431
0.0245229 0.139787 0.136387 9.9991E-05 0.699203
0.150733 0.0611469 0.094987 0.0327335 0.6604
0.18024 0.442796 9.9982E-05 9.9982E-05 0.376763
0.0576601 0.151816 0.0906414 0.0491742 0.650708
0.0220707 0.0970476 0.0654827 0.100465 0.714934
0.0807426 0.158184 0.129368 0.0651497 0.566556
0.00544286 0.465091 9.9982E-05 9.9982E-05 0.529266
0.045936 0.104345 0.090195 0.0519011 0.707623
9.9991E-05 0.138071 0.0878456 0.117111 0.656873
0.08117 0.809401 0.0906966 9.9991E-05 0.0186323
0.489557 0.29524 9.9982E-05 9.9982E-05 0.215002
0.242519 0.585434 0.023659 0.0912767 0.0571104
0.199556 0.0852048 0.0901968 0.110645 0.514397
0.104862 0.103666 0.0787315 0.108592 0.604149
0.100173 0.112022 0.101993 0.0818959 0.603916
0.358689 0.262189 0.111033 9.9991E-05 0.26799
0.195869 0.149044 0.0240826 0.0752594 0.555745
0.137998 0.0637953 0.0708581 0.127869 0.599479
0.199564 0.232096 0.11235 0.040547 0.415443
0.313727 0.288612 0.183091 0.0602144 0.154356
0.103077 0.112646 0.108836 9.9991E-05 0.675341
0.273158 0.0894193 0.0835266 0.0603288 0.493567
0.553138 0.251423 0.0480829 9.9991E-05 0.147256
0.298827 0.0821642 9.9991E-05 0.0984771 0.520432
0.0834207 0.188344 0.000908277 0.0934694 0.633858
0.128658 0.191841 0.0373104 0.124095 0.518096
0.236889 0.250774 0.0696361 0.00360207 0.439099
0.162804 0.193582 0.0209863 0.0699873 0.55264
0.184367 0.085603 0.0692443 0.0541211 0.606665
0.371445 0.30539 0.0380378 9.9991E-05 0.285027
0.0922444 0.200111 9.9982E-05 9.9982E-05 0.707445
0.226923 0.329074 9.9982E-05 9.9982E-05 0.443803
0.118088 0.141103 0.10887 0.0438288 0.58811
0.071376 0.751607 9.9982E-05 9.9982E-05 0.176817
0.118533 0.680983 9.9982E-05 9.9982E-05 0.200284
0.0236451 0.429158 9.9982E-05 9.9982E-05 0.546997
0.150259 0.173005 0.00280216 9.9991E-05 0.673834
0.0827789 0.133227 0.18396 9.9991E-05 0.599935
0.137082 0.225546 0.0699302 0.0478254 0.519617
0.26474 0.318795 0.0494363 9.9991E-05 0.366929
0.360375 0.228808 9.9982E-05 9.9982E-05 0.410617
0.0539045 0.206275 0.112296 9.9991E-05 0.627424
0.0852105 0.355672 0.0379897 0.00912422 0.512004
0.048296 0.315479 9.9982E-05 9.9982E-05 0.636025
9.9982E-05 0.46972 9.9982E-05 0.000343528 0.529737
0.0664714 0.791092 9.9982E-05 9.9982E-05 0.142237
0.0980346 0.105827 0.0762481 0.0522553 0.667635
0.0556476 9.9991E-05 0.81514 0.0621577 0.0669543
9.9973E-05 9.9973E-05 0.90912 9.9973E-05 0.0905804
9.9982E-05 9.9982E-05 0.88619 0.0160113 0.0975987
9.9982E-05 9.9982E-05 0.922386 0.0130126 0.0644019
9.9982E-05 9.9982E-05 0.89751 0.00226648 0.100024
9.9991E-05 0.0111509 0.910441 0.0208269 0.0574808
9.9982E-05 9.9982E-05 0.893747 0.0113552 0.0946976
0.0742859 0.279648 0.0755064 0.142064 0.428496
0.17308 0.113892 0.049072 0.128364 0.535591
0.210434 0.53717 9.9982E-05 9.9982E-05 0.252196
0.0686422 0.101139 0.0750456 0.109986 0.645187
0.138662 0.172406 0.0818994 9.9991E-05 0.606933
0.027228 0.187103 0.0883169 9.9991E-05 0.697252
0.106025 0.213611 9.9991E-05 0.0108331 0.669431
9.9982E-05 0.365589 9.9982E-05 0.0453115 0.5889
0.266453 0.551121 0.0202095 9.9991E-05 0.162117
0.20185 0.0855216 0.100267 0.0880035 0.524359
9.9982E-05 0.0864518 0.104778 9.9982E-05 0.80857
0.16472 0.0620255 0.0721588 0.141228 0.559867
9.9991E-05 0.486333 0.0493935 0.0121881 0.451985
9.9982E-05 0.350754 0.00626439 9.9982E-05 0.642782
0.10209 0.240997 0.0418954 9.9991E-05 0.614918
0.0753133 0.378021 9.9991E-05 0.0584399 0.488125
0.121006 0.266345 0.0775783 9.9991E-05 0.534971
9.9982E-05 0.189386 0.140244 9.9982E-05 0.67017
0.415953 0.22728 0.0440107 0.0923536 0.220403
0.34899 0.0429566 0.112932 0.133397 0.361725
0.191485 0.100705 0.0209289 0.138579 0.548302
0.137827 0.0707934 0.117957 0.061286 0.612137
0.356226 9.9982E-05 0.0956422 9.9982E-05 0.547931
0.320447 9.9982E-05 9.9982E-05 0.10738 0.571973
0.436257 9.9982E-05 0.0285894 9.9982E-05 0.534953
0.195974 0.152048 0.0285749 0.14175 0.481653
0.132325 0.0818382 0.134411 0.0288906 0.622535
0.0798692 0.181825 0.0627984 0.00329105 0.672216
0.447666 9.9973E-05 9.9973E-05 9.9973E-05 0.552034
0.100018 0.0400169 0.121887 0.0591425 0.678935
0.163729 0.00233184 0.0814094 0.0965327 0.655997
0.23534 0.0224457 9.9991E-05 0.0710377 0.671077
0.129505 0.0661982 0.04269 0.105278 0.656329
0.219996 0.109596 9.9991E-05 0.103258 0.56705
0.245972 0.14765 0.125054 0.0366511 0.444672
0.197634 9.9991E-05 0.0637108 0.0629909 0.675565
0.185634 0.0203078 0.0412292 0.085977 0.666852
0.456531 0.164286 9.9991E-05 0.0307339 0.348349
0.247279 0.352499 0.101234 0.068147 0.230841
0.11291 0.114443 0.0800643 0.0724603 0.620123
0.365379 0.481655 9.9991E-05 0.106487 0.0463793
0.429227 0.134468 0.0424078 9.9991E-05 0.393797
0.388158 0.0628083 0.0010774 9.9991E-05 0.547857
0.431431 0.126505 0.0282071 0.0143459 0.399511
0.522989 0.124456 0.000521209 9.9991E-05 0.351933
0.105556 0.0661646 0.115062 9.9991E-05 0.713118
0.10826 0.112514 0.100796 0.129723 0.548707
0.14548 0.0894006 0.0910935 0.0341909 0.639835
0.306701 0.401491 9.9991E-05 0.104892 0.186816
0.0617119 0.0765595 0.249769 9.9991E-05 0.61186
0.115782 0.220217 0.0623535 0.0418632 0.559784
0.161498 0.570688 0.202938 9.9991E-05 0.0647761
9.9991E-05 0.166026 0.0758267 0.062564 0.695483
9.9991E-05 0.412438 0.135887 0.0359327 0.415642
0.0917911 0.169325 0.130141 0.0545438 0.5542
0.0956187 0.443728 0.132108 0.06797 0.260576
0.209748 0.409495 0.111759 9.9991E-05 0.268898
0.137551 0.24808 0.0689023 0.0223461 0.523121
0.0944547 0.188382 0.0998097 0.174278 0.443076
0.191279 0.128755 0.151027 0.0667627 0.462177
0.135113 0.622336 0.0424074 0.200044 9.9991E-05
0.00490133 0.170619 0.0483136 0.096604 0.679562
0.129613 0.373666 0.018053 9.9991E-05 0.478569
0.162271 0.274154 9.9982E-05 9.9982E-05 0.563375
0.1273 0.200462 0.0961743 0.0520671 0.523997
0.002277 0.24357 0.294754 0.326129 0.13327
9.9982E-05 0.226168 0.608396 0.165236 9.9982E-05
9.9982E-05 0.284375 0.538674 0.176751 9.9982E-05
9.9991E-05 0.0946968 0.44267 0.369665 0.0928686
9.9982E-05 0.225653 9.9982E-05 0.0557944 0.718353
0.126 0.0146195 0.131395 0.0969891 0.630997
9.9973E-05 9.9973E-05 9.9973E-05 0.711742 0.287958
0.151334 9.9982E-05 9.9982E-05 0.444729 0.403738
0.0404271 0.107666 0.114949 0.362707 0.37425
9.9982E-05 0.56146 0.0190683 9.9982E-05 0.419272
0.189184 0.178088 0.0253248 0.174503 0.4329
0.0504844 0.641001 9.9991E-05 0.0581573 0.250258
9.9991E-05 0.262306 0.0411864 0.000681855 0.695726
0.0730269 0.332119 0.00363203 0.0330514 0.558171
0.0127426 0.255136 0.0566981 0.10382 0.571603
0.0601974 0.670683 0.0149108 0.0244124 0.229797
0.076696 0.0588723 0.0628593 0.147367 0.654205
0.023758 0.243308 0.0273195 0.0542447 0.65137
9.9982E-05 0.0121525 9.9982E-05 0.978844 0.00880398
0.0111718 9.9982E-05 9.9982E-05 0.889025 0.0996036
0.00305637 0.0960764 0.106571 0.530446 0.263849
9.9982E-05 9.9982E-05 0.0146877 0.691907 0.293205
9.9982E-05 9.9982E-05 0.0347934 0.773378 0.191629
9.997E-05 9.997E-05 9.997E-05 0.9996 9.997E-05
0.0156273 0.0306126 9.9982E-05 0.95356 9.9982E-05
9.9973E-05 9.9973E-05 9.9973E-05 0.832936 0.166765
0.0176407 9.9982E-05 9.9982E-05 0.915259 0.0669004
9.997E-05 9.997E-05 9.997E-05 0.9996 9.997E-05
9.997E-05 9.997E-05 9.997E-05 0.9996 9.997E-05
0.0126049 0.000137743 0.0434101 0.782127 0.16172
0.0266417 9.9991E-05 0.0417707 0.844381 0.0871065
0.0339874 0.00985537 9.9991E-05 0.941558 0.0144991
0.119041 0.0608527 0.0408882 0.397518 0.3817
0.00647313 9.9991E-05 0.0520299 0.675527 0.26587
9.9991E-05 0.034802 0.0369419 0.784243 0.143914
0.00651416 9.9991E-05 0.0354625 0.874288 0.0836349
0.000226 9.9982E-05 9.9982E-05 0.985863 0.0137114
9.9982E-05 0.00688535 9.9982E-05 0.917059 0.0758555
9.997E-05 9.997E-05 9.997E-05 0.9996 9.997E-05
0.0412018 0.0233678 0.0705906 0.622758 0.242082
9.9991E-05 0.0372244 0.0147664 0.898258 0.0496512
9.9982E-05 0.544379 0.402956 0.052465 9.9982E-05
0.0723895 0.158934 0.247927 0.130497 0.390253
9.9991E-05 0.201766 0.264366 0.138722 0.395047
0.0293126 0.395349 0.267318 0.129333 0.178687
0.0479159 0.118962 0.175635 0.233327 0.42416
9.9991E-05 0.391073 0.275198 0.158403 0.175226
0.0547113 0.219756 0.179117 0.0655588 0.480856
9.9991E-05 0.320441 0.189588 0.158699 0.331172
0.0408477 0.130267 0.17135 0.172631 0.484903
9.9991E-05 0.282028 0.210317 0.181739 0.325816
0.078438 0.108825 0.215093 0.148218 0.449427
0.0335381 0.0622929 0.864966 9.9991E-05 0.0391033
9.9982E-05 0.0124343 0.969454 0.0179117 9.9982E-05
0.0388814 0.00421164 0.956707 9.9982E-05 9.9982E-05
0.0697172 9.9982E-05 0.905203 9.9982E-05 0.0248802
0.0448008 9.9991E-05 0.924974 0.00888347 0.0212418
9.9982E-05 0.0139134 0.913143 0.0727439 9.9982E-05
9.9982E-05 9.9982E-05 0.892627 0.04859 0.0585832
9.9982E-05 0.0561436 0.909192 9.9982E-05 0.0344644
9.9982E-05 0.00738614 0.903658 9.9982E-05 0.0887559
0.0117173 0.00159482 0.890431 0.0961571 9.9991E-05
0.267292 0.12292 0.609588 9.9982E-05 9.9982E-05
0.414217 9.9982E-05 0.582312 9.9982E-05 0.00327097
0.333799 0.143973 0.522028 9.9982E-05 9.9982E-05
0.363336 0.156457 0.480007 9.9982E-05 9.9982E-05
0.169473 0.148259 0.0346829 9.9991E-05 0.647484
0.122935 0.172388 0.0334626 0.0238483 0.647366
0.184994 0.103438 0.0940317 0.0347934 0.582743
0.239847 0.240862 0.0145668 9.9991E-05 0.504624
0.602826 0.130917 9.9991E-05 0.0357588 0.230398
0.0554742 0.110263 0.0438744 0.105826 0.684562
0.126693 0.186258 9.9991E-05 0.00454191 0.682407
0.0931812 0.228928 9.9991E-05 0.013191 0.6646
9.9982E-05 0.414951 9.9982E-05 0.0195393 0.565309
0.138864 0.0449593 0.00884129 0.0937747 0.713561
0.211171 0.265673 9.9982E-05 9.9982E-05 0.522956
0.194571 0.72604 9.9982E-05 9.9982E-05 0.0791889
0.246495 0.116402 0.0361414 0.149141 0.451821
9.9982E-05 0.558769 9.9982E-05 0.00487178 0.43616
0.107797 0.196587 9.9991E-05 0.0357364 0.65978
0.291272 0.400571 9.9982E-05 9.9982E-05 0.307957
0.76919 0.0760488 0.119468 0.0351926 9.9991E-05
0.722554 0.129115 0.0792213 0.0381147 0.0309954
0.815522 0.129641 0.0451814 0.00836469 0.00129125
0.792311 0.0709096 0.136579 9.9982E-05 9.9982E-05
0.797572 0.156027 9.9982E-05 0.0462005 9.9982E-05
0.719377 0.0515976 0.0768707 0.0481497 0.104005
9.9982E-05 9.9982E-05 0.88207 0.00740784 0.110322
0.0911322 9.9991E-05 0.796667 0.0504314 0.0616689
0.0138885 9.9991E-05 0.781703 0.126344 0.0779647
0.135471 9.9991E-05 0.690296 0.166178 0.00795516
0.0569637 9.9991E-05 0.759663 0.073163 0.11011
0.536044 0.0703724 0.393384 9.9982E-05 9.9982E-05
0.392623 0.103614 0.503563 9.9982E-05 9.9982E-05
0.432099 0.175127 0.392574 9.9982E-05 9.9982E-05
0.0411605 9.9991E-05 0.826914 0.0350613 0.096764
0.441281 0.139396 0.419124 9.9982E-05 9.9982E-05
9.9991E-05 0.0496145 0.287737 0.373943 0.288606
0.0703897 9.9991E-05 0.183467 0.169693 0.57635
9.9982E-05 9.9982E-05 0.185827 0.273382 0.540592
0.0741941 0.0871306 0.237451 0.31012 0.291105
0.0562522 0.0477659 0.218868 0.141646 0.535467
9.9982E-05 0.186154 0.487507 0.326139 9.9982E-05
0.362568 0.118492 9.9982E-05 9.9982E-05 0.518739
0.130664 0.327744 0.0854563 0.0077682 0.448368
0.594725 9.9982E-05 0.0538918 9.9982E-05 0.351183
0.0836495 0.298526 0.0506129 9.9991E-05 0.567112
0.169861 0.829839 9.9973E-05 9.9973E-05 9.9973E-05
0.0678796 0.103098 0.149035 0.0156804 0.664307
0.266905 0.196638 0.00417856 0.0681358 0.464143
0.432691 0.0753853 0.0397283 9.9991E-05 0.452095
0.236675 0.0143425 0.11501 0.104578 0.529394
0.335714 0.455248 0.0227463 9.9991E-05 0.186191
0.149162 0.246667 9.9991E-05 0.0898867 0.514184
0.268163 0.0315737 9.9991E-05 0.0678942 0.632269
0.0526134 0.151066 0.138099 0.180804 0.477417
0.237204 0.298287 9.9991E-05 0.027937 0.436471
0.263243 0.141608 0.0358544 0.043455 0.51584
0.123801 0.197919 0.0507379 0.0487265 0.578815
0.205065 0.154241 9.9991E-05 0.0248009 0.615793
0.104315 0.150988 0.0741327 0.0721225 0.598442
0.0924717 9.9991E-05 0.156104 0.0505748 0.70075
0.165857 0.0602742 0.0677764 0.10748 0.598612
9.9982E-05 9.9982E-05 0.776546 0.102764 0.12049
9.9991E-05 0.0240801 0.83968 0.0481169 0.0880231
0.0863199 0.0432813 0.800308 0.00709264 0.0629986
0.0589592 0.0746571 0.802689 0.0210475 0.042647
9.9973E-05 9.9973E-05 0.864351 9.9973E-05 0.13535
0.652759 0.0891849 9.9991E-05 0.0531397 0.204816
0.116569 0.15342 0.0844171 0.068287 0.577307
9.9991E-05 0.109389 0.197526 0.172707 0.520278
0.192519 9.9991E-05 0.0466275 0.056087 0.704667
0.342974 0.111108 9.9991E-05 0.0312775 0.514541
0.461304 0.225831 0.0112923 0.148997 0.152575
0.65965 0.161741 0.157093 9.9991E-05 0.0214154
0.341014 0.0207608 0.0192624 0.111632 0.507331
0.594532 0.084178 0.0743721 0.0563195 0.190599
0.24757 0.199456 9.9991E-05 0.110803 0.442072
0.575542 0.162913 0.0828745 0.0931726 0.0854983
0.15044 0.0302022 0.104676 0.064036 0.650646
0.573315 0.120576 0.0527534 0.0107857 0.24257
0.349516 0.162138 9.9991E-05 0.117859 0.370387
0.0838873 0.194339 0.121687 9.9991E-05 0.599987
0.139158 0.45195 0.0684726 0.0104949 0.329925
0.068022 0.178622 0.127884 0.0429452 0.582526
0.122226 0.115035 0.106604 0.0768236 0.579312
0.146085 0.455835 0.0174654 9.9991E-05 0.380515
0.155754 0.133198 0.145357 0.0755645 0.490127
9.9982E-05 0.204463 0.138764 9.9982E-05 0.656573
0.0563507 0.786774 0.0209522 9.9991E-05 0.135823
9.9982E-05 0.636449 0.0344197 9.9982E-05 0.328931
0.100427 0.288727 0.0472203 9.9991E-05 0.563526
0.0923379 0.670275 0.0211347 9.9991E-05 0.216152
0.140681 0.270052 0.0342386 9.9991E-05 0.554928
0.633819 0.138222 0.00725756 0.0103953 0.210307
0.374423 0.290009 9.9991E-05 0.0531162 0.282352
0.450276 0.0319001 0.0127567 0.138905 0.366162
0.226215 0.0245098 0.00284558 0.103125 0.643305
0.501815 0.140171 9.9982E-05 9.9982E-05 0.357814
0.158783 0.157681 0.110308 0.159107 0.414121
0.175612 0.161151 0.0276083 0.160112 0.475516
0.296441 0.0791154 9.9991E-05 0.108518 0.515826
0.276511 0.0591794 0.0234445 0.142768 0.498098
0.338956 0.100849 0.0356742 0.0792104 0.44531
0.568441 0.0657597 9.9991E-05 0.0348652 0.330835
0.387963 0.155902 9.9991E-05 0.101368 0.354667
0.275149 0.0149804 9.9991E-05 0.11723 0.592541
0.209775 9.9991E-05 0.0919631 0.0299511 0.668211
0.247116 0.176918 0.0989598 0.0122296 0.464777
0.245251 0.114386 9.9991E-05 0.117658 0.522606
0.393969 0.00292632 0.109334 0.077454 0.416317
0.215257 0.0491813 0.0440142 0.0189852 0.672562
0.314992 9.9982E-05 9.9982E-05 0.115125 0.569684
0.231953 0.0805242 0.0878425 0.124147 0.475533
9.9982E-05 9.9982E-05 0.402483 0.0928213 0.504495
9.9991E-05 0.174463 0.143645 0.238701 0.443091
0.0937546 0.0744459 0.113922 0.206918 0.51096
0.0615975 0.119672 0.109827 0.150773 0.558131
0.0149416 0.0531154 0.215506 0.227206 0.489231
0.191333 0.185963 9.9991E-05 0.0507498 0.571854
0.0995422 9.9991E-05 0.252181 0.168827 0.479349
9.9991E-05 0.522712 0.285479 0.143052 0.0486575
0.0885946 0.0800226 0.144787 0.119059 0.567536
0.052651 0.0376202 0.216284 0.131725 0.561719
0.0620602 0.130383 0.0840623 0.280595 0.4429
0.082267 0.17894 0.263141 0.139875 0.335777
0.0958814 9.9991E-05 0.15242 0.180468 0.571131
0.0263274 0.00635443 0.186086 0.21928 0.561953
9.9982E-05 0.314534 0.512158 0.173109 9.9982E-05
0.125965 9.9991E-05 0.166166 0.237419 0.47035
9.9991E-05 0.0244262 0.174735 0.22366 0.577078
0.0201478 0.0870778 0.129246 0.120183 0.643345
9.9991E-05 0.091518 0.20822 0.157744 0.542418
0.035334 0.0703061 0.208822 0.129665 0.555873
0.0269628 0.377888 0.0190659 0.0587185 0.517365
0.168946 0.200883 0.0524604 0.112288 0.465423
0.0888423 0.788878 9.9991E-05 0.0115252 0.110654
0.0832676 0.818485 9.9982E-05 9.9982E-05 0.098047
0.0196699 0.307916 0.0939496 0.120303 0.458162
9.9991E-05 0.137293 0.1366 0.356482 0.369525
9.9991E-05 0.185384 0.148308 0.378 0.288208
9.9991E-05 0.28679 0.251333 0.31764 0.144137
9.9991E-05 0.151883 0.190309 0.330654 0.327055
9.9991E-05 0.669444 0.0740087 0.156559 0.0998884
9.9991E-05 0.556155 0.0727648 0.148585 0.222395
9.9991E-05 0.250816 0.00631761 0.195371 0.547396
9.9991E-05 0.284814 0.0708913 0.134966 0.509229
0.0122943 0.556161 0.0745178 0.155604 0.201424
0.0641962 0.211294 0.0687502 0.153744 0.502016
0.0543599 0.216439 9.9991E-05 0.198973 0.530128
0.108291 0.151409 0.140546 0.241173 0.358581
0.0964406 0.531355 9.9991E-05 0.00672859 0.365375
0.123803 0.38173 9.9991E-05 0.0724768 0.42189
9.9991E-05 0.30985 0.0603555 0.000627378 0.629067
0.0801588 0.351304 0.0616356 0.0578533 0.449048
0.0541809 0.206076 0.0972969 0.111043 0.531404
9.9982E-05 0.49228 9.9982E-05 0.0322276 0.475292
0.079196 0.628838 9.9986E-05 9.9986E-05 0.291766
9.9982E-05 0.20923 0.0874212 9.9982E-05 0.703149
0.0494002 0.654142 9.9991E-05 0.00270106 0.293657
9.9982E-05 0.471807 9.9982E-05 0.17218 0.355813
0.0709168 0.173317 0.0780661 0.0491535 0.628547
9.9982E-05 0.38271 9.9982E-05 0.0409496 0.576141
0.0932154 0.0717638 0.153731 0.266731 0.414559
0.030848 0.135675 0.199592 0.239276 0.394609
0.0770797 0.14254 0.120916 0.378781 0.280684
0.132991 0.15463 0.148989 0.302244 0.261146
0.115505 0.011926 0.131756 0.265573 0.47524
0.0553842 0.127637 0.201525 0.134179 0.481275
9.9982E-05 0.591459 0.197623 0.210718 9.9982E-05
9.9991E-05 0.0718336 0.0727366 0.220981 0.634349
9.9982E-05 0.457693 0.377357 0.16475 9.9982E-05
9.9991E-05 0.178618 0.0624391 0.257614 0.501229
9.9973E-05 0.771262 9.9973E-05 9.9973E-05 0.228438
0.0862276 0.877622 9.9982E-05 9.9982E-05 0.0359501
9.9982E-05 0.419281 9.9982E-05 0.00743207 0.573087
9.9991E-05 0.204859 0.0706297 0.0104897 0.713921
0.00953973 0.47789 9.9982E-05 9.9982E-05 0.51237
0.0866235 0.34811 9.9991E-05 0.00626107 0.558905
9.9982E-05 0.363119 9.9982E-05 0.0459605 0.59072
9.9991E-05 0.0153278 0.860765 0.0238083 0.0999987
0.1823 9.9982E-05 0.721583 0.0959173 9.9982E-05
0.0518297 9.9982E-05 0.882709 0.0652613 9.9982E-05
9.9973E-05 9.9973E-05 0.966352 9.9973E-05 0.0333482
0.0845317 0.223755 0.044312 0.038585 0.608816
0.0621508 0.196913 0.106462 0.0246875 0.609787
0.0936293 0.190815 9.9982E-05 9.9982E-05 0.715355
0.0557194 0.126737 0.0861656 9.9991E-05 0.731278
0.0580933 0.152181 0.0668143 0.118207 0.604704
0.198504 0.380849 9.9982E-05 9.9982E-05 0.420447
0.0372516 0.224708 9.9982E-05 9.9982E-05 0.73784
9.9973E-05 0.503328 9.9973E-05 9.9973E-05 0.496372
0.059562 0.0172071 0.29734 0.181726 0.444164
0.0363048 0.369425 9.9991E-05 0.0811548 0.513015
0.155892 0.26566 0.0162122 9.9991E-05 0.562136
0.0863703 0.224662 9.9991E-05 0.0376436 0.651224
0.194622 0.222632 9.9982E-05 9.9982E-05 0.582546
9.9982E-05 0.329462 9.9982E-05 0.0549738 0.615364
0.116398 0.142029 0.0923029 9.9991E-05 0.64917
9.9973E-05 0.697586 9.9973E-05 9.9973E-05 0.302114
0.073826 0.479062 0.0130533 9.9991E-05 0.433959
0.0490613 0.39532 0.0125814 9.9991E-05 0.542938
9.9973E-05 0.936904 9.9973E-05 9.9973E-05 0.0627962
0.204707 0.232851 0.0382279 9.9991E-05 0.524114
0.0648551 0.657099 9.9982E-05 9.9982E-05 0.277846
0.0618255 0.852326 0.000336106 9.9991E-05 0.0854121
9.9991E-05 0.208394 0.0207432 0.0457194 0.725043
0.121069 0.473811 0.00927927 9.9991E-05 0.395741
0.236192 0.159044 9.9991E-05 0.0456767 0.558986
0.0890436 0.0659644 0.0928068 0.146172 0.606013
0.163067 0.143921 0.00690866 9.9991E-05 0.686003
0.233934 0.299582 9.9991E-05 0.148502 0.317881
0.0337625 0.264044 9.9991E-05 0.000920795 0.701173
0.148973 0.178715 0.0451836 0.0203615 0.606766
9.9973E-05 0.475696 9.9973E-05 9.9973E-05 0.524005
0.0616544 0.184087 0.10309 0.0665563 0.584612
0.316374 0.0393646 0.644061 9.9982E-05 9.9982E-05
0.153374 9.9982E-05 0.765869 9.9982E-05 0.0805574
0.13087 0.0274106 0.84152 9.9982E-05 9.9982E-05
0.168502 0.0189982 0.8123 9.9982E-05 9.9982E-05
0.195218 0.043618 0.728215 9.9991E-05 0.0328489
0.234761 0.386731 0.0209804 9.9991E-05 0.357428
0.14269 0.494951 0.0526272 9.9991E-05 0.309632
9.9973E-05 0.654128 9.9973E-05 9.9973E-05 0.345572
0.0408538 0.24275 0.121486 0.119329 0.475581
9.9991E-05 0.143773 0.148792 0.0739119 0.633423
9.9991E-05 0.474235 0.0304559 0.0130146 0.482195
0.0162582 0.227292 9.9991E-05 0.0494572 0.706893
0.00146674 0.399198 0.0841305 0.0511527 0.464052
0.0893799 0.28173 0.0166981 9.9991E-05 0.612092
0.038056 0.121925 0.03484 0.120149 0.68503
0.168683 0.398479 9.9982E-05 9.9982E-05 0.432637
0.201683 0.247902 9.9982E-05 9.9982E-05 0.550215
0.302536 0.208019 9.9982E-05 9.9982E-05 0.489245
0.0719202 0.146663 0.126308 0.0476814 0.607427
0.141949 0.269172 0.0394919 9.9991E-05 0.549287
0.125676 0.226407 0.0867013 9.9991E-05 0.561115
0.047743 9.9991E-05 0.0654347 0.383821 0.502901
9.9982E-05 9.9982E-05 0.0684478 0.478218 0.453134
9.9982E-05 9.9982E-05 0.140323 0.442293 0.417184
9.9991E-05 0.0142046 0.125332 0.527537 0.332827
0.0815762 0.0341737 0.105169 0.324143 0.454937
9.9991E-05 0.44993 0.00525789 0.0121724 0.53254
0.023602 9.9991E-05 0.277955 0.637532 0.0608111
0.0343034 9.9991E-05 0.162685 0.526575 0.276336
9.9991E-05 0.181176 0.221904 0.15805 0.43877
9.9982E-05 0.1197 0.222226 9.9982E-05 0.657874
0.152852 0.192624 0.139814 0.0236506 0.491059
0.123403 0.0314882 0.164178 0.0610345 0.619896
0.0478098 0.0843296 0.154192 0.0660635 0.647606
9.9982E-05 9.9982E-05 0.195205 0.451858 0.352737
0.0372802 9.9991E-05 0.12762 0.332076 0.502923
9.9982E-05 9.9982E-05 0.0571143 0.472666 0.47002
0.0980745 0.00200837 0.0997613 0.297675 0.502481
9.9991E-05 0.0243996 0.153788 0.533779 0.287934
0.0734407 0.0173385 0.0712594 0.375613 0.462348
0.0132083 0.0559375 0.158991 0.586329 0.185534
0.0864924 0.0606725 0.0520003 0.461154 0.339681
9.9991E-05 0.200041 0.138911 0.0439782 0.61697
0.0429684 0.0193884 0.180478 0.365782 0.391383
9.9982E-05 9.9982E-05 0.180427 0.62888 0.190493
0.0817093 0.109035 0.139645 0.380324 0.289287
0.232184 0.302338 0.213218 9.9991E-05 0.25216
0.0460277 0.219257 0.0572927 0.133216 0.544206
0.0927413 0.0138857 0.192988 0.245593 0.454792
0.135406 0.0423009 0.132955 0.0146307 0.674707
0.0634303 0.171892 0.169943 9.9991E-05 0.594634
9.9991E-05 0.158599 0.251414 0.192156 0.397732
9.9991E-05 0.116584 0.226766 0.317395 0.339155
0.077633 0.0541886 0.0465299 0.236954 0.584694
9.9991E-05 0.0953895 0.126607 0.355662 0.422242
9.9991E-05 0.00655454 0.0507189 0.509058 0.433569
9.9982E-05 9.9982E-05 0.187235 0.665064 0.147501
0.0619816 0.138569 0.125597 0.0356926 0.638159
0.0512911 0.225763 0.185116 9.9991E-05 0.53773
9.9991E-05 0.618795 0.179685 0.0975276 0.103892
9.9991E-05 0.101317 0.199023 0.103939 0.595622
0.290438 0.142404 0.0969897 0.0460434 0.424125
0.0303966 0.131261 0.202434 0.195968 0.43994
0.0247635 0.355132 0.0450876 0.182985 0.392032
9.9982E-05 0.401318 0.356917 0.241565 9.9982E-05
9.9982E-05 0.478089 0.365372 0.15634 9.9982E-05
0.0212245 0.355454 0.225505 0.143997 0.25382
9.9982E-05 0.396244 0.35158 0.251976 9.9982E-05
9.9982E-05 0.27202 0.466212 0.261567 9.9982E-05
0.0370389 0.272327 0.162064 0.182919 0.345651
0.0330725 0.168461 0.245375 0.191756 0.361336
9.9991E-05 0.317581 0.307071 0.183803 0.191445
9.9991E-05 0.38762 0.323684 0.206563 0.0820333
0.0454736 0.177719 0.11162 0.231536 0.433651
9.9991E-05 0.446215 0.22595 0.151988 0.175747
9.9982E-05 0.430956 0.507005 0.0618386 9.9982E-05
0.144322 9.9991E-05 0.180729 0.16514 0.50971
0.098232 0.135568 0.177361 0.336737 0.252102
0.0332403 9.9991E-05 0.299621 0.154265 0.512774
9.9982E-05 9.9982E-05 0.163403 0.31258 0.523817
0.0465961 0.00479332 0.240603 0.16785 0.540158
0.0372198 0.0648741 0.18277 0.212587 0.502549
0.0393276 9.9991E-05 0.391679 0.209458 0.359435
0.0394332 0.00452485 0.242052 0.223135 0.490854
0.114417 9.9991E-05 0.199049 0.293706 0.392728
9.9991E-05 0.120857 0.278096 0.321901 0.279046
0.150004 0.150152 0.206896 0.155653 0.337294
0.116901 0.101866 0.166342 0.110126 0.504766
0.0421412 9.9991E-05 0.207455 0.0528034 0.697501
0.0509583 9.9991E-05 0.168152 0.107877 0.672912
0.0543905 9.9991E-05 0.283019 0.294193 0.368297
0.0744667 0.0117759 0.202593 0.142848 0.568317
9.9991E-05 0.256365 0.382208 0.260181 0.101146
0.0707805 0.0268415 0.151624 0.228408 0.522347
9.9991E-05 0.160374 0.307606 0.345386 0.186535
0.139268 0.0461254 0.776602 0.0379039 9.9991E-05
0.728394 0.0146053 0.111487 9.9991E-05 0.145414
0.9996 9.997E-05 9.997E-05 9.997E-05 9.997E-05
0.995515 9.9973E-05 0.00418505 9.9973E-05 9.9973E-05
0.974352 9.9982E-05 9.9982E-05 0.00404411 0.0214039
0.911343 9.9982E-05 9.9982E-05 0.0559592 0.0324978
0.922662 9.9973E-05 9.9973E-05 9.9973E-05 0.0770381
0.935844 9.9973E-05 0.0638564 9.9973E-05 9.9973E-05
0.768615 9.9982E-05 0.219511 0.0116737 9.9982E-05
0.0663454 0.00109971 0.893682 0.0194535 0.0194193
0.159094 9.9991E-05 0.824014 0.00400089 0.0127908
0.00079367 0.0299996 0.924431 0.043754 0.00102195
0.0904694 0.0305439 0.86381 9.9991E-05 0.0150768
0.089664 9.9982E-05 0.86825 0.0418858 9.9982E-05
0.0678732 9.9982E-05 0.911954 9.9982E-05 0.0199723
0.0761633 9.9991E-05 0.70939 0.161346 0.0530012
0.0282898 0.00630185 0.874745 0.05157 0.0390934
0.179852 9.9991E-05 0.683281 0.0613192 0.0754485
9.9973E-05 9.9973E-05 0.936107 0.0635926 9.9973E-05
0.0198534 9.9973E-05 0.979847 9.9973E-05 9.9973E-05
0.0475626 0.000157422 0.88106 0.0513279 0.0198924
0.0292656 9.9982E-05 0.965277 9.9982E-05 0.00525716
9.9982E-05 9.9982E-05 0.932527 0.00550331 0.0617696
0.00162374 9.9991E-05 0.890907 0.00894952 0.0984197
9.9982E-05 9.9982E-05 0.883862 0.0208817 0.0950561
9.9982E-05 9.9982E-05 0.779117 0.128143 0.0925409
9.9982E-05 9.9982E-05 0.788279 0.0498288 0.161692
9.9982E-05 9.9982E-05 0.821298 0.0231339 0.155368
0.0595358 0.306024 0.175503 0.0352837 0.423653
0.00623804 0.0942245 0.147825 9.9991E-05 0.751613
0.0743612 0.124149 0.120328 0.103227 0.577934
9.9991E-05 0.706303 0.104411 0.0548663 0.134319
0.170721 0.107297 0.108786 0.0141263 0.59907
9.9991E-05 0.628716 0.226694 0.0629381 0.0815521
9.9991E-05 0.206937 0.0836922 0.103853 0.605418
0.163039 0.266352 0.111241 9.9991E-05 0.459268
0.0309234 0.189298 0.165703 9.9991E-05 0.613975
0.0526569 0.304259 0.0291737 0.0733529 0.540558
0.225344 0.155205 0.140609 9.9991E-05 0.478743
9.9991E-05 0.20506 0.0718173 0.0377607 0.685262
0.0793903 0.095331 0.101636 0.049926 0.673717
0.52215 0.292345 0.00121988 0.117286 0.0669989
0.0506743 0.843097 0.106028 9.9982E-05 9.9982E-05
0.0269722 0.615047 0.0950243 0.107017 0.15594
0.0522328 0.0775005 0.131161 0.029452 0.709654
9.9982E-05 0.236449 0.175892 9.9982E-05 0.587459
0.00934116 0.219837 0.171516 9.9991E-05 0.599206
9.9991E-05 0.217166 0.054642 0.113004 0.615088
9.9991E-05 0.0600847 0.216833 0.207981 0.515001
0.0332283 9.9991E-05 0.166853 0.197643 0.602176
0.147399 0.186518 0.343796 0.213557 0.108729
0.0717686 0.0751961 0.144785 9.9991E-05 0.708151
0.0275991 0.0963412 0.251684 0.148666 0.475709
9.9982E-05 0.347058 0.450002 0.20274 9.9982E-05
9.9991E-05 0.0845831 0.34081 0.238774 0.335733
0.10684 0.06156 0.330842 0.193355 0.307402
0.0399799 0.00317858 0.391366 0.0693381 0.496137
0.0719482 0.0151265 0.0726394 0.230233 0.610053
0.020399 0.060715 0.17032 0.258532 0.490034
0.028967 0.0278481 0.158143 0.181768 0.603274
9.99923E-05 0.189198 0.268116 0.144357 0.39823
9.9991E-05 0.0133053 0.500997 0.144086 0.341511
