0.022606 0.00993632 9.9964E-05 0.5754 0.391658 9.9964E-05 9.9964E-05 9.9964E-05
9.9955E-05 9.9955E-05 9.9955E-05 0.337587 0.632176 9.9955E-05 0.0297364 9.9955E-05
0.0355782 0.0266163 9.9973E-05 0.287051 0.593 9.9973E-05 9.9973E-05 0.0574543
0.0781936 0.0388822 0.0891153 0.283725 0.509784 9.9973E-05 9.9973E-05 9.9973E-05
0.0527934 9.9973E-05 9.9973E-05 0.473074 0.452342 0.00114411 9.9973E-05 0.020346
0.00758646 0.0170492 0.0440829 0.791035 9.9991E-05 0.0295396 0.0552723 0.055334
9.994E-05 9.994E-05 9.994E-05 0.9993 9.994E-05 9.994E-05 9.994E-05 9.994E-05
9.9955E-05 0.051372 9.9955E-05 0.929069 9.9955E-05 9.9955E-05 9.9955E-05 0.0190597
9.99639E-05 0.0726088 9.99639E-05 0.406542 0.484711 0.0357379 9.99639E-05 9.99639E-05
9.9946E-05 9.9946E-05 9.9946E-05 0.912255 9.9946E-05 9.9946E-05 9.9946E-05 0.0871451
9.9955E-05 0.0540559 9.9955E-05 0.896467 9.9955E-05 9.9955E-05 9.9955E-05 0.0489769
0.0309589 9.9973E-05 0.754709 0.0847423 9.9973E-05 9.9973E-05 0.099213 0.0300771
0.0202934 0.0338316 0.487942 9.9973E-05 0.031095 9.9973E-05 9.9973E-05 0.426538
0.0459757 9.9982E-05 0.711622 0.016938 0.0339057 0.0676691 9.9982E-05 0.123689
0.0963668 9.9982E-05 0.586853 0.120635 0.0125306 9.9982E-05 0.00900122 0.174414
0.0884007 9.9982E-05 0.400114 0.153927 0.0686267 9.9982E-05 0.0570916 0.23164
0.0361194 9.9982E-05 0.287139 0.112586 9.9982E-05 0.0323045 0.0232709 0.50838
0.0979324 0.0461169 0.34908 0.0536657 9.9991E-05 0.0318659 0.145644 0.275595
0.122786 9.9982E-05 0.563242 0.129884 0.0395955 9.9982E-05 0.0915635 0.0527283
9.9964E-05 0.0054981 0.732909 0.128254 9.9964E-05 0.13294 9.9964E-05 9.9964E-05
0.0490793 0.0602852 0.330608 0.0133699 0.0182 0.141526 0.0674729 0.319459
0.0833305 9.9991E-05 0.250432 0.0100939 0.0107132 0.166096 0.0824075 0.396827
0.0399027 9.9973E-05 0.412597 0.0785815 9.9973E-05 9.9973E-05 0.013161 0.455458
0.0739753 9.9982E-05 0.568441 0.0614918 9.9982E-05 0.0185122 0.112089 0.165291
0.0541253 0.0709202 0.220214 0.0538445 0.0161886 9.9991E-05 0.00887885 0.575728
0.0416892 9.9964E-05 0.445124 0.118795 9.9964E-05 9.9964E-05 9.9964E-05 0.393992
0.0655571 9.9982E-05 0.81059 0.049396 0.0518552 0.00286443 0.0195371 9.9982E-05
0.137457 9.9955E-05 0.761206 0.100837 9.9955E-05 9.9955E-05 9.9955E-05 9.9955E-05
9.9964E-05 9.9964E-05 0.807271 0.0713918 9.9964E-05 0.0830274 9.9964E-05 0.03791
0.0386995 9.9955E-05 9.9955E-05 9.9955E-05 0.919097 9.9955E-05 9.9955E-05 0.041704
9.9955E-05 9.9955E-05 0.00331402 9.9955E-05 0.90916 9.9955E-05 9.9955E-05 0.0870258
0.0303352 9.9973E-05 0.0646299 9.9973E-05 0.815491 9.9973E-05 0.0244265 0.0648174
0.0535272 0.0136772 9.9982E-05 0.0841692 0.691536 9.9982E-05 0.0734924 0.0833977
9.9982E-05 0.0274112 0.181827 0.0538877 9.9982E-05 0.00898612 0.204928 0.52276
0.105647 9.9982E-05 0.213532 0.0456698 0.0187329 9.9982E-05 0.283466 0.332753
9.9973E-05 9.9973E-05 9.9973E-05 0.0339407 0.0218628 0.0600763 0.352105 0.531715
9.9991E-05 0.0881764 0.660013 0.120972 0.019867 0.0200213 0.0801169 0.0107342
0.06734 0.0117543 9.9982E-05 9.9982E-05 0.0831934 0.0551559 0.615104 0.167252
0.0302679 0.0143326 0.192281 0.0836143 0.0340789 9.9991E-05 0.279111 0.366214
0.0669315 9.9973E-05 9.9973E-05 9.9973E-05 0.0246022 0.0131857 0.293867 0.601113
9.999E-05 0.102189 0.0749411 0.0623269 0.05208 0.0280537 0.167999 0.512311
0.0530958 9.9982E-05 0.0519648 0.0182883 0.118508 9.9982E-05 0.191574 0.566369
9.9982E-05 0.0370281 0.255041 0.0555647 0.0169982 0.00161911 0.633549 9.9982E-05
0.0388993 0.00563671 0.11736 0.0553458 9.9991E-05 0.112713 0.054591 0.615354
0.0820384 9.9982E-05 9.9982E-05 0.0977747 0.0149249 0.0929706 0.212211 0.499881
0.174253 0.088893 0.0579388 9.9991E-05 0.0946579 0.00399307 0.126782 0.453382
0.00141926 0.00271206 0.0116412 0.0108435 9.9991E-05 0.0542335 0.701308 0.217743
9.9955E-05 9.9955E-05 9.9955E-05 9.9955E-05 0.0933744 9.9955E-05 0.318014 0.588112
0.0228276 0.0463247 9.9982E-05 9.9982E-05 0.056575 0.0471765 0.298856 0.52804
9.9964E-05 9.9964E-05 9.9964E-05 0.0142926 0.0645545 0.355219 0.565534 9.9964E-05
9.9982E-05 0.173854 0.434334 0.0244146 9.9982E-05 0.148007 0.120004 0.0991867
9.9982E-05 0.0204166 0.238898 0.0914083 9.9982E-05 0.422595 0.148358 0.0781239
0.158646 0.00262164 0.302838 0.036966 9.9991E-05 0.0392207 0.0161105 0.443497
0.0114362 9.9973E-05 0.210428 9.9973E-05 0.102554 0.0347388 9.9973E-05 0.640544
0.044784 0.0343471 0.0609218 9.9991E-05 0.0555178 0.178155 0.0587215 0.567453
9.999E-05 0.148701 0.231869 0.104589 0.0658846 0.106166 0.247474 0.0952153
0.0274585 0.0550282 0.260325 9.9991E-05 0.054266 0.067759 0.0282262 0.506837
0.122248 0.0552917 0.143798 0.0547184 0.0523691 0.0564582 9.9991E-05 0.515016
0.0288895 0.0720606 0.229798 0.0969472 0.0998626 0.0537104 0.232424 0.186308
0.0176108 0.0957393 0.352249 0.153016 0.0680677 0.189896 0.063605 0.059816
9.999E-05 0.0507275 0.174569 0.0210935 0.0709489 0.0814034 0.047787 0.553371
0.0065149 0.014709 0.421438 0.118195 9.9991E-05 0.059691 0.0409132 0.338438
9.9982E-05 0.169535 0.530521 0.0793304 0.0048958 0.124337 0.0911814 9.9982E-05
0.0223233 0.0433425 0.309397 9.9982E-05 9.9982E-05 0.110689 0.0668257 0.447222
0.109094 0.0913344 9.9982E-05 9.9982E-05 0.0200928 0.0859794 0.161005 0.532295
9.9964E-05 9.9964E-05 0.305607 0.1339 9.9964E-05 9.9964E-05 0.0102253 0.549867
0.0573437 0.0287403 0.363531 0.0677333 0.022295 0.102465 0.15792 0.199972
0.0578285 9.9973E-05 0.389919 0.0285568 9.9973E-05 0.130458 9.9973E-05 0.392938
0.0983327 0.000312919 0.152704 9.9991E-05 0.0701758 0.126031 0.0716005 0.480743
9.9982E-05 0.0468645 0.4534 9.9982E-05 0.0797729 0.193027 0.119647 0.107088
9.9964E-05 0.0326161 0.0913334 9.9964E-05 9.9964E-05 9.9964E-05 0.425947 0.449703
9.9973E-05 9.9973E-05 0.185094 0.0114264 0.0275909 9.9973E-05 0.705738 0.0698505
0.0485463 0.0715868 0.0688902 9.9991E-05 0.0777429 0.0798287 0.156106 0.4972
9.9946E-05 9.9946E-05 9.9946E-05 9.9946E-05 9.9946E-05 0.18215 0.81725 9.9946E-05
9.9955E-05 9.9955E-05 0.018084 9.9955E-05 9.9955E-05 0.191702 0.789714 9.9955E-05
9.9955E-05 9.9955E-05 9.9955E-05 9.9955E-05 9.9955E-05 0.0423295 0.809157 0.148013
0.0131059 0.00902342 0.169307 9.9982E-05 9.9982E-05 0.0172194 0.4597 0.331445
0.122971 0.0225004 0.13465 9.9991E-05 0.0922248 0.115875 0.161167 0.350513
0.138382 9.9973E-05 0.123342 9.9973E-05 0.0074911 9.9973E-05 0.53654 0.193946
0.0291942 0.181254 0.0392634 0.0461982 9.9982E-05 9.9982E-05 0.640839 0.0630516
9.9973E-05 0.184747 0.0803253 0.0487232 9.9973E-05 9.9973E-05 0.517042 0.168862
0.146899 0.0156454 9.9991E-05 0.0798599 0.053181 0.0517944 0.380827 0.271694
0.048733 0.000706054 0.220774 0.0566391 9.9982E-05 9.9982E-05 0.561577 0.111372
0.0132033 0.0252605 0.0682597 0.0886479 9.9982E-05 9.9982E-05 0.486147 0.318281
9.9964E-05 9.9964E-05 9.9964E-05 0.035931 0.0452353 9.9964E-05 0.653025 0.265409
0.00921749 0.0348423 9.9964E-05 9.9964E-05 9.9964E-05 0.288678 0.666862 9.9964E-05
9.9991E-05 0.00165724 0.121965 0.0190462 0.0168421 0.0361196 0.249717 0.554552
0.0430175 0.0129851 0.0970684 0.176021 0.654723 9.9982E-05 9.9982E-05 0.0159849
9.9955E-05 9.9955E-05 9.9955E-05 0.17702 0.780903 9.9955E-05 9.9955E-05 0.0415776
9.9955E-05 9.9955E-05 9.9955E-05 0.111214 0.803595 9.9955E-05 9.9955E-05 0.0846912
0.00851926 9.9973E-05 9.9973E-05 0.0499114 0.915176 0.0238277 0.00226614 9.9973E-05
0.0441834 9.9973E-05 9.9973E-05 0.168726 0.728969 0.0102756 9.9973E-05 0.0475468
0.00597185 0.0364182 9.9973E-05 0.218585 0.697582 9.9973E-05 9.9973E-05 0.0411428
9.9955E-05 9.9955E-05 9.9955E-05 0.314957 0.628101 9.9955E-05 9.9955E-05 0.0564425
0.0893607 0.103923 0.0790538 9.9982E-05 0.099588 9.9982E-05 0.303344 0.324531
0.0921453 0.115776 0.099154 9.9982E-05 0.0954194 9.9982E-05 0.288466 0.308839
9.9964E-05 0.00234862 0.107785 9.9964E-05 9.9964E-05 0.104237 0.78523 9.9964E-05
0.0286747 0.0354116 0.128293 0.0133859 0.0968262 0.01739 0.165593 0.514425
9.9964E-05 9.9964E-05 0.212979 0.0845984 9.9964E-05 9.9964E-05 0.340252 0.361771
9.9964E-05 0.00207928 9.9964E-05 9.9964E-05 0.0429195 9.9964E-05 0.346436 0.608165
0.0081413 9.9982E-05 0.0238023 9.9982E-05 0.102874 0.0624429 0.362694 0.439845
0.0710632 9.9964E-05 9.9964E-05 0.0180955 9.9964E-05 9.9964E-05 0.52102 0.389422
9.9982E-05 0.120051 0.14702 0.044653 0.00215796 0.0260972 0.65982 9.9982E-05
0.000714109 0.0207332 0.175557 0.0492542 0.0683466 0.0574352 0.104587 0.523372
0.0171013 9.9973E-05 9.9973E-05 0.0650156 9.9973E-05 0.0147273 0.224458 0.678397
0.0541829 0.0718631 0.117435 0.0207238 9.9982E-05 9.9982E-05 0.23442 0.501175
0.0221927 9.9973E-05 9.9973E-05 9.9973E-05 0.0526445 0.192472 0.451516 0.280875
0.0230653 9.9973E-05 9.9973E-05 0.0497849 9.9973E-05 0.0335714 0.477658 0.415621
9.9973E-05 0.0151837 0.0277823 9.9973E-05 0.0628844 9.9973E-05 0.507847 0.386003
0.118735 9.9955E-05 9.9955E-05 9.9955E-05 9.9955E-05 9.9955E-05 0.712633 0.168132
0.00262087 0.0648708 0.131727 0.0373601 0.0250992 9.9991E-05 0.465295 0.272927
0.0373189 0.0647864 0.205422 0.0112481 0.149679 0.015725 0.0953147 0.420506
0.0828925 0.0268301 0.547921 0.0644255 9.9991E-05 0.191337 0.0566923 0.0298012
0.064468 0.108234 0.437445 0.00728551 0.0895174 0.0145995 9.9991E-05 0.278351
0.0382479 0.0780951 0.26749 0.028566 0.047861 0.0535655 0.00420327 0.481971
0.152914 0.0960979 0.0715666 0.0942056 0.00376865 0.0354757 0.195085 0.350886
9.9982E-05 0.0191674 0.471314 0.00891829 0.057455 0.0407322 9.9982E-05 0.402213
0.0183576 0.132948 0.228107 0.0118649 0.000191151 9.9991E-05 0.144506 0.463925
9.9964E-05 0.176118 0.43223 0.0226574 9.9964E-05 9.9964E-05 9.9964E-05 0.368594
0.00345708 0.0723407 0.072387 9.9991E-05 0.0851482 0.106052 0.0794739 0.581041
0.0217099 0.245917 0.0888435 9.9991E-05 0.0213699 0.0611268 0.0374914 0.523442
0.0136792 9.9991E-05 0.362902 0.0139204 0.0364917 0.0389368 0.0559339 0.478036
9.9955E-05 0.156309 0.387662 9.9955E-05 9.9955E-05 9.9955E-05 9.9955E-05 0.455529
0.0613141 0.11248 9.9973E-05 9.9973E-05 9.9973E-05 0.147855 0.052596 0.625454
0.09153 0.16102 9.9982E-05 9.9982E-05 0.0476764 0.0793041 0.107503 0.512766
0.0835166 0.0216375 0.329031 0.00443524 0.0418609 0.0358195 0.0456966 0.438003
0.0467937 0.100342 0.0907849 9.9991E-05 0.077005 0.119788 0.0336162 0.53157
0.199028 0.0653198 0.314589 9.9973E-05 9.9973E-05 9.9973E-05 0.118528 0.302235
9.9964E-05 9.9964E-05 0.440262 9.9964E-05 0.13692 0.099226 9.9964E-05 0.323193
0.0406899 0.0580652 0.222398 9.9982E-05 0.0316168 9.9982E-05 0.0455824 0.601448
0.0387246 0.0917273 0.112922 9.9982E-05 0.000244498 0.133264 9.9982E-05 0.622918
0.00805016 0.106652 0.444778 0.0705008 0.00579483 0.0357679 0.148831 0.179625
0.0192046 0.0334174 0.352461 9.9982E-05 0.0472072 0.359834 9.9982E-05 0.187675
0.04117 0.136715 0.173777 9.9991E-05 0.0315294 0.0710131 0.112558 0.433138
0.06618 0.18469 0.221848 9.9982E-05 9.9982E-05 0.38459 0.0741208 0.0683711
9.9982E-05 0.145514 0.436428 9.9982E-05 0.0404695 0.110328 0.0757717 0.191288
9.9982E-05 0.0321831 0.466022 0.0508947 9.9982E-05 0.00678708 0.152696 0.291217
9.9973E-05 0.0930235 0.504989 9.9973E-05 0.05099 9.9973E-05 0.152785 0.197913
0.0326013 0.0973892 0.581689 0.0259097 9.9991E-05 0.0213266 0.0858995 0.155085
9.9973E-05 0.0378923 0.189341 9.9973E-05 0.0564022 9.9973E-05 0.0921505 0.623915
0.10972 0.195127 0.0554309 0.0227118 0.0903516 9.9991E-05 0.110551 0.416007
9.9973E-05 0.0337632 0.27366 9.9973E-05 0.146938 9.9973E-05 0.12739 0.41795
0.0381886 0.131455 0.40998 9.9991E-05 0.011338 0.293207 0.00349175 0.11224
9.9982E-05 0.120968 0.0866769 0.0845298 0.0930633 9.9982E-05 0.147951 0.466612
0.107652 0.098438 0.0378812 9.9991E-05 0.0243589 0.184215 0.047935 0.49942
9.9991E-05 0.0878426 0.120234 0.0381953 0.120029 0.523052 0.0792341 0.0313131
0.0321103 9.9991E-05 0.042358 0.0232745 0.06877 0.0824556 0.101403 0.649529
9.9982E-05 0.0403805 9.9982E-05 0.0098492 0.108511 0.30612 0.178308 0.356631
0.0395467 0.0520275 0.0434919 9.9991E-05 0.128766 0.217684 0.0769341 0.44145
9.9982E-05 0.0838642 0.00247693 0.15318 9.9982E-05 0.378438 0.0207669 0.361074
9.9982E-05 0.0753118 0.109407 0.114565 9.9982E-05 0.425593 0.032655 0.242269
9.9991E-05 0.0952684 0.076353 0.0561472 0.0169044 0.179358 0.0862647 0.489604
0.090407 0.168341 0.041059 0.0205834 0.0720643 0.116804 0.0399759 0.450766
0.0881194 0.11018 0.0118421 0.0383089 0.0524362 0.179571 0.156646 0.362897
0.141783 9.9982E-05 0.109924 0.101003 9.9982E-05 0.409099 0.228542 0.00944909
0.102162 9.9991E-05 0.0335237 0.0387519 0.0206848 0.25533 0.0874668 0.46198
9.9973E-05 0.0512433 0.194377 9.9973E-05 9.9973E-05 0.304448 0.0843063 0.365325
9.9982E-05 0.0592869 0.148448 0.0273175 9.9982E-05 0.259904 0.0725407 0.432302
0.0810256 0.106289 0.0111063 0.0084017 0.116492 0.00354617 0.237773 0.435366
0.308629 9.9991E-05 0.0660687 0.331316 0.0231877 0.179903 0.0349156 0.0558799
0.104675 9.9964E-05 9.9964E-05 0.349269 0.242574 0.303082 9.9964E-05 9.9964E-05
0.148309 9.9964E-05 9.9964E-05 0.150603 0.348655 0.352033 9.9964E-05 9.9964E-05
0.333961 9.9982E-05 0.0415231 0.252211 0.140288 0.135178 9.9982E-05 0.0966388
0.00354785 9.9964E-05 9.9964E-05 9.9964E-05 9.9964E-05 0.205162 0.0641656 0.726724
0.1265 0.0204444 0.0803112 0.00927787 0.0924801 0.0841332 0.0532621 0.533591
0.72871 9.9955E-05 0.0792025 9.9955E-05 9.9955E-05 9.9955E-05 9.9955E-05 0.191587
0.527148 9.9973E-05 0.147741 9.9973E-05 0.0191164 9.9973E-05 0.161539 0.144156
0.358646 9.9973E-05 0.023545 0.183667 9.9973E-05 0.0489932 9.9973E-05 0.384849
9.9964E-05 9.9964E-05 9.9964E-05 0.0174013 9.9964E-05 0.428529 0.117874 0.435796
0.0188188 0.051055 0.0433541 0.00459693 0.0413403 0.257433 9.9991E-05 0.583302
0.0703551 9.9973E-05 0.0228846 9.9973E-05 9.9973E-05 0.625999 0.0500338 0.230428
9.9973E-05 9.9973E-05 0.0559512 0.0346189 9.9973E-05 0.220313 0.0944287 0.594388
0.0032877 9.9982E-05 0.201161 0.099488 9.9982E-05 0.253039 0.0489827 0.393842
0.0240183 0.0407587 0.0422431 0.0585013 0.0157953 0.187334 0.0521508 0.579199
0.0163229 0.0199837 0.15346 9.9982E-05 9.9982E-05 0.520253 0.0845011 0.20528
0.130191 0.00724841 0.0877828 0.0315879 0.0719462 0.082064 0.12188 0.467299
9.9973E-05 0.0161414 9.9973E-05 0.0959289 9.9973E-05 0.214623 0.0722886 0.600718
0.93716 9.9964E-05 0.0130897 9.9964E-05 9.9964E-05 0.00701267 9.9964E-05 0.0423375
0.864169 0.00260459 0.0138925 9.9964E-05 9.9964E-05 9.9964E-05 9.9964E-05 0.118934
0.525597 0.00484261 9.9973E-05 9.9973E-05 0.10117 9.9973E-05 0.0432915 0.324799
0.659056 0.0693174 9.9964E-05 9.9964E-05 0.0121231 9.9964E-05 9.9964E-05 0.259104
0.855151 0.0325085 0.0382314 9.9973E-05 9.9973E-05 9.9973E-05 0.0152953 0.0585136
0.997798 9.9946E-05 9.9946E-05 0.00160209 9.9946E-05 9.9946E-05 9.9946E-05 9.9946E-05
0.964518 0.0348819 9.9946E-05 9.9946E-05 9.9946E-05 9.9946E-05 9.9946E-05 9.9946E-05
0.761662 9.9946E-05 9.9946E-05 9.9946E-05 9.9946E-05 9.9946E-05 9.9946E-05 0.237738
0.933742 0.0204898 0.0285621 9.9964E-05 9.9964E-05 9.9964E-05 9.9964E-05 0.0168062
0.9993 9.994E-05 9.994E-05 9.994E-05 9.994E-05 9.994E-05 9.994E-05 9.994E-05
0.9993 9.994E-05 9.994E-05 9.994E-05 9.994E-05 9.994E-05 9.994E-05 9.994E-05
0.776904 9.9964E-05 0.0794699 9.9964E-05 0.0245925 9.9964E-05 9.9964E-05 0.118634
0.804854 0.0541397 9.9964E-05 9.9964E-05 0.0412817 9.9964E-05 9.9964E-05 0.0993246
0.932134 0.0100548 0.0105485 9.9964E-05 9.9964E-05 9.9964E-05 0.0468626 9.9964E-05
0.362528 0.060011 0.0602891 0.0285833 0.112614 9.9991E-05 0.106155 0.269721
0.647961 0.0862033 9.9973E-05 9.9973E-05 0.0286521 9.9973E-05 0.015727 0.221157
0.808513 9.9964E-05 0.0721673 9.9964E-05 9.9964E-05 0.0473325 9.9964E-05 0.0715878
0.90942 9.9955E-05 0.0324593 9.9955E-05 9.9955E-05 9.9955E-05 9.9955E-05 0.0576209
0.993164 9.9946E-05 9.9946E-05 9.9946E-05 9.9946E-05 9.9946E-05 9.9946E-05 0.00623591
0.910018 0.0347957 9.9964E-05 0.0381125 9.9964E-05 9.9964E-05 0.0166742 9.9964E-05
0.997548 9.99516E-05 9.99516E-05 9.99516E-05 9.99516E-05 9.99516E-05 0.00185267 9.99516E-05
0.631937 0.0223163 0.0213219 0.083411 0.0419126 9.9991E-05 0.0482502 0.150751
0.872466 9.9982E-05 0.0591495 0.0214186 9.9982E-05 0.000394265 0.0275796 0.0187922
0.0404491 9.9964E-05 9.9964E-05 0.283993 0.123678 0.55148 9.9964E-05 9.9964E-05
0.0376025 0.138316 0.0648557 0.17121 0.0579894 0.0858736 9.9991E-05 0.444053
0.0343066 0.0685588 0.0174968 0.22316 0.048033 0.144064 0.0356187 0.428762
0.0315329 0.0549109 9.9982E-05 0.241227 0.0711759 0.33274 9.9982E-05 0.268214
0.145998 0.0872471 9.9982E-05 0.142331 9.9982E-05 0.0963631 0.115762 0.412098
0.102242 9.9982E-05 9.9982E-05 0.247782 0.0626672 0.285568 0.0629499 0.238591
0.139169 0.0131719 0.169865 0.143899 0.0523388 0.0111506 0.0973679 0.373037
0.152806 9.9982E-05 9.9982E-05 0.21769 0.00346407 0.263654 0.0187375 0.343449
0.134693 9.9982E-05 0.078485 0.126423 0.0176236 0.159275 9.9982E-05 0.483301
0.193919 9.9982E-05 9.9982E-05 0.0394934 0.130434 0.256534 0.0035412 0.375879
0.00272912 9.9991E-05 0.0305261 0.289349 0.00139154 0.102111 0.0755192 0.498275
9.9973E-05 0.0365684 9.9973E-05 0.550978 0.346198 0.00425212 9.9973E-05 0.0617035
0.018455 9.9955E-05 9.9955E-05 0.372728 0.608317 9.9955E-05 9.9955E-05 9.9955E-05
9.9946E-05 9.9946E-05 9.9946E-05 0.459411 0.539989 9.9946E-05 9.9946E-05 9.9946E-05
9.9955E-05 0.0456547 9.9955E-05 0.44469 0.509155 9.9955E-05 9.9955E-05 9.9955E-05
0.0305841 9.9955E-05 9.9955E-05 0.558453 0.410463 9.9955E-05 9.9955E-05 9.9955E-05
0.0634664 9.9955E-05 9.9955E-05 0.264675 0.671359 9.9955E-05 9.9955E-05 9.9955E-05
0.0680207 9.9955E-05 9.9955E-05 0.371086 0.560394 9.9955E-05 9.9955E-05 9.9955E-05
9.9964E-05 9.9964E-05 9.9964E-05 0.382479 0.567571 0.0469523 9.9964E-05 0.002598
0.00149631 9.9964E-05 9.9964E-05 0.446841 0.504762 9.9964E-05 0.0465008 9.9964E-05
0.0681599 9.9964E-05 9.9964E-05 0.276132 0.627341 0.0279673 9.9964E-05 9.9964E-05
9.9982E-05 0.0767975 0.20913 0.293161 0.353746 0.0639115 0.00305396 9.9982E-05
9.9973E-05 0.169945 0.152661 0.441713 0.204392 9.9973E-05 0.030989 9.9973E-05
9.9973E-05 0.099188 0.209897 0.304897 0.290428 0.0952899 9.9973E-05 9.9973E-05
9.9982E-05 0.139477 0.221391 0.432791 0.157083 0.0216246 0.0274337 9.9982E-05
9.9982E-05 0.0798063 0.100701 0.0346992 0.00879734 9.9982E-05 0.334281 0.441515
0.0384666 0.0610021 0.109386 0.0702297 9.9982E-05 9.9982E-05 0.293031 0.427685
0.0320775 0.0712204 0.119434 0.0748245 9.9982E-05 9.9982E-05 0.174393 0.527851
9.9982E-05 0.0848723 0.280167 0.0333203 9.9982E-05 0.093937 0.211074 0.29643
0.0137688 0.251877 0.527165 0.0214196 9.9991E-05 0.0117625 0.128624 0.0452828
0.0840394 0.0522663 0.0784241 0.0671966 9.9982E-05 9.9982E-05 0.209267 0.508606
9.9964E-05 0.0771202 0.102505 9.9964E-05 9.9964E-05 9.9964E-05 0.287912 0.532062
0.0354101 0.0476805 0.135245 0.00110548 9.9991E-05 0.074082 0.272258 0.434119
0.0386643 9.9973E-05 0.00184132 9.9973E-05 9.9973E-05 0.0590545 0.560659 0.339481
0.0424869 0.124338 9.9973E-05 9.9973E-05 0.00717074 9.9973E-05 0.235743 0.589961
9.9973E-05 0.12781 0.0727655 9.9973E-05 0.00880883 9.9973E-05 0.443644 0.346671
9.9964E-05 0.00286093 0.0598701 9.9964E-05 9.9964E-05 0.287367 0.649502 9.9964E-05
9.9991E-05 0.0584133 0.245515 0.0237302 0.0418779 0.0473925 0.0912226 0.491749
9.9964E-05 9.9964E-05 9.9964E-05 9.9964E-05 0.0273083 0.242048 0.457603 0.27264
0.0429609 9.9982E-05 0.036416 0.0156165 9.9982E-05 0.0319839 0.487352 0.385471
9.9973E-05 0.077088 0.208831 0.0471761 9.9973E-05 0.0474121 0.619193 9.9973E-05
9.9964E-05 0.873102 9.9964E-05 0.0656919 9.9964E-05 0.0105083 9.9964E-05 0.0502978
9.9955E-05 0.875144 9.9955E-05 0.0346507 9.9955E-05 9.9955E-05 9.9955E-05 0.0897054
9.9955E-05 0.92562 9.9955E-05 9.9955E-05 9.9955E-05 0.0317078 9.9955E-05 0.0421726
9.9973E-05 0.910714 9.9973E-05 0.0253624 0.0260052 9.9973E-05 0.0282139 0.00940504
0.00966155 0.908165 9.9964E-05 9.9964E-05 9.9964E-05 0.00757485 9.9964E-05 0.0741992
0.0743451 0.885061 9.9955E-05 9.9955E-05 9.9955E-05 9.9955E-05 9.9955E-05 0.0400938
0.00868966 9.9964E-05 9.9964E-05 0.447718 0.489046 9.9964E-05 9.9964E-05 0.0541463
0.0163696 9.9973E-05 0.0309752 0.608388 0.287401 9.9973E-05 9.9973E-05 0.0565657
0.0835162 9.9964E-05 9.9964E-05 0.432225 0.395886 9.9964E-05 9.9964E-05 0.087973
0.113835 9.9973E-05 0.104329 0.423965 0.343182 9.9973E-05 9.9973E-05 0.014389
0.0579826 9.9964E-05 9.9964E-05 0.611322 0.222081 9.9964E-05 9.9964E-05 0.108214
9.9982E-05 0.498383 0.0275899 0.220902 0.182219 0.0664364 0.00427008 9.9982E-05
9.9973E-05 0.415888 9.9973E-05 0.364646 0.137514 0.0705876 0.0110643 9.9973E-05
0.00370825 0.454899 0.0860871 0.243603 0.162737 0.0049034 0.0439626 9.9991E-05
9.9955E-05 9.9955E-05 0.0755514 9.9955E-05 0.896796 9.9955E-05 9.9955E-05 0.0271528
9.9973E-05 0.490311 9.9973E-05 0.278409 0.0942864 0.0132025 0.123491 9.9973E-05
0.314056 9.9982E-05 0.00943774 0.0110668 0.21262 0.120834 9.9982E-05 0.331786
0.164414 0.0808626 9.9982E-05 0.0740143 0.0988841 0.0319948 9.9982E-05 0.54963
0.245305 9.9955E-05 9.9955E-05 9.9955E-05 0.20197 9.9955E-05 9.9955E-05 0.552226
0.239697 0.0692053 0.002257 0.149893 0.0844229 9.9991E-05 0.065909 0.388516
0.12202 0.0847261 9.9982E-05 0.0894074 0.134853 9.9982E-05 0.0750723 0.493721
0.308724 9.9964E-05 9.9964E-05 0.243801 0.225553 0.221522 9.9964E-05 9.9964E-05
9.9982E-05 0.0794288 0.308282 0.0437992 9.9982E-05 0.100359 0.126771 0.34116
9.9982E-05 0.0392671 0.197911 9.9982E-05 0.000863472 0.270393 0.0512763 0.440089
9.9982E-05 0.0693753 0.690906 0.0864499 0.0557428 9.9982E-05 0.00438357 0.0929428
9.9973E-05 0.0815605 0.177485 9.9973E-05 9.9973E-05 0.145265 0.15766 0.437729
9.9964E-05 0.0238313 0.191112 9.9964E-05 9.9964E-05 0.735293 0.0493633 9.9964E-05
0.0394347 0.0846846 0.111805 0.124478 0.00651898 0.0635292 0.0155129 0.554037
9.9982E-05 0.0568259 0.182983 9.9982E-05 0.0295702 0.175494 0.0212727 0.533654
9.9991E-05 0.0320507 0.571193 0.00855493 0.046549 0.0649828 0.0690525 0.207517
0.0538168 0.0506496 0.212681 0.117714 9.9991E-05 0.0613407 0.0388684 0.464829
9.9973E-05 0.00420623 0.489106 9.9973E-05 9.9973E-05 0.421957 0.0346347 0.0497969
9.9982E-05 0.115362 0.142026 9.9982E-05 0.00480297 0.206342 0.048241 0.483026
0.0802394 0.166655 0.172546 9.9973E-05 9.9973E-05 9.9973E-05 0.152082 0.428178
0.101758 9.9982E-05 0.170904 0.139482 0.0549028 9.9982E-05 0.139495 0.393258
9.9964E-05 0.0711763 0.31833 9.9964E-05 9.9964E-05 0.262715 9.9964E-05 0.347378
9.9973E-05 0.120645 0.21943 9.9973E-05 9.9973E-05 0.0963409 0.107799 0.455486
0.0776594 9.9973E-05 0.232436 9.9973E-05 9.9973E-05 0.207028 0.00627401 0.476302
9.9973E-05 0.205674 0.0053719 9.9973E-05 9.9973E-05 0.132877 0.113223 0.542555
0.0399277 9.9982E-05 0.158482 9.9982E-05 0.0688836 0.112415 0.0409478 0.579144
0.0393621 0.0562831 0.0907479 0.00101728 0.146743 0.078373 0.0417504 0.545723
0.0350324 0.0292328 0.288024 9.9982E-05 0.14292 9.9982E-05 0.0388302 0.465761
0.0766597 0.0125182 9.9973E-05 9.9973E-05 0.811563 9.9973E-05 0.027407 0.0715527
0.0510847 9.9973E-05 9.9973E-05 0.0875424 0.76546 9.9973E-05 0.0865844 0.00902825
0.00624031 0.0557481 0.0449607 0.261028 0.560576 0.0184159 0.0529312 9.9991E-05
0.0278507 0.0699281 9.9964E-05 9.9964E-05 0.819583 9.9964E-05 0.0822379 9.9964E-05
9.9955E-05 9.9955E-05 9.9955E-05 0.112719 0.778723 9.9955E-05 9.9955E-05 0.108058
0.0290023 0.127989 0.684544 9.9982E-05 0.0746042 0.062266 9.9982E-05 0.0213947
9.9982E-05 0.128874 0.0925504 9.9982E-05 0.0803818 0.0909034 0.105241 0.501849
0.165135 0.0121182 0.0454681 0.0592963 0.191506 0.0573701 9.9991E-05 0.469007
0.0131564 0.0237625 0.250308 9.9991E-05 0.0671269 0.00766737 0.0179862 0.619892
9.9991E-05 0.0985662 0.203628 0.00161126 0.0633634 0.0384824 0.183107 0.411141
0.0238053 0.0232635 0.505289 9.9982E-05 0.0697965 0.254731 9.9982E-05 0.122915
9.9964E-05 0.125024 0.587702 9.9964E-05 0.148818 0.138056 9.9964E-05 9.9964E-05
0.086428 0.19197 0.211493 9.9982E-05 0.0169474 9.9982E-05 0.0971526 0.395809
0.0545157 0.223283 0.462208 0.108041 9.9991E-05 0.056844 0.0355452 0.0594628
9.9991E-05 0.0951616 0.165733 0.0497517 0.0175434 0.128406 0.0297734 0.513531
9.9982E-05 0.0930311 0.559941 0.00258401 0.160251 0.177877 9.9982E-05 0.00611601
0.0552373 0.0353621 0.243759 0.140497 0.00973039 9.9982E-05 9.9982E-05 0.515215
9.9973E-05 0.0850269 0.61912 0.131586 9.9973E-05 0.0695481 9.9973E-05 0.0944189
0.0700615 0.0223065 0.433531 9.9982E-05 0.00797859 0.215557 9.9982E-05 0.250365
0.0248005 0.0118765 0.114348 0.0959958 9.9991E-05 0.161158 0.126069 0.465653
0.0126115 0.15988 9.9964E-05 9.9964E-05 9.9964E-05 0.497163 9.9964E-05 0.329946
9.9982E-05 0.0534468 0.0231993 0.147491 9.9982E-05 0.134726 0.0483194 0.592617
9.9991E-05 0.00784802 0.0769023 0.10552 0.0454002 0.0799029 0.0298669 0.654459
9.9964E-05 0.0514633 9.9964E-05 0.02876 9.9964E-05 0.488236 9.9964E-05 0.431141
9.9991E-05 0.0943402 0.0693744 0.00436735 0.105304 0.0390393 0.196691 0.490784
9.9973E-05 0.0683465 9.9973E-05 9.9973E-05 0.0167777 0.175231 0.231893 0.507453
9.9964E-05 0.119807 9.9964E-05 9.9964E-05 9.9964E-05 0.6831 0.0367818 0.159911
9.9964E-05 0.080594 9.9964E-05 0.00609534 9.9964E-05 0.564054 9.9964E-05 0.348856
9.9964E-05 0.137074 9.9964E-05 9.9964E-05 9.9964E-05 0.29493 0.0104146 0.557181
9.9982E-05 0.0749041 0.0370778 0.023175 9.9982E-05 0.520192 0.175636 0.168815
9.9973E-05 0.0988998 0.0987 9.9973E-05 9.9973E-05 0.220771 0.100611 0.480719
9.9982E-05 0.0778851 0.747781 0.0206001 0.0550613 0.045797 0.0526751 9.9982E-05
9.9973E-05 0.000151913 0.506713 9.9973E-05 9.9973E-05 0.294189 0.00811915 0.190527
0.125309 0.0575238 0.489615 9.9991E-05 0.0331404 0.013438 0.147594 0.13328
0.073755 0.0807923 0.216242 0.0679916 0.00923012 9.9991E-05 0.0415786 0.510311
0.0127153 0.0664556 0.517518 9.9982E-05 9.9982E-05 0.0983274 0.200987 0.103796
0.0609615 0.131081 0.143245 0.00029348 0.0345122 0.0802216 9.9991E-05 0.549586
0.0924868 0.0373277 0.203065 9.9991E-05 0.040261 0.0765891 0.0660161 0.484155
0.144401 0.0859035 0.161818 9.9982E-05 0.0404008 9.9982E-05 0.153916 0.41336
0.0676268 0.0581192 0.357109 0.010602 0.0903276 0.00194776 0.0551838 0.359084
0.0268392 0.13874 0.288547 9.9982E-05 0.0445584 9.9982E-05 0.125309 0.375806
0.0859232 0.196164 0.577444 9.9982E-05 9.9982E-05 0.0366082 0.0569142 0.0467462
0.038368 0.148182 0.383134 0.0624605 9.9991E-05 0.0130061 0.0630233 0.291726
0.0574926 0.0118598 0.315935 9.9982E-05 9.9982E-05 0.0169549 0.120915 0.476643
9.9991E-05 0.0286739 0.214795 0.0573699 0.032958 0.0422126 0.0265757 0.597315
0.00685389 0.0351555 0.328662 0.0096888 0.108411 0.0893666 0.116069 0.305793
0.0837613 0.0649093 0.246211 0.0065043 9.9991E-05 0.102824 0.0857443 0.409946
0.0599623 0.202618 0.281699 9.9991E-05 0.0889342 0.048376 0.0529135 0.265397
0.0378782 0.147756 0.215545 0.00507083 9.9991E-05 0.0844012 0.106958 0.402291
0.0839453 0.0956071 0.193814 0.0544554 9.9991E-05 0.0161146 0.0887972 0.467166
0.172251 0.112229 0.0103552 9.9991E-05 0.0195093 0.184777 0.155737 0.345042
0.0627077 9.9982E-05 0.0843465 0.220902 0.178629 9.9982E-05 0.0732891 0.379926
0.187257 0.00996326 9.9991E-05 0.0589054 0.106316 0.0879625 0.100232 0.449264
0.166967 9.9991E-05 0.0734546 0.107972 0.0592433 0.0646209 0.112206 0.415437
0.0988831 9.9982E-05 0.147253 0.073627 9.9982E-05 0.0371936 0.0849176 0.557926
0.258115 9.9991E-05 0.125537 0.000779795 0.184475 0.00582567 0.0719914 0.353176
9.9973E-05 0.041601 0.330308 9.9973E-05 9.9973E-05 0.229268 0.00077405 0.397749
0.264747 0.0270244 0.192388 0.0476366 0.0727809 9.9991E-05 0.0718679 0.323455
0.144461 9.9982E-05 0.140821 0.0525677 0.180179 0.460391 0.021379 9.9982E-05
0.114866 0.0298753 0.13703 0.0622611 0.0733687 0.0524322 9.9991E-05 0.530067
0.152915 0.0205459 0.0629906 0.108562 0.0780446 9.9991E-05 0.106317 0.470525
0.258227 0.018094 0.168899 0.046242 0.0104327 9.9991E-05 0.0550219 0.442983
0.110707 9.9982E-05 0.169278 0.0579036 0.205804 0.165056 9.9982E-05 0.291052
0.0727599 9.9991E-05 0.0735553 0.0936975 0.097645 0.131592 0.00338793 0.527262
0.0323003 9.9973E-05 0.0458728 0.17457 0.108301 9.9973E-05 9.9973E-05 0.638656
0.16224 9.9964E-05 9.9964E-05 0.146938 0.333191 0.357231 9.9964E-05 9.9964E-05
0.158361 9.9982E-05 0.0686518 9.9982E-05 0.214445 0.0312427 0.0810196 0.446081
0.0992831 0.0210421 0.00969545 0.0864987 0.16007 9.9982E-05 9.9982E-05 0.623211
0.0335021 0.000328843 9.9991E-05 0.135331 0.0254507 0.0756753 0.0318975 0.697715
0.182379 9.9982E-05 0.0112987 9.9982E-05 0.203352 0.0398719 0.00651253 0.556386
0.181081 0.0119722 0.111439 0.0732628 0.11449 9.9991E-05 0.0550564 0.452598
0.0761099 0.00475989 0.0136939 9.9991E-05 0.0325538 0.297741 0.153172 0.42187
0.136298 0.022811 0.134388 9.9991E-05 0.107234 0.0565028 0.0546212 0.488045
9.9964E-05 9.9964E-05 0.200601 9.9964E-05 9.9964E-05 0.6037 0.117713 0.0775865
9.9982E-05 0.0322205 0.0999395 9.9982E-05 0.0124865 0.652366 0.141746 0.0610421
0.0827705 0.0381729 0.117276 9.9982E-05 9.9982E-05 0.171405 0.170807 0.419368
0.269253 9.9964E-05 9.9964E-05 0.165024 9.9964E-05 0.135645 9.9964E-05 0.429678
0.356542 9.9973E-05 9.9973E-05 0.0992635 9.9973E-05 0.171089 0.0510157 0.32179
0.297792 9.9982E-05 0.00861467 0.163529 0.0478179 0.280444 9.9982E-05 0.201604
0.233134 9.9991E-05 0.0299474 0.0990988 0.0683174 0.161623 0.0391931 0.368587
0.0586392 9.9964E-05 9.9964E-05 9.9964E-05 0.0677021 0.663412 9.9964E-05 0.209847
0.0454323 9.9964E-05 9.9964E-05 9.9964E-05 0.0851616 0.556206 9.9964E-05 0.3128
0.107626 0.00439062 9.9982E-05 0.0367842 9.9982E-05 0.158834 0.0700479 0.622118
0.0268208 0.00639408 0.0210466 0.115056 9.9991E-05 0.165481 0.0924273 0.572674
0.0699605 9.9964E-05 9.9964E-05 9.9964E-05 0.0376377 0.528876 9.9964E-05 0.363126
0.0573235 9.9982E-05 0.0824515 0.0157331 0.0324855 0.238396 9.9982E-05 0.573411
0.0307636 0.0752924 0.00693149 9.9991E-05 0.028092 0.13843 0.119607 0.600784
0.122198 0.0313935 0.107387 0.0118124 0.0710436 0.138203 0.0444117 0.473551
9.9973E-05 0.021119 0.15998 9.9973E-05 9.9973E-05 0.423557 0.105088 0.289956
0.0379632 9.9982E-05 0.18573 0.0012689 9.9982E-05 0.304076 0.154425 0.316337
0.0565618 0.102244 9.9973E-05 9.9973E-05 9.9973E-05 0.129854 0.182835 0.528205
0.0483047 0.0878112 0.122211 9.9991E-05 0.0415508 0.216758 0.138692 0.344572
0.0460098 0.0879813 0.0116901 0.0358854 0.0268271 0.306924 9.9991E-05 0.484582
9.9964E-05 9.9964E-05 0.105773 9.9964E-05 9.9964E-05 0.335795 0.0383518 0.519681
9.9973E-05 0.0523621 0.0345061 9.9973E-05 9.9973E-05 0.56923 0.0571338 0.286468
0.0347622 9.9973E-05 9.9973E-05 0.0874174 9.9973E-05 0.169621 0.146711 0.561189
9.9964E-05 9.9964E-05 0.120041 9.9964E-05 9.9964E-05 0.474169 0.194526 0.210865
0.0373134 0.0947965 9.9982E-05 9.9982E-05 0.00471344 0.252781 0.175342 0.434853
9.9991E-05 0.0406563 0.0354865 0.0870529 0.0752155 0.0829764 0.141849 0.536663
9.9982E-05 0.0121582 0.127814 9.9982E-05 0.0604314 0.188433 0.12508 0.485882
0.179324 9.9991E-05 0.0214599 0.0462366 0.135254 0.118516 0.147786 0.351324
0.134798 9.9991E-05 0.0781901 0.103314 0.09339 0.056163 0.184456 0.34959
0.260994 0.0550759 9.9991E-05 0.0862687 0.109212 0.141091 0.0698303 0.277428
0.198186 0.120701 0.0368034 0.0971435 0.0955208 0.0692674 0.0322798 0.350098
0.140947 9.9991E-05 0.124921 0.189496 0.0670733 0.0175532 0.0687024 0.391207
0.0914477 0.0809156 0.0218231 0.0320435 0.1779 0.0914356 0.0168881 0.487546
0.192603 0.0513376 9.9964E-05 0.153536 9.9964E-05 0.602124 9.9964E-05 9.9964E-05
0.197835 0.0848309 9.9982E-05 0.000896461 0.113513 0.0645904 9.9982E-05 0.538134
0.146048 9.9964E-05 9.9964E-05 0.1934 0.153686 0.506466 9.9964E-05 9.9964E-05
0.217955 9.9982E-05 0.0673525 9.9982E-05 0.0147148 0.189101 0.0238688 0.486808
9.9955E-05 9.9955E-05 9.9955E-05 9.9955E-05 9.9955E-05 0.575428 0.231849 0.192224
9.9955E-05 9.9955E-05 0.136579 9.9955E-05 9.9955E-05 0.655712 0.207209 9.9955E-05
9.9964E-05 9.9964E-05 0.125877 9.9964E-05 9.9964E-05 0.298986 0.158933 0.415804
0.0145291 9.9982E-05 0.047055 0.0560752 0.00552484 0.2098 9.9982E-05 0.666815
9.9964E-05 9.9964E-05 0.0849112 9.9964E-05 9.9964E-05 0.360418 0.160197 0.394075
0.0615989 9.9964E-05 9.9964E-05 9.9964E-05 9.9964E-05 0.171476 0.289574 0.476951
9.9973E-05 9.9973E-05 0.0920907 0.0135187 9.9973E-05 0.263267 0.0733361 0.557487
0.0262441 9.9973E-05 9.9973E-05 0.301233 0.558206 9.9973E-05 0.0274653 0.0865515
0.0961591 0.119398 9.9973E-05 0.407406 0.354306 9.9973E-05 0.0224301 9.9973E-05
0.0492478 0.00711118 9.9964E-05 0.373007 0.570234 9.9964E-05 9.9964E-05 9.9964E-05
9.9955E-05 9.9955E-05 9.9955E-05 0.167138 0.787413 9.9955E-05 9.9955E-05 0.044949
0.0356998 0.0278865 0.000317222 9.9991E-05 0.0832888 0.0280777 0.381544 0.443086
0.0409092 0.0337336 0.044674 9.9982E-05 0.0394714 9.9982E-05 0.513925 0.327087
9.9964E-05 0.00665896 0.0881288 9.9964E-05 9.9964E-05 9.9964E-05 0.504774 0.400038
0.0159278 0.00521353 0.0857254 9.9982E-05 0.0878867 9.9982E-05 0.28212 0.522926
0.0664243 0.151099 9.9982E-05 0.112799 9.9982E-05 0.0130965 0.320971 0.33541
0.0130366 0.0999785 0.0134217 0.075256 9.9991E-05 0.0565287 0.593432 0.148247
0.00185848 9.9964E-05 0.118138 9.9964E-05 9.9964E-05 9.9964E-05 0.34562 0.533984
9.9964E-05 9.9964E-05 9.9964E-05 9.9964E-05 0.0424361 0.203826 0.522939 0.230399
0.146022 0.0143443 0.0496135 0.198311 0.0861906 0.040644 9.9991E-05 0.464774
0.0451378 0.0280673 0.0403141 9.9982E-05 9.9982E-05 0.142196 0.381135 0.362949
9.9973E-05 0.0817813 0.0537765 9.9973E-05 0.0721396 9.9973E-05 0.537568 0.254434
9.9991E-05 0.0232388 0.0513719 0.0122236 0.0204873 0.0845219 0.334038 0.474018
9.9973E-05 0.0142759 0.20759 9.9973E-05 0.00892578 9.9973E-05 0.451535 0.317374
0.0622228 9.9964E-05 9.9964E-05 9.9964E-05 9.9964E-05 0.00134464 0.465098 0.470935
9.9973E-05 0.0749457 9.9973E-05 0.0438908 0.0425355 9.9973E-05 0.333162 0.505166
9.9946E-05 9.9946E-05 9.9946E-05 9.9946E-05 9.9946E-05 0.107786 0.891614 9.9946E-05
9.9982E-05 0.0150409 0.0660461 0.0359698 9.9982E-05 0.1126 0.600831 0.169313
0.0079386 0.114168 9.9982E-05 0.007262 9.9982E-05 0.0944969 0.521842 0.254093
9.9946E-05 9.9946E-05 9.9946E-05 9.9946E-05 9.9946E-05 0.283825 0.715575 9.9946E-05
0.0495798 0.0231483 0.113408 0.0933277 0.0267577 9.9991E-05 0.416706 0.276973
9.9964E-05 0.00636233 9.9964E-05 9.9964E-05 9.9964E-05 0.273602 0.607039 0.112596
9.9946E-05 9.9946E-05 9.9946E-05 9.9946E-05 9.9946E-05 0.362715 0.636685 9.9946E-05
0.0439225 0.0389894 0.0404213 0.00787736 0.0708299 9.9991E-05 0.321819 0.476041
9.9982E-05 0.0018728 0.0565828 0.118277 9.9982E-05 0.064763 0.690073 0.0682314
0.0539863 0.0458504 0.127623 9.9982E-05 9.9982E-05 0.0312969 0.385918 0.355125
0.111865 9.9991E-05 0.10549 0.0370958 0.0710937 0.0280266 0.122857 0.523473
0.0542818 0.00552793 0.100796 0.0408576 9.9982E-05 9.9982E-05 0.496433 0.301903
0.0372831 0.0418505 0.443806 9.9973E-05 9.9973E-05 0.231955 9.9973E-05 0.244806
0.0653976 0.0844482 0.0287853 9.9973E-05 9.9973E-05 9.9973E-05 0.422162 0.398907
9.9973E-05 9.9973E-05 0.212326 0.0522372 9.9973E-05 0.0102204 0.333959 0.390958
9.9955E-05 9.9955E-05 9.9955E-05 9.9955E-05 9.9955E-05 0.0316116 0.718727 0.249162
0.0395008 0.091786 9.9991E-05 0.0325801 0.0487462 0.116709 0.149048 0.52153
9.9973E-05 0.190342 0.131721 0.150426 0.505176 0.0220343 9.9973E-05 9.9973E-05
0.0075588 0.0555341 0.107673 0.0826672 0.701617 0.0201547 0.0235559 0.00123921
9.9964E-05 0.103473 9.9964E-05 0.160507 0.681367 0.0542538 9.9964E-05 9.9964E-05
9.9964E-05 0.173279 9.9964E-05 0.122937 0.686763 0.0166207 9.9964E-05 9.9964E-05
9.9973E-05 0.19887 9.9973E-05 0.306749 0.452461 9.9973E-05 0.0117443 0.0298761
9.9955E-05 9.9955E-05 0.271437 0.0445416 9.9955E-05 9.9955E-05 0.683521 9.9955E-05
9.9982E-05 0.0385991 0.112896 9.9982E-05 0.0978858 0.0342418 0.696922 0.0192559
0.0206632 9.9964E-05 9.9964E-05 9.9964E-05 9.9964E-05 0.16487 0.791587 0.0224805
0.114711 9.9991E-05 0.0324749 0.00512381 0.100233 0.0109477 0.3089 0.42751
0.0148774 0.0857533 0.0536067 0.0145358 0.0983557 0.0989166 0.0363775 0.597577
0.0894079 9.9973E-05 9.9973E-05 0.0475607 9.9973E-05 0.146231 0.558821 0.157679
0.086316 0.00552914 9.9973E-05 9.9973E-05 9.9973E-05 0.00704755 0.39741 0.503397
0.018388 9.9964E-05 9.9964E-05 9.9964E-05 0.0779282 9.9964E-05 0.599191 0.304093
0.0235328 0.0853767 0.0174493 0.0391228 0.0104306 0.00117888 0.350427 0.472482
0.0904338 0.0898781 9.9973E-05 0.0224216 9.9973E-05 9.9973E-05 0.361624 0.435342
0.0199279 0.112713 0.0431083 9.9982E-05 9.9982E-05 0.0315172 0.63911 0.153424
9.9964E-05 0.0187091 0.0979471 9.9964E-05 9.9964E-05 9.9964E-05 0.670612 0.212332
9.9964E-05 0.111409 0.177464 9.9964E-05 9.9964E-05 9.9964E-05 0.528364 0.182363
0.0305406 0.102122 0.0848437 0.0704954 9.9991E-05 0.0624149 0.0639496 0.585533
9.9973E-05 0.0169951 0.112913 9.9973E-05 0.00434679 9.9973E-05 0.564481 0.300965
9.9973E-05 0.00927994 0.112083 0.0441724 9.9973E-05 9.9973E-05 0.441825 0.392339
0.425095 0.0514036 0.0369183 0.0577174 9.9991E-05 0.00475003 0.121404 0.302612
0.416686 9.9982E-05 0.0386057 0.132331 9.9982E-05 0.004361 0.0379815 0.369835
0.429035 0.0366917 9.9973E-05 0.10668 9.9973E-05 0.00539305 9.9973E-05 0.4219
0.463153 9.9964E-05 9.9964E-05 0.17192 9.9964E-05 0.0832229 9.9964E-05 0.281305
0.270155 9.9982E-05 0.0150531 0.144943 0.0443143 0.0589804 9.9982E-05 0.466354
9.9973E-05 9.9973E-05 0.0203964 9.9973E-05 0.0628968 0.172741 0.284896 0.458769
0.598272 0.00391418 9.9991E-05 0.214308 0.0923876 0.0104157 0.0158032 0.0647994
0.389928 9.9982E-05 9.9982E-05 0.11614 0.0803929 0.00701596 0.0190969 0.387227
0.223558 0.0212203 9.9991E-05 0.125275 0.0437392 0.116731 0.153338 0.316039
0.00428479 9.9991E-05 0.00338986 0.195252 0.0739893 0.124269 0.0504256 0.54829
0.0224109 0.0160128 0.0282196 0.18797 9.9991E-05 0.188821 0.117934 0.438532
0.0371924 0.0806123 9.9973E-05 0.181518 9.9973E-05 0.0911218 9.9973E-05 0.609255
9.9991E-05 0.012253 0.116679 0.0248607 0.121563 0.136364 0.0467288 0.541451
0.321651 9.9964E-05 9.9964E-05 0.184298 0.0392589 9.9964E-05 9.9964E-05 0.454393
0.347055 0.0822757 0.0853641 9.9982E-05 0.151545 9.9982E-05 0.0523318 0.281228
0.488037 9.9964E-05 9.9964E-05 0.0874772 0.011743 9.9964E-05 9.9964E-05 0.412343
0.228164 0.0901343 9.9991E-05 0.120751 0.0364881 0.00578479 0.0168931 0.501684
0.533403 9.9964E-05 0.115085 0.137809 9.9964E-05 9.9964E-05 9.9964E-05 0.213303
0.256705 9.99983E-05 0.131347 0.0941607 0.10297 0.0303914 0.0666376 0.317688
0.529196 0.065412 9.9973E-05 9.9973E-05 0.098135 9.9973E-05 0.0179255 0.289032
0.447833 0.0791266 0.0994791 0.0402581 9.9973E-05 9.9973E-05 9.9973E-05 0.333003
9.9964E-05 9.9964E-05 9.9964E-05 0.144419 9.9964E-05 0.235616 0.054964 0.5646
0.258056 9.9982E-05 9.9982E-05 0.205396 0.0193225 0.0192656 0.0884347 0.409325
0.628811 9.9955E-05 9.9955E-05 0.211602 9.9955E-05 9.9955E-05 9.9955E-05 0.159088
0.306567 0.0131564 0.14512 0.0936901 0.0114341 9.9991E-05 0.122654 0.307279
9.9982E-05 0.0525845 0.124339 0.298136 9.9982E-05 0.184575 0.194226 0.145939
0.0185042 0.0129833 0.079223 0.0644921 0.0118894 0.13332 9.9991E-05 0.679489
0.256343 0.0419257 0.142271 0.0193045 0.152276 9.9991E-05 0.0549492 0.33283
9.9982E-05 0.0357285 0.172901 0.1076 0.047872 0.0743136 9.9982E-05 0.561384
9.9991E-05 0.00748229 0.102667 0.222575 0.0256486 0.0744082 0.13351 0.433609
0.280972 0.0180965 0.023113 0.0826285 0.12149 0.0642981 0.140127 0.269275
0.25332 0.0507146 0.0150068 0.186689 0.108786 0.0248681 9.9991E-05 0.360516
0.0734335 9.9982E-05 0.037689 0.15804 9.9982E-05 0.0336337 0.215113 0.481891
0.342936 9.9982E-05 0.0379216 0.0626841 0.0607944 9.9982E-05 0.142879 0.352585
0.40144 9.9973E-05 0.0849003 0.120572 0.00268704 9.9973E-05 9.9973E-05 0.3901
0.536527 9.9973E-05 9.9973E-05 0.25433 0.011497 0.0132837 9.9973E-05 0.184063
0.113296 0.0505804 0.0250382 0.0230591 0.0482565 0.138136 0.00801256 0.593622
9.9982E-05 9.9982E-05 0.110366 0.143158 0.0330335 0.182941 0.127361 0.402941
0.00893891 9.9973E-05 9.9973E-05 0.0764983 0.0747114 0.583476 9.9973E-05 0.256076
0.0154152 0.0204587 0.00123591 0.168395 0.0240783 0.11452 0.0853996 0.570497
0.0436088 0.119168 0.272724 0.0635531 0.0322422 0.0341234 0.105268 0.329313
0.0990485 9.9991E-05 0.0279897 0.0638654 0.188642 0.0771728 0.110872 0.432309
0.144376 0.0990999 0.132658 9.9982E-05 0.078592 0.0999209 9.9982E-05 0.445153
0.204794 0.0081387 9.9973E-05 0.0537724 0.292838 0.440157 9.9973E-05 9.9973E-05
0.102453 9.9964E-05 9.9964E-05 0.0655191 0.27151 0.560118 9.9964E-05 9.9964E-05
0.107515 0.0810216 0.028179 9.9982E-05 0.153447 0.356296 9.9982E-05 0.273342
