0.858923 0.0537031 0.0532688 0.0210117 0.0128931 9.9982E-05 9.9982E-05
0.914482 0.00289776 9.9973E-05 0.0086377 9.9973E-05 9.9973E-05 0.073683
0.828325 0.00753328 0.0199179 0.0327694 0.111254 9.9982E-05 9.9982E-05
0.775763 0.0941337 0.0835583 9.9982E-05 0.0221749 9.9982E-05 0.0241697
0.857473 0.0380632 0.0598668 9.9982E-05 0.0266841 9.9982E-05 0.0177133
0.586378 0.0761335 0.111266 0.0758419 9.9982E-05 0.15018 9.9982E-05
0.783691 0.0497763 9.9964E-05 9.9964E-05 9.9964E-05 0.166133 9.9964E-05
0.735271 0.135978 0.0573633 9.9982E-05 0.0179578 0.0532299 9.9982E-05
0.80115 0.0789123 9.99729E-05 0.0784081 9.99729E-05 0.0412293 9.99729E-05
0.657166 0.0343226 0.0567399 9.9991E-05 0.080961 0.0759249 0.0947855
0.745646 0.122624 9.9973E-05 9.9973E-05 0.0298934 0.101537 9.9973E-05
9.9982E-05 0.385617 0.0863178 0.155518 0.251671 0.120677 9.9982E-05
9.9982E-05 0.296654 0.0628261 0.0338985 0.54528 0.0611411 9.9982E-05
0.0489231 0.398534 0.0560675 0.0807737 0.237712 0.0861843 0.0918046
0.00573662 0.296557 0.178514 0.0528064 0.342577 0.0598608 0.0639484
0.0632427 0.164255 0.148637 9.9991E-05 0.381309 0.206248 0.0362081
0.000859525 0.101037 0.1521 0.112359 0.53175 0.0229105 0.0789844
9.9991E-05 0.182057 0.105876 0.122536 0.451551 0.126935 0.0109447
0.0835618 0.284244 0.134778 0.179611 0.30443 0.0132753 9.9991E-05
0.01973 0.619743 0.0625447 0.0974715 0.0140061 0.164534 0.0219704
9.999E-05 0.299626 0.155168 0.132202 0.355976 0.00153251 0.0553953
9.9991E-05 0.141838 0.0253058 0.0520379 0.499102 0.235737 0.0458788
0.0112139 0.152339 0.0376125 0.0943191 0.564656 0.129013 0.0108454
9.9982E-05 0.26096 0.118624 0.202235 0.265215 0.152766 9.9982E-05
0.119527 0.079418 0.0492182 0.0716747 0.606167 9.9991E-05 0.0738958
9.9982E-05 0.296297 0.0441006 0.0210937 0.620295 0.0180139 9.9982E-05
0.0316433 0.39435 0.136871 0.214277 0.159034 0.0637246 9.9991E-05
9.9982E-05 0.416319 0.0998694 0.0595716 0.308081 0.11596 9.9982E-05
0.01368 0.415541 0.0342347 0.135373 0.214374 0.129906 0.056892
0.842074 9.9964E-05 0.0588671 9.9964E-05 0.0986591 9.9964E-05 9.9964E-05
0.824143 9.9955E-05 9.9955E-05 9.9955E-05 0.175358 9.9955E-05 9.9955E-05
0.740131 9.9973E-05 0.0307741 0.0992961 0.129499 9.9973E-05 9.9973E-05
0.738309 9.9973E-05 0.0703575 0.0351695 0.155864 9.9973E-05 9.9973E-05
0.00226872 0.102117 0.0820084 0.196994 0.508529 0.0665306 0.0415524
0.112831 0.101773 9.9982E-05 0.282355 0.493298 9.9982E-05 0.00954272
0.0167247 9.9973E-05 0.0178674 0.348856 0.616252 9.9973E-05 9.9973E-05
0.0842417 0.628366 0.0170376 0.00235452 0.210186 0.0397624 0.0180519
0.0420021 0.050256 0.0690074 0.529504 0.255551 0.0202311 0.0334487
0.113568 9.9973E-05 9.9973E-05 0.302582 0.532162 9.9973E-05 0.051388
0.034982 9.9982E-05 0.0537078 0.218487 0.643538 0.0490851 9.9982E-05
0.0880436 0.0481109 9.9991E-05 0.0702845 0.599112 0.185863 0.00848607
0.082628 0.14016 0.0209243 0.0843762 0.618991 0.031801 0.021119
0.045666 0.0884659 9.9982E-05 0.669643 0.125412 0.0706134 9.9982E-05
0.0149081 0.00684823 0.0829196 0.0472359 0.610924 0.237064 9.9991E-05
0.104411 9.9991E-05 0.0577895 0.189047 0.585976 0.0197119 0.0429648
0.134541 9.9991E-05 0.149815 0.112969 0.482001 0.0646834 0.0558898
9.9964E-05 9.9964E-05 9.9964E-05 0.71284 0.270889 9.9964E-05 0.0158714
0.0728611 9.9982E-05 0.0727856 0.254499 0.575079 0.024576 9.9982E-05
0.0907008 0.045222 0.0899873 0.114608 0.545801 0.0102467 0.103434
0.0600228 9.9964E-05 9.9964E-05 0.749606 9.9964E-05 0.189972 9.9964E-05
9.9982E-05 0.413356 9.9982E-05 0.221797 0.180082 0.109927 0.0746377
9.9991E-05 0.216341 0.054963 0.274405 0.0272346 0.34495 0.0820071
0.0200526 0.102929 0.0849493 0.0579697 0.51002 0.083262 0.140818
0.0600371 0.112509 0.12306 9.9991E-05 0.521761 0.0665789 0.115954
0.0822964 0.0502629 0.0991685 0.0135367 0.594476 0.099961 0.0602984
0.0547424 0.328019 9.9991E-05 0.237382 0.13766 0.139677 0.10242
0.0331193 0.217294 9.9991E-05 0.0349018 0.660998 0.00627717 0.0473094
0.108769 9.9991E-05 0.0351175 0.0891722 0.549688 0.080346 0.136807
0.111632 0.184592 9.9991E-05 0.182943 0.340793 0.0831387 0.0968015
0.153504 0.363118 0.0899483 0.127591 0.0735108 0.192227 9.9991E-05
0.0468121 0.155504 0.0386165 0.0880183 0.553335 0.0366619 0.081052
0.0688138 0.205329 0.08272 0.107206 0.421388 0.0471053 0.067439
0.0420547 0.492841 9.9991E-05 0.213515 0.0470129 0.155539 0.0489382
9.9982E-05 0.210647 9.9982E-05 0.104272 0.52897 0.0908059 0.065105
9.9991E-05 0.0535766 0.0327911 0.115025 0.652418 0.0415193 0.10457
0.0812646 0.157345 0.0947668 0.0194397 0.550823 0.0712456 0.0251155
0.0416556 0.29892 0.0931341 0.167246 0.252395 0.0639031 0.0827462
9.9991E-05 0.128399 0.0705581 0.153597 0.391686 0.14828 0.107379
0.124358 0.114881 0.0316289 0.121765 0.500025 9.9991E-05 0.107241
0.0317728 0.365217 9.9991E-05 0.181336 0.243844 0.106084 0.0716467
9.9982E-05 9.9982E-05 0.0232475 0.503956 0.466913 0.00132592 0.00435742
0.00716307 0.123034 0.00390098 0.668885 0.196817 9.9982E-05 9.9982E-05
0.0715017 0.153778 9.9982E-05 0.13325 0.566264 0.0750061 9.9982E-05
9.9955E-05 9.9955E-05 9.9955E-05 0.864642 9.9955E-05 0.134858 9.9955E-05
9.9973E-05 0.0501903 9.9973E-05 0.830933 9.9973E-05 0.0326309 0.085946
9.9955E-05 9.9955E-05 9.9955E-05 0.728655 0.270846 9.9955E-05 9.9955E-05
9.9964E-05 0.0948164 9.9964E-05 0.452967 0.451816 9.9964E-05 9.9964E-05
0.0720611 0.105591 0.18636 0.156964 0.478823 9.9982E-05 9.9982E-05
0.0459854 0.0419419 0.00156734 0.408122 0.491072 9.9991E-05 0.0112116
0.038518 0.159511 0.0775148 0.6425 0.0817569 9.9982E-05 9.9982E-05
0.0467722 0.215049 9.9973E-05 0.528532 0.209347 9.9973E-05 9.9973E-05
0.102124 0.0576029 0.116231 0.280198 0.443644 9.9982E-05 9.9982E-05
0.0283411 0.0374046 0.0498925 0.610687 0.273475 9.9982E-05 9.9982E-05
0.0435762 0.00532873 9.9982E-05 0.510505 0.432909 0.00748049 9.9982E-05
9.9973E-05 9.9973E-05 9.9973E-05 0.613767 0.339322 0.0425641 0.00404736
9.9982E-05 0.0185588 0.00892864 0.716502 9.9982E-05 0.145489 0.110321
9.9982E-05 0.0697822 0.0463803 0.236414 0.632835 0.0143884 9.9982E-05
0.830218 0.0307154 0.0561109 9.9973E-05 0.0826554 9.9973E-05 9.9973E-05
0.904608 9.9955E-05 9.9955E-05 9.9955E-05 0.0948923 9.9955E-05 9.9955E-05
0.865722 9.9964E-05 0.0552505 9.9964E-05 0.0786277 9.9964E-05 9.9964E-05
0.901414 9.9982E-05 0.00539026 0.0588528 0.00309552 0.0310477 9.9982E-05
0.860681 9.9973E-05 0.019514 9.9973E-05 0.0815267 9.9973E-05 0.0379781
0.903708 9.9982E-05 9.9982E-05 0.0203973 0.0453281 0.0246259 0.00574088
0.933319 9.99641E-05 9.99641E-05 9.99641E-05 0.0657482 0.000532836 9.99641E-05
0.115195 9.9982E-05 9.9982E-05 0.166638 0.596625 0.0727953 0.0485471
0.0711283 0.0690791 0.10913 0.289786 0.443333 0.0146513 0.00289269
0.0452632 0.0181294 9.9982E-05 0.875591 0.00906685 9.9982E-05 0.0517496
0.105953 0.00312557 0.0726407 0.228732 0.568081 0.0107653 0.0107023
0.0179115 0.0660863 0.0303588 0.381584 0.503859 9.9982E-05 9.9982E-05
0.0460148 9.9991E-05 0.00530377 0.275218 0.557512 0.0148622 0.100989
0.0626181 0.0549821 0.0107717 0.213746 0.549758 0.0427564 0.0653675
0.0250144 9.9982E-05 0.110583 0.452043 0.403651 9.9982E-05 0.00850792
0.0572519 0.203036 9.9973E-05 0.727407 9.9973E-05 9.9973E-05 0.0120055
0.128221 0.066871 0.0831755 0.162323 0.48886 9.9991E-05 0.0704502
0.100978 0.0245703 9.9982E-05 0.195616 0.668808 0.00982702 9.9982E-05
0.0249821 0.100873 0.020251 0.0830795 0.683005 0.0877086 9.9991E-05
9.9982E-05 9.9982E-05 0.00207937 0.473558 0.376984 0.139477 0.00770243
0.0142798 9.9991E-05 0.0184593 0.362378 0.507547 0.00234077 0.0948956
0.0184695 0.089252 0.0452986 0.386237 0.460543 9.9982E-05 9.9982E-05
9.9973E-05 9.9973E-05 0.0684074 0.576329 0.312598 9.9973E-05 0.0423653
0.029002 0.139677 9.9973E-05 0.432528 0.398493 9.9973E-05 9.9973E-05
0.0921135 0.0657504 0.035165 0.197089 0.582045 9.9991E-05 0.0277363
9.99852E-05 0.312101 9.99852E-05 0.092092 0.253682 0.158548 0.183376
0.0783645 0.384045 0.0413969 9.9982E-05 0.421096 0.0748979 9.9982E-05
0.0616102 0.201023 0.139241 0.0997012 0.423434 9.9991E-05 0.0748911
0.122933 0.0689624 0.0295569 0.183702 0.594645 9.9982E-05 9.9982E-05
0.0282988 0.297447 9.9982E-05 0.119766 0.464866 9.9982E-05 0.0894224
0.0729865 0.21476 0.0502902 9.9991E-05 0.570649 0.0117349 0.0794791
0.0278097 0.28655 0.0346755 9.9982E-05 0.478148 9.9982E-05 0.172616
0.0363282 0.216218 0.0547244 0.0596554 0.50764 0.0667004 0.0587335
0.0396407 0.165208 0.097867 0.156544 0.487242 0.0329273 0.0205706
0.0517594 0.171407 9.9991E-05 0.0283257 0.608343 0.0286893 0.111376
9.9973E-05 0.26777 9.9973E-05 0.0899557 0.520722 9.9973E-05 0.121252
9.9991E-05 0.123997 0.109333 0.0265446 0.563024 0.139103 0.0378986
0.0194263 0.128038 0.137523 9.9991E-05 0.571994 0.0397432 0.103176
9.9982E-05 0.224093 0.0334771 0.0652004 0.609868 9.9982E-05 0.0671613
0.093378 0.114638 0.0220365 9.9991E-05 0.595007 0.123468 0.0513723
0.00814581 0.242086 0.146154 0.0804287 0.414996 9.9991E-05 0.108089
0.110238 0.278355 9.9982E-05 9.9982E-05 0.370246 0.158716 0.082245
0.00644286 0.18418 0.118489 0.0586917 0.556701 0.016714 0.0587822
0.0169489 0.188656 0.010325 9.9982E-05 0.60324 9.9982E-05 0.180631
9.9991E-05 0.465026 0.0622771 0.0942884 0.288959 0.0075858 0.0817636
0.0182259 0.292413 0.0226181 0.0477908 0.174843 0.239096 0.205014
0.022329 0.195917 0.0819374 0.0769445 0.458242 0.0850122 0.0796176
9.9991E-05 0.337644 0.0912154 0.200424 0.0200386 0.15 0.200578
0.0464762 0.371439 9.9991E-05 0.207319 0.31509 0.0506168 0.00895918
9.9982E-05 0.319161 9.9982E-05 0.128206 0.444664 0.0282486 0.0795193
0.00875314 0.372971 9.9982E-05 0.19606 0.349346 9.9982E-05 0.0726698
9.9982E-05 0.461191 9.9982E-05 0.108696 0.357592 0.0441553 0.0281654
0.0893798 0.100719 0.0623036 0.114717 0.574169 0.00651978 0.0521926
0.0472606 0.0592311 0.133643 0.224023 0.535642 9.9982E-05 9.9982E-05
0.0529604 0.22976 0.0154151 0.148496 0.482258 9.9991E-05 0.0710105
9.9991E-05 0.339725 0.0320226 0.178123 0.12786 0.240358 0.0818116
0.130385 0.088534 0.00169177 9.9982E-05 0.540833 0.238356 9.9982E-05
9.9991E-05 0.112646 0.0686655 0.0919206 0.498103 0.2254 0.0031652
0.110008 0.134753 9.9991E-05 0.195468 0.00604516 0.46856 0.0850653
0.101026 9.9991E-05 0.125193 0.138721 0.546552 0.0114115 0.0769967
0.119881 0.0329043 0.0353124 0.266501 0.354125 0.1221 0.0691769
0.099598 9.9991E-05 0.030535 0.165695 0.467904 0.140718 0.0954509
0.0603497 0.144271 9.9991E-05 0.0661182 0.261805 0.396473 0.0708833
9.9982E-05 0.178926 9.9982E-05 0.0718334 0.238983 0.39871 0.111348
0.0259459 0.0864594 0.0183683 0.143434 0.383899 0.145528 0.196366
0.0708171 0.139867 0.0959864 0.0560522 0.505839 0.0634408 0.0679976
0.153894 0.144045 0.0624931 0.142982 0.341357 0.0903262 0.0649026
9.9982E-05 0.0959928 0.195848 0.226821 9.9982E-05 0.369703 0.111436
0.122583 0.0196351 0.0937188 0.116282 0.478411 0.0116794 0.157691
9.9982E-05 0.0949859 9.9982E-05 0.121793 0.446662 0.299374 0.0369849
9.9982E-05 0.10311 9.9982E-05 0.190223 0.474866 0.112325 0.119275
0.0851032 9.9982E-05 0.0332608 0.08768 0.562726 0.231031 9.9982E-05
0.283518 9.9973E-05 0.235137 9.9973E-05 0.180494 0.300551 9.9973E-05
0.467396 9.9964E-05 0.123643 9.9964E-05 9.9964E-05 0.408562 9.9964E-05
0.412917 9.9964E-05 0.134276 9.9964E-05 9.9964E-05 0.452406 9.9964E-05
0.374928 9.9964E-05 0.350214 9.9964E-05 9.9964E-05 0.274459 9.9964E-05
9.9973E-05 9.9973E-05 0.00319243 0.0985508 0.650861 0.247096 9.9973E-05
0.0584252 0.0499988 0.0639943 0.227385 0.497155 0.102942 9.9991E-05
9.9964E-05 9.9964E-05 0.716556 0.0372294 0.245815 9.9964E-05 9.9964E-05
0.0544047 0.121419 0.413232 0.108423 0.259071 9.9991E-05 0.0433505
0.065397 0.0494585 0.349722 0.0588915 0.435038 0.0116972 0.0297952
9.9973E-05 9.9973E-05 9.9973E-05 0.0762545 0.391131 0.346576 0.185738
9.9991E-05 0.0656975 0.110317 0.141156 0.544119 0.137535 0.00107652
9.9973E-05 9.9973E-05 9.9973E-05 0.14168 0.205066 0.486684 0.16627
0.0211751 0.00199594 9.9991E-05 0.0544023 0.651854 0.18038 0.0900924
9.9982E-05 0.103143 9.9982E-05 0.0551441 0.46649 0.197227 0.177796
9.9982E-05 0.0236967 0.0452409 9.9982E-05 0.602777 0.233636 0.0944498
9.9982E-05 0.0433189 9.9982E-05 0.195372 0.224 0.438764 0.098346
0.0546568 0.0806836 0.00737155 0.0325216 0.651133 0.00021346 0.17342
9.9982E-05 9.9982E-05 0.0530986 0.0238461 0.61722 0.222642 0.082993
9.9973E-05 9.9973E-05 0.936304 0.0121782 0.0494625 9.9973E-05 0.00175487
9.9964E-05 9.9964E-05 0.901608 9.9964E-05 0.0558776 0.0421144 9.9964E-05
0.0632306 0.0685909 0.521344 0.0668383 0.279796 9.9982E-05 9.9982E-05
9.9964E-05 0.0343904 0.692177 9.9964E-05 0.273032 9.9964E-05 9.9964E-05
9.9973E-05 9.9973E-05 0.791041 0.0513404 0.148075 0.0092434 9.9973E-05
9.995E-05 9.995E-05 0.9994 9.995E-05 9.995E-05 9.995E-05 9.995E-05
9.9955E-05 0.0532752 0.946225 9.9955E-05 9.9955E-05 9.9955E-05 9.9955E-05
9.9955E-05 9.9955E-05 0.816139 9.9955E-05 0.183361 9.9955E-05 9.9955E-05
9.9955E-05 0.0698349 0.929665 9.9955E-05 9.9955E-05 9.9955E-05 9.9955E-05
9.995E-05 9.995E-05 0.9994 9.995E-05 9.995E-05 9.995E-05 9.995E-05
9.995E-05 9.995E-05 0.9994 9.995E-05 9.995E-05 9.995E-05 9.995E-05
0.0663053 0.00536017 0.757551 9.9982E-05 0.166249 9.9982E-05 0.00433405
0.062955 0.0510534 0.78892 0.0072754 0.0844126 9.9991E-05 0.00528338
9.9955E-05 9.9955E-05 0.954536 0.0449637 9.9955E-05 9.9955E-05 9.9955E-05
0.00499821 0.159389 0.372621 0.0180028 0.357115 0.0810672 0.00680636
0.0575277 0.069883 0.599009 9.9982E-05 0.244953 0.0284272 9.9982E-05
0.0278023 0.0474293 0.740443 0.011791 0.172334 9.9982E-05 9.9982E-05
0.000118236 0.00474499 0.868462 9.9973E-05 0.126375 9.9973E-05 9.9973E-05
9.9955E-05 9.9955E-05 0.993002 0.00649779 9.9955E-05 9.9955E-05 9.9955E-05
9.9973E-05 0.0376743 0.919271 0.0363043 9.9973E-05 9.9973E-05 0.0064503
9.995E-05 9.995E-05 0.9994 9.995E-05 9.995E-05 9.995E-05 9.995E-05
0.0733534 0.00794307 0.557156 9.9982E-05 0.34141 9.9982E-05 0.0199369
9.9964E-05 0.0113098 0.931328 0.0569624 9.9964E-05 9.9964E-05 9.9964E-05
0.241802 9.9973E-05 0.0446964 0.0219177 9.9973E-05 0.691284 9.9973E-05
0.140335 0.111651 0.0477396 9.9991E-05 0.465775 0.205912 0.0284868
0.155712 0.0513955 0.119433 0.0885273 0.362999 0.221832 9.9991E-05
0.193361 0.0128208 0.0711369 0.0125691 0.194668 0.498332 0.0171127
0.104655 0.193736 0.126845 9.9982E-05 0.441114 0.133449 9.9982E-05
0.193537 9.9991E-05 0.1201 0.0502113 0.223048 0.396243 0.0167603
0.207873 0.0126387 0.0828236 0.0462131 0.440678 0.0708018 0.138972
0.0576494 9.9982E-05 0.171273 0.00999366 0.328022 0.432862 9.9982E-05
0.121826 0.0217156 0.125962 9.9991E-05 0.48343 0.224579 0.0223877
0.142507 9.9982E-05 0.153054 9.9982E-05 0.356363 0.341354 0.00652181
0.158337 0.0944926 0.0680305 0.111645 0.43751 0.109483 0.0205013
0.789848 0.0670212 9.9982E-05 9.9982E-05 0.0246924 0.060526 0.0577126
0.929312 9.9964E-05 0.0316897 9.9964E-05 9.9964E-05 9.9964E-05 0.0385987
0.956231 0.0182083 9.9973E-05 0.0222496 0.00301141 9.9973E-05 9.9973E-05
0.937423 0.0530129 9.9964E-05 9.9964E-05 0.00916461 9.9964E-05 9.9964E-05
0.8743 0.0496756 0.000896092 9.9991E-05 0.0301898 0.031868 0.0129701
0.867108 9.9964E-05 0.0995925 9.9964E-05 9.9964E-05 9.9964E-05 0.0328997
0.891506 0.000686375 0.0543348 0.0133571 0.0399155 9.9982E-05 9.9982E-05
0.916566 0.000711468 9.9991E-05 0.00325332 0.00281459 0.0707257 0.00582876
0.900175 9.9973E-05 0.0309627 0.0507587 0.0178036 9.9973E-05 9.9973E-05
0.810116 0.0305737 0.122999 9.9973E-05 9.9973E-05 0.0360118 9.9973E-05
0.625599 0.216407 9.9973E-05 0.0785089 9.9973E-05 9.9973E-05 0.0791856
0.570933 0.35873 9.9964E-05 0.069937 9.9964E-05 9.9964E-05 9.9964E-05
0.501186 0.316688 9.9982E-05 0.0287298 9.9982E-05 0.117857 0.0353391
0.483071 0.327503 9.9982E-05 0.0981852 9.9982E-05 0.0347677 0.0562733
0.102323 0.15462 0.00409274 0.290243 0.447766 0.000855481 9.9991E-05
9.9982E-05 0.0506145 0.0537643 0.305565 0.512287 9.9982E-05 0.0775697
0.010555 0.165634 0.0217125 0.235898 0.566 9.9982E-05 9.9982E-05
0.0284097 0.311486 9.9991E-05 0.146235 0.440955 0.0538255 0.0189888
9.9991E-05 0.58611 0.0460489 0.125984 0.134568 0.0652671 0.0419225
0.0267375 9.9982E-05 0.106029 0.226033 0.527268 9.9982E-05 0.113732
9.9973E-05 0.0946124 0.0524384 0.331082 0.521568 9.9973E-05 9.9973E-05
9.9991E-05 0.126602 0.0285846 0.271746 0.514155 0.0251686 0.0336432
9.9982E-05 9.9982E-05 0.0832045 0.563851 0.278937 0.0308244 0.0429836
0.0819593 0.0726353 9.9991E-05 0.158403 0.647766 0.0221298 0.0170069
0.0295905 0.10366 9.9982E-05 0.368313 0.430284 9.9982E-05 0.067953
9.9982E-05 0.0668224 0.00628833 0.70148 9.9982E-05 0.0381857 0.187024
0.0361448 0.22822 9.9991E-05 0.1092 0.510776 0.0923978 0.0231609
0.017732 9.9982E-05 9.9982E-05 0.500109 0.240845 0.0916838 0.14943
0.0250985 0.0183121 9.9991E-05 0.345253 0.525427 0.051838 0.0339718
0.0526355 0.192474 9.9973E-05 0.696736 0.057855 9.9973E-05 9.9973E-05
0.0903852 0.791156 9.9964E-05 9.9964E-05 9.9964E-05 0.118059 9.9964E-05
0.0742714 0.755573 9.9973E-05 9.9973E-05 0.108369 0.0614867 9.9973E-05
0.0465163 0.839085 9.9982E-05 9.9982E-05 0.0089009 0.0143163 0.0909817
0.111793 0.776064 9.9982E-05 9.9982E-05 0.0221818 0.0152521 0.0745091
9.9982E-05 0.869347 0.0283267 9.9982E-05 0.0410238 0.00616617 0.0549368
0.0370345 0.757052 0.030871 9.9982E-05 0.0828621 9.9982E-05 0.0919807
0.88975 9.9973E-05 0.0255676 9.9973E-05 0.0669129 9.9973E-05 0.0174693
0.827159 0.0434544 0.0245481 9.9982E-05 0.0907279 0.0139105 9.9982E-05
0.772277 9.9964E-05 0.101237 9.9964E-05 0.126086 9.9964E-05 9.9964E-05
0.740658 0.141672 0.11727 9.9964E-05 9.9964E-05 9.9964E-05 9.9964E-05
0.79424 0.0561869 0.0542306 9.9982E-05 0.0779411 0.017201 9.9982E-05
0.379716 0.504396 9.9964E-05 9.9964E-05 9.9964E-05 0.115488 9.9964E-05
0.458654 0.390792 9.9982E-05 0.0350481 9.9982E-05 0.0501172 0.0651879
0.439861 0.41488 0.00302743 0.0472413 9.9982E-05 9.9982E-05 0.0947906
0.800541 9.9964E-05 0.0291896 9.9964E-05 0.16987 9.9964E-05 9.9964E-05
0.376497 0.489333 0.0115375 0.0879791 9.9982E-05 9.9982E-05 0.034453
0.20574 9.9973E-05 0.363967 9.9973E-05 0.290287 0.139706 9.9973E-05
0.148036 0.0364728 0.17404 0.0125261 0.559038 0.0697876 9.9991E-05
0.216768 9.9964E-05 0.216595 9.9964E-05 0.566237 9.9964E-05 9.9964E-05
0.245621 9.9982E-05 0.203897 0.154679 0.301781 0.0938218 9.9982E-05
0.117792 0.10219 0.231248 0.0620924 0.410411 0.0596918 0.0165745
0.346918 9.9964E-05 0.337387 9.9964E-05 9.9964E-05 0.315295 9.9964E-05
9.9982E-05 0.272889 9.9982E-05 0.028691 0.484441 0.0484708 0.165308
0.0222229 0.189401 0.0340605 0.0264746 0.363618 0.166636 0.197587
0.0883101 0.418604 9.9991E-05 0.0485758 0.372033 0.0321472 0.0402301
0.0131652 0.125134 0.017981 0.0973191 0.472643 0.0383034 0.235455
9.9973E-05 0.102371 9.9973E-05 0.225449 9.9973E-05 0.322448 0.349431
0.0313346 0.170745 0.0676432 0.0251796 0.561709 0.100279 0.0431095
0.00692566 0.19762 0.0609564 0.0526751 0.443293 0.128212 0.110318
0.0404067 0.412961 9.9991E-05 0.092451 0.370997 0.031864 0.0512212
0.103666 0.15236 0.0830529 0.048394 0.507477 0.0293509 0.0756996
9.9982E-05 0.266579 9.9982E-05 0.248912 0.0987835 0.27279 0.112736
9.9991E-05 0.165355 0.0426597 0.114779 0.441638 0.109915 0.125553
9.9982E-05 0.246414 0.00381165 0.141107 0.579935 0.0285318 9.9982E-05
0.10417 0.104957 0.230816 0.176901 0.323358 0.031934 0.0278636
9.9982E-05 0.294319 9.9982E-05 0.049252 0.389388 0.0154105 0.251431
0.0158549 0.292485 9.9991E-05 0.0510843 0.448132 0.00553899 0.186806
9.9991E-05 0.0959943 0.0513807 0.0911423 0.434402 0.122895 0.204086
9.9982E-05 0.188234 9.9982E-05 0.15248 0.550228 0.035496 0.0733625
9.9991E-05 0.158034 0.0496448 0.0805825 0.608687 0.0477061 0.0552449
0.155405 0.176102 0.0619547 0.107305 0.413831 9.9991E-05 0.0853027
0.08619 0.182819 0.0655635 0.124564 0.487599 0.0274043 0.02586
0.782876 9.9973E-05 0.0634421 9.9973E-05 0.149341 0.00404105 9.9973E-05
0.82281 9.9973E-05 0.0348467 9.9973E-05 0.124284 9.9973E-05 0.0177596
0.773928 0.0449636 9.9982E-05 0.0201263 0.0769802 0.0838015 9.9982E-05
0.797829 0.0508298 0.0245772 0.109242 0.0142736 9.9991E-05 0.00314832
0.85798 9.9964E-05 9.9964E-05 9.9964E-05 0.130709 9.9964E-05 0.010911
0.0369516 0.579724 0.0241152 0.0841499 0.215497 0.0594624 9.9991E-05
9.9991E-05 0.151501 0.0948915 0.0680717 0.518266 0.122265 0.0449054
0.202609 9.9982E-05 0.193096 9.9982E-05 0.41775 0.0812222 0.105124
9.9991E-05 0.117177 0.0924234 0.0213921 0.663292 0.0460922 0.0595231
0.110063 0.214522 9.9982E-05 0.0979554 0.573437 9.9982E-05 0.00382299
9.9982E-05 0.346178 0.0743446 9.9982E-05 0.238468 0.181166 0.159644
0.130198 0.559898 9.9973E-05 0.122155 9.9973E-05 0.187449 9.9973E-05
9.9991E-05 0.277611 0.0918235 0.105388 0.465547 0.00781468 0.0517158
0.0605025 0.534171 0.107642 0.0635378 0.106529 9.9991E-05 0.127518
0.0391924 0.178458 0.0622386 0.225857 0.352928 0.0731631 0.0681634
0.135638 0.53005 0.0419319 0.127326 0.0517578 9.9991E-05 0.113197
0.112365 0.195899 0.0666941 9.9982E-05 0.599423 9.9982E-05 0.0254185
0.0759346 0.410106 0.0150951 0.218201 0.151536 0.120463 0.00866428
0.00218951 0.303401 0.110619 0.100467 0.299168 0.145299 0.038857
0.133252 0.113876 0.0418626 0.122572 0.455058 0.106209 0.0271691
9.9973E-05 0.132757 9.9973E-05 9.9973E-05 0.326645 0.463415 0.0768828
0.0639007 0.051866 9.9991E-05 0.0984198 0.59234 0.17496 0.0184126
0.116409 0.069498 0.0613985 0.149365 0.426174 0.177056 9.9991E-05
9.9973E-05 0.0763202 9.9973E-05 9.9973E-05 0.374601 0.415643 0.133136
0.0233038 0.108697 0.0942048 0.0683523 0.419232 0.0936724 0.192538
0.042786 0.0828327 9.9991E-05 0.0483647 0.551485 0.162539 0.111893
9.9982E-05 0.0749909 9.9982E-05 0.143901 0.107076 0.530507 0.143326
9.9973E-05 9.9973E-05 9.9973E-05 0.0444514 0.287359 0.562232 0.105657
9.9982E-05 0.0480539 9.9982E-05 0.0745388 0.53291 0.247044 0.0972527
9.9982E-05 0.143785 9.9982E-05 0.146745 0.196174 0.470475 0.0426201
9.9973E-05 0.0875729 9.9973E-05 0.0906247 0.485338 0.336164 9.9973E-05
0.00506447 0.577752 9.9982E-05 0.23484 0.129008 0.0531361 9.9982E-05
9.9973E-05 0.330047 9.9973E-05 0.0590559 0.260569 9.9973E-05 0.350029
0.0405373 0.39506 0.0592917 0.0996473 0.356055 9.9991E-05 0.0493086
0.000752658 0.182957 0.133852 0.108409 0.555238 0.00880683 0.00998527
9.9973E-05 0.513919 9.9973E-05 0.197118 0.271323 9.9973E-05 0.0173396
0.0168029 0.128751 0.123058 0.0594927 0.465513 0.129264 0.0771184
0.0455324 0.219356 0.0801328 0.0323968 0.59442 9.9991E-05 0.0280621
0.0194308 0.293026 0.154659 0.106252 0.426433 9.9982E-05 9.9982E-05
9.9982E-05 0.252239 0.0779835 0.0141898 0.492578 9.9982E-05 0.162809
0.0145723 0.288775 0.0748575 0.174427 0.447168 9.9982E-05 9.9982E-05
9.9973E-05 0.504608 0.0917658 0.187519 0.215808 9.9973E-05 9.9973E-05
9.9982E-05 0.364606 0.101003 0.108074 0.346273 9.9982E-05 0.0798446
9.9982E-05 0.162833 0.0407351 0.0866801 0.63924 9.9982E-05 0.0703121
0.0203634 0.0993369 0.125105 0.153872 0.435849 0.0660981 0.0993747
0.0650346 0.196776 9.9991E-05 0.165657 0.429776 0.0771607 0.0654958
9.9991E-05 0.146966 0.0412537 0.0518792 0.554419 0.0471358 0.158246
0.0676085 0.454419 0.0171375 9.9982E-05 0.398072 0.0625628 9.9982E-05
0.0129022 0.200915 0.0268213 0.0869002 0.646087 0.00136265 0.0250123
9.9982E-05 0.281337 0.0610238 0.0681056 0.51285 9.9982E-05 0.0764839
0.0832563 0.156848 0.126441 9.9991E-05 0.509451 0.0848678 0.0390364
0.317034 9.9982E-05 0.0797682 0.0254752 0.462059 0.115463 9.9982E-05
0.111863 9.9991E-05 0.24345 0.110223 0.423366 0.0556187 0.0553792
0.168727 0.0547007 0.137441 9.9991E-05 0.587629 0.0206799 0.0307221
0.0278653 0.111289 0.13683 9.9991E-05 0.542881 0.0252426 0.155793
0.199699 9.9982E-05 0.193792 0.0958701 0.438946 9.9982E-05 0.0714932
9.9982E-05 0.185919 0.00786626 9.9982E-05 0.478898 0.16633 0.160786
0.17652 0.0628678 0.124274 0.0549032 0.465073 0.0396464 0.0767153
0.145949 9.9982E-05 0.177053 0.178923 9.9982E-05 0.486181 0.0116941
0.0694675 0.0993729 0.187326 0.0548991 0.501502 0.061783 0.0256497
0.132249 0.0358368 0.130877 0.00439382 0.572671 9.9991E-05 0.123873
0.0884477 0.0617194 0.230842 0.13285 0.417291 0.0268969 0.0419527
0.213095 0.0487406 0.130879 0.0220271 0.347452 0.169598 0.0682075
0.217964 9.9982E-05 0.0960548 0.109917 0.540653 0.0352112 9.9982E-05
0.145077 9.9982E-05 0.1862 9.9982E-05 0.424982 0.105222 0.13832
0.395814 9.9964E-05 0.224431 9.9964E-05 9.9964E-05 0.379355 9.9964E-05
0.137138 0.0283462 0.227103 0.0525708 0.554642 9.9982E-05 9.9982E-05
0.0739414 0.0277099 0.267912 0.120522 0.411533 0.0847407 0.0136404
0.147054 9.9982E-05 0.112159 0.0409714 0.6398 0.0598153 9.9982E-05
0.172249 0.00734684 0.177769 9.9991E-05 0.563405 0.0326766 0.0464532
0.165502 0.0184915 0.175966 0.0304066 0.542206 0.0529203 0.0145075
0.0318881 9.9973E-05 0.0584393 9.9973E-05 0.458787 9.9973E-05 0.450586
0.105218 0.0540891 9.9991E-05 0.0704085 0.551019 0.113687 0.105478
9.9973E-05 0.0583041 9.9973E-05 0.14631 9.9973E-05 0.00787207 0.787214
9.9973E-05 0.0197597 9.9973E-05 0.024429 9.9973E-05 0.0542329 0.901278
0.0494205 0.0652502 0.0978617 0.0338229 0.427525 9.9991E-05 0.32602
0.123947 9.9982E-05 0.251215 9.9982E-05 0.415244 0.0952396 0.114155
0.100268 9.9982E-05 0.320406 9.9982E-05 0.295684 0.0246445 0.258796
0.15462 9.9991E-05 0.352299 0.070582 0.0462976 0.195988 0.180113
0.188346 9.9982E-05 0.224045 9.9982E-05 0.373395 0.0123997 0.201614
0.0573319 9.9982E-05 0.0722331 9.9982E-05 0.0356179 0.19167 0.642948
0.0658808 9.9982E-05 0.0967534 9.9982E-05 0.130244 0.0994603 0.607462
9.9973E-05 9.9973E-05 0.120378 0.00476796 0.465654 9.9973E-05 0.4089
0.0867393 9.9973E-05 0.0879217 9.9973E-05 0.392536 9.9973E-05 0.432503
0.0354688 9.9973E-05 0.165554 9.9973E-05 0.0779874 9.9973E-05 0.72069
0.0696881 9.9973E-05 0.13835 9.9973E-05 0.455849 9.9973E-05 0.335812
9.9991E-05 0.0156681 0.153904 0.0769321 0.453401 0.00911817 0.290877
0.0868564 0.0151934 0.0728428 0.00940769 0.560069 0.0748082 0.180823
0.0321031 0.0409572 9.9973E-05 9.9973E-05 0.289527 9.9973E-05 0.637112
9.9973E-05 0.0799635 0.0269036 9.9973E-05 0.365713 9.9973E-05 0.52712
0.0288628 9.9991E-05 0.0108526 0.158236 0.507285 0.00757435 0.287089
0.0489403 0.127632 0.0362538 0.0355081 0.363781 0.00103301 0.386852
0.155137 0.0827057 0.0454672 0.0857027 0.363233 0.0433346 0.22442
0.00108591 9.9973E-05 9.9973E-05 9.9973E-05 0.46674 0.0982201 0.433654
9.9973E-05 0.0619667 9.9973E-05 9.9973E-05 0.194816 0.0278926 0.715024
0.0320158 9.9982E-05 0.0326678 0.0340144 0.518423 9.9982E-05 0.382679
9.9964E-05 9.9964E-05 0.00686817 9.9964E-05 0.263748 9.9964E-05 0.728984
9.9973E-05 0.0319549 9.9973E-05 9.9973E-05 0.360303 0.0214654 0.585977
0.0681194 9.9982E-05 0.0299838 0.0755559 0.588321 9.9982E-05 0.23782
9.9991E-05 0.0539718 0.0375598 0.13759 0.397273 0.0975125 0.275992
0.178728 9.9991E-05 0.123051 0.0210345 0.571834 0.0485807 0.0566716
0.10353 0.0603319 0.138147 0.00631576 0.414322 0.140503 0.13685
0.113324 0.0878145 0.262247 9.9991E-05 0.321195 0.139012 0.0763071
0.138412 0.107263 0.233768 0.0514823 0.266377 0.168597 0.0340992
0.21609 9.9991E-05 0.097938 0.00274497 0.493551 0.0692857 0.12029
0.0983218 0.0686202 0.221247 0.00948422 0.296575 0.117959 0.187792
0.146979 0.0113991 0.115904 9.9982E-05 9.9982E-05 0.161958 0.563561
0.0643153 9.9982E-05 0.212425 9.9982E-05 0.579742 0.0286501 0.114667
0.300064 9.9973E-05 0.105196 9.9973E-05 9.9973E-05 0.197785 0.396655
0.0413727 9.9973E-05 0.210771 9.9973E-05 0.453674 9.9973E-05 0.293882
9.9973E-05 9.9973E-05 9.9973E-05 0.158082 0.00592536 0.043361 0.792332
0.000104745 9.9973E-05 9.9973E-05 0.0649418 9.9973E-05 0.00535999 0.929294
9.9973E-05 9.9973E-05 0.0560601 0.0764708 0.410562 9.9973E-05 0.456607
9.9973E-05 9.9973E-05 0.0282427 0.0161869 0.585861 9.9973E-05 0.36941
9.9964E-05 9.9964E-05 9.9964E-05 0.0630259 0.313644 9.9964E-05 0.62293
0.00395636 9.9982E-05 0.0560128 0.0497664 0.349878 9.9982E-05 0.540186
9.9955E-05 9.9955E-05 9.9955E-05 9.9955E-05 0.482429 9.9955E-05 0.517071
0.794547 9.9991E-05 0.0364623 0.0275849 0.080175 0.00875449 0.0523763
0.691059 0.186216 0.0794676 9.9973E-05 9.9973E-05 9.9973E-05 0.0429573
0.859995 0.0425023 0.0971032 9.9964E-05 9.9964E-05 9.9964E-05 9.9964E-05
0.905236 9.9964E-05 9.9964E-05 9.9964E-05 0.0723611 9.9964E-05 0.0220033
0.0272264 0.098485 0.0631512 0.274277 0.412805 0.0832206 0.0408352
0.0772377 0.0286539 0.108023 0.402017 0.372514 9.9991E-05 0.0114541
9.9964E-05 9.9964E-05 9.9964E-05 0.480522 0.483987 9.9964E-05 0.0350917
0.0964479 0.0160332 0.037414 0.242165 0.539907 0.0092179 0.0588151
0.110215 0.00257128 9.9982E-05 0.138403 0.564311 0.1843 9.9982E-05
9.9991E-05 0.169174 0.0499165 0.501747 0.176696 0.0810932 0.021273
9.9964E-05 9.9964E-05 0.0891627 0.409257 0.501181 9.9964E-05 9.9964E-05
9.9973E-05 9.9973E-05 9.9973E-05 0.474818 0.296235 0.112513 0.116134
0.225815 0.0681644 0.149052 9.9991E-05 0.493052 0.0397381 0.0240781
9.9991E-05 0.102221 0.0554097 0.331138 0.38397 0.0030459 0.124116
9.9964E-05 0.0980545 9.9964E-05 0.519228 0.382317 9.9964E-05 9.9964E-05
0.0338972 9.9973E-05 9.9973E-05 0.341004 0.541485 9.9973E-05 0.0833144
9.9973E-05 0.0810884 9.9973E-05 0.480846 0.390673 9.9973E-05 0.0470935
9.9973E-05 9.9973E-05 0.0212427 0.362659 0.546391 9.9973E-05 0.0694073
0.0596931 9.9982E-05 0.0111162 0.372195 0.53092 9.9982E-05 0.0258761
9.9964E-05 9.9964E-05 9.9964E-05 0.843251 0.0670764 9.9964E-05 0.0892726
9.9964E-05 9.9964E-05 9.9964E-05 0.646423 0.260542 0.0926358 9.9964E-05
0.0104924 9.9973E-05 9.9973E-05 0.598145 0.311674 0.0793893 9.9973E-05
9.9964E-05 9.9964E-05 9.9964E-05 0.81613 9.9964E-05 0.152942 0.0305279
0.0409076 0.147876 9.9982E-05 0.341804 0.396019 9.9982E-05 0.0731936
9.9982E-05 9.9982E-05 0.00129934 0.612269 0.108378 0.270058 0.00779547
0.000621638 9.9973E-05 9.9973E-05 0.711499 9.9973E-05 0.2095 0.0780791
0.0751753 0.0088835 0.00526426 0.2797 0.602972 9.9991E-05 0.0279047
0.0830138 0.101877 9.9982E-05 0.548464 0.220028 9.9982E-05 0.0464178
9.9982E-05 0.0979118 0.108562 0.39851 0.370929 0.0238871 9.9982E-05
0.123336 9.9982E-05 0.0323419 0.183626 0.595829 9.9982E-05 0.0646668
0.00590981 0.10677 0.0400417 0.438299 0.40878 9.9982E-05 9.9982E-05
9.9991E-05 0.302436 0.0712317 0.0235305 0.378689 0.149325 0.0746882
0.0087638 0.0784835 0.0175399 0.337249 0.524997 0.0110819 0.0218841
0.0139515 0.081127 9.9973E-05 0.395998 0.508624 9.9973E-05 9.9973E-05
9.9973E-05 0.0196398 9.9973E-05 0.621225 0.302681 0.0561544 9.9973E-05
0.112383 0.0240378 0.0918157 0.266162 0.450009 0.00528693 0.0503066
0.636125 0.318271 0.00195442 9.9982E-05 0.00341343 0.0400358 9.9982E-05
0.756547 0.0806147 9.9982E-05 0.032181 0.0810503 0.0494069 9.9982E-05
0.807505 0.1024 9.9964E-05 9.9964E-05 9.9964E-05 0.089695 9.9964E-05
0.786738 0.10281 9.9982E-05 0.00397932 9.9982E-05 0.0941547 0.0121183
0.723607 0.224226 9.9973E-05 9.9973E-05 0.00841611 0.043451 9.9973E-05
0.0477422 0.11633 0.0258661 0.677795 0.132068 9.9982E-05 9.9982E-05
0.0670536 0.0883227 9.9991E-05 0.675247 0.101626 0.0588744 0.00877649
9.9982E-05 9.9982E-05 0.0242549 0.815417 0.0852962 0.0263923 0.0484397
0.0153363 0.0756874 0.138673 0.207361 0.480208 9.9991E-05 0.0826337
0.141801 0.0192356 0.0206027 0.120983 0.607039 0.0115693 0.0787685
9.9973E-05 9.9973E-05 0.0530785 0.674705 0.249476 0.0224407 9.9973E-05
9.9973E-05 9.9973E-05 0.0928149 0.262069 0.548529 9.9973E-05 0.0962868
0.0730761 9.9982E-05 0.0224899 0.430976 0.402411 9.9982E-05 0.0708475
0.0351569 0.00834712 9.9991E-05 0.332945 0.525146 0.0728607 0.0254448
0.00995573 0.0310764 0.0533462 0.115366 0.608249 0.110204 0.0718027
9.9991E-05 0.0827043 0.0702182 0.66601 0.150019 0.0276793 0.00326874
0.0189492 0.0455305 0.00254169 0.617092 0.315686 9.9982E-05 9.9982E-05
9.9964E-05 0.147683 9.9964E-05 0.544369 0.307548 9.9964E-05 9.9964E-05
0.0927843 0.029351 9.9982E-05 9.9982E-05 0.6222 0.240057 0.0154076
0.0381262 9.9973E-05 9.9973E-05 0.576482 0.349965 9.9973E-05 0.0351273
0.00237647 0.0755751 0.0289787 0.459087 0.403325 0.00993818 0.0207203
0.0899735 9.9982E-05 0.386096 0.00596436 0.459033 0.058733 9.9982E-05
0.0447691 9.9982E-05 0.469409 0.0564411 0.309564 0.119617 9.9982E-05
0.0314772 9.9991E-05 0.47193 0.0316922 0.370579 0.0204451 0.0737759
0.0740721 0.0285199 0.519933 9.9991E-05 0.256276 0.0988103 0.0222881
0.157845 0.059168 0.290457 9.9991E-05 0.45013 0.0243739 0.0179261
9.9973E-05 9.9973E-05 0.0853087 0.404636 0.382318 0.127437 9.9973E-05
0.238063 9.9973E-05 0.700531 9.9973E-05 9.9973E-05 0.0339939 0.0271119
0.142966 9.9991E-05 0.503881 0.0438149 0.264285 0.0138653 0.0310875
0.109942 0.0345239 0.172665 0.0435452 0.454474 0.18475 9.9991E-05
0.0770852 0.0563347 9.9973E-05 9.9973E-05 0.60845 0.25783 9.9973E-05
0.0757443 0.097299 9.9982E-05 0.0600743 0.436768 0.329914 9.9982E-05
0.0581248 0.0113403 9.9973E-05 9.9973E-05 0.671178 0.259057 9.9973E-05
0.131203 9.9991E-05 0.0160686 0.0549386 0.593138 0.109213 0.0953384
0.161729 9.9973E-05 0.494582 9.9973E-05 0.335911 9.9973E-05 0.00747847
0.141909 0.0221149 0.350106 0.0771964 0.377247 0.0313257 9.9991E-05
0.0529672 9.9973E-05 0.496166 9.9973E-05 0.389433 0.061134 9.9973E-05
0.129622 9.9982E-05 0.29788 0.125247 0.417485 9.9982E-05 0.0295663
0.101288 9.9991E-05 0.520681 0.0826378 0.263123 0.0226521 0.00951822
0.0997858 0.0334499 0.376615 0.0754979 0.339026 0.0417943 0.0338316
0.120712 0.0231161 0.556732 0.0142078 0.187341 0.0596614 0.038229
0.0121233 0.0527052 0.39631 9.9991E-05 0.424844 0.0397381 0.0741791
0.047775 9.9982E-05 0.00170516 0.00538629 0.59676 0.348174 9.9982E-05
0.159148 9.9982E-05 0.332694 0.148449 0.346584 0.0129253 9.9982E-05
0.191176 9.9973E-05 0.675838 9.9973E-05 0.128858 0.00382861 9.9973E-05
0.140548 0.014291 0.378952 0.0837565 0.299989 9.9991E-05 0.0823643
0.0780429 0.263004 9.9982E-05 0.0545296 0.235178 0.369045 9.9982E-05
9.9973E-05 0.0531016 0.0912102 9.9973E-05 0.61083 0.244558 9.9973E-05
0.169503 0.0651924 0.28632 0.0135637 0.367587 9.9991E-05 0.0977334
0.0171911 0.0505268 9.9973E-05 9.9973E-05 0.715968 0.216015 9.9973E-05
0.104025 0.0156293 9.9982E-05 0.025917 0.597682 0.256547 9.9982E-05
0.218631 0.0375594 0.231607 0.132909 0.258799 0.107136 0.0133586
0.218934 9.9982E-05 0.320968 9.9982E-05 0.267892 0.0536765 0.13833
0.0484332 0.0517141 0.108925 0.094156 0.525226 0.08495 0.0865955
0.152676 9.9982E-05 0.364603 0.0592523 0.394233 0.029035 9.9982E-05
0.110253 9.9982E-05 0.383946 9.9982E-05 0.424653 0.0786172 0.00232969
0.202941 9.9973E-05 0.598877 9.9973E-05 0.131613 0.0662683 9.9973E-05
0.0917129 0.0463389 9.9991E-05 0.078852 0.616272 0.147124 0.0196006
0.051074 0.0799836 9.9982E-05 0.075695 0.519235 0.273812 9.9982E-05
9.9973E-05 9.9973E-05 9.9973E-05 0.0675958 0.232106 0.676187 0.0238113
0.0486791 9.9982E-05 0.13581 0.141612 0.489947 0.183752 9.9982E-05
0.0332413 0.229766 9.9982E-05 9.9982E-05 0.48557 0.154112 0.0971105
0.128641 9.9982E-05 0.221534 0.0685621 0.423844 0.157219 9.9982E-05
0.129593 0.057626 0.0146073 9.9991E-05 0.572758 0.118246 0.107071
0.210891 9.9964E-05 0.225678 9.9964E-05 9.9964E-05 0.563031 9.9964E-05
0.201651 9.9973E-05 0.095656 9.9973E-05 9.9973E-05 0.698521 0.0038718
0.112707 9.9991E-05 0.0839118 0.00395106 0.367303 0.267125 0.164903
0.288672 9.9973E-05 0.197346 9.9973E-05 0.0440719 0.46961 9.9973E-05
0.383072 9.9964E-05 0.19426 9.9964E-05 9.9964E-05 0.422268 9.9964E-05
0.12146 0.00833114 0.112154 0.00172517 0.358383 0.273007 0.124939
0.242575 0.0443995 0.164454 0.0157342 0.333261 0.17185 0.0277258
0.228218 0.0426567 0.119054 9.9982E-05 0.267354 0.342517 9.9982E-05
0.260348 9.9973E-05 0.161621 9.9973E-05 0.0767073 0.501023 9.9973E-05
0.104043 0.0671368 0.0861035 0.0793454 0.495699 0.135128 0.0325444
0.156674 9.9982E-05 0.106773 0.0948742 0.162715 0.478764 9.9982E-05
0.316266 9.9964E-05 0.0781391 9.9964E-05 9.9964E-05 0.605195 9.9964E-05
0.205256 0.0407518 0.0889099 9.9991E-05 0.536847 0.120046 0.00808985
0.12338 0.0759568 0.246334 9.9991E-05 0.329397 0.212082 0.0127502
0.293869 9.9982E-05 0.146354 0.0881924 0.400631 0.0707538 9.9982E-05
0.158722 9.9973E-05 0.319612 9.9973E-05 0.517226 9.9973E-05 0.00413947
0.196434 0.00293191 0.122317 0.0731543 0.519274 0.0857884 9.9991E-05
0.126689 9.9991E-05 0.247348 0.0345133 0.481305 0.0958096 0.0142344
0.356243 9.9973E-05 0.176326 9.9973E-05 0.348172 0.118959 9.9973E-05
0.218421 0.0289272 0.203225 0.0224842 0.46706 0.0342554 0.0256276
0.187675 9.9973E-05 0.280884 0.125358 0.405784 9.9973E-05 9.9973E-05
0.247244 0.00504651 0.275767 0.0390575 0.257459 0.131385 0.0440412
0.153884 0.159145 0.182608 0.263925 0.181285 0.0590532 9.9991E-05
0.197648 0.00598878 0.0430454 0.0949663 0.559462 0.09879 9.9991E-05
0.176706 0.0546071 0.00256311 9.9982E-05 0.673767 0.0921572 9.9982E-05
0.12489 9.9991E-05 0.0257723 0.066331 0.652782 0.0358782 0.0942466
0.244946 9.9973E-05 0.272005 9.9973E-05 0.354492 0.128257 9.9973E-05
0.159861 0.0344736 0.260881 0.0867184 0.385628 0.0723386 9.9991E-05
0.360814 9.9982E-05 0.228087 0.116041 0.111075 0.183783 9.9982E-05
0.111796 0.0587016 0.278097 0.0466462 0.434614 0.0386071 0.0315375
0.235215 9.9982E-05 0.406831 0.116397 0.11919 0.122167 9.9982E-05
0.784537 0.0921966 9.9973E-05 0.0786448 9.9973E-05 0.0443217 9.9973E-05
0.0565709 0.7482 9.9982E-05 9.9982E-05 0.17155 0.0104339 0.0130453
9.9955E-05 0.961225 9.9955E-05 0.0382751 9.9955E-05 9.9955E-05 9.9955E-05
0.0438237 0.955677 9.9955E-05 9.9955E-05 9.9955E-05 9.9955E-05 9.9955E-05
9.9955E-05 0.983464 0.0160363 9.9955E-05 9.9955E-05 9.9955E-05 9.9955E-05
9.9964E-05 0.931991 0.0403826 9.9964E-05 0.0272265 9.9964E-05 9.9964E-05
9.9955E-05 0.904946 9.9955E-05 9.9955E-05 0.0945544 9.9955E-05 9.9955E-05
0.0289142 0.970586 9.9955E-05 9.9955E-05 9.9955E-05 9.9955E-05 9.9955E-05
0.185325 0.794665 0.0196109 9.9964E-05 9.9964E-05 9.9964E-05 9.9964E-05
0.886455 0.0153076 0.0119459 0.00721155 0.0184406 0.0605392 9.9991E-05
0.769639 0.123522 0.0352145 0.00789156 9.9982E-05 9.9982E-05 0.0635326
0.887096 9.9973E-05 0.0731836 0.0351576 9.9973E-05 9.9973E-05 0.00426263
0.797047 0.114131 9.9973E-05 9.9973E-05 9.9973E-05 0.0442747 0.0442474
0.911008 9.9973E-05 0.0263982 0.0206575 0.0416366 9.9973E-05 9.9973E-05
0.904066 0.0343034 0.00871856 9.9982E-05 0.0162226 9.9982E-05 0.0364893
0.724091 0.0824048 0.151336 9.9982E-05 0.0147045 9.9982E-05 0.0272642
0.850553 0.00381995 0.0691142 0.00970758 0.012312 9.9991E-05 0.0543937
0.668007 0.18009 0.101265 0.00878449 0.00390263 9.9991E-05 0.0378506
0.907932 9.9973E-05 0.0696091 9.9973E-05 9.9973E-05 0.0074657 0.0146929
0.949073 0.00279815 9.9973E-05 9.9973E-05 9.9973E-05 0.0308696 0.0169594
0.858327 9.9991E-05 0.0228016 0.0495219 0.0510748 0.0049395 0.0132353
0.951641 9.9964E-05 9.9964E-05 9.9964E-05 0.0443667 0.00359266 9.9964E-05
0.877746 9.9973E-05 0.0533023 9.9973E-05 0.0390967 0.0295549 9.9973E-05
0.856046 9.9973E-05 0.017328 0.0492362 0.0770899 9.9973E-05 9.9973E-05
0.874369 9.9964E-05 0.00413996 9.9964E-05 0.121091 9.9964E-05 9.9964E-05
0.781895 9.9964E-05 0.131175 9.9964E-05 0.08653 9.9964E-05 9.9964E-05
0.762359 9.9964E-05 0.109108 9.9964E-05 0.128133 9.9964E-05 9.9964E-05
0.825238 9.9982E-05 0.0876335 0.01559 0.0622275 9.9982E-05 0.00911086
0.147237 0.0898387 0.0177993 0.0808241 0.399636 0.264564 9.9991E-05
0.00183111 0.0578282 9.9982E-05 0.0333343 0.708374 0.198432 9.9982E-05
0.0387675 0.0324471 0.0407731 0.0520666 0.702051 0.107919 0.0259763
9.9982E-05 0.0336043 9.9982E-05 0.11156 0.1536 0.663415 0.0376212
0.120556 0.133721 9.9991E-05 0.0135851 0.535582 0.172433 0.0240225
0.0584138 0.00602642 9.9982E-05 0.0454549 0.144058 0.745847 9.9982E-05
0.0574561 0.0758625 0.050097 9.9982E-05 0.631664 0.18472 9.9982E-05
0.0388056 0.147796 9.9982E-05 0.0635078 0.482218 0.267472 9.9982E-05
0.0218819 0.0167394 9.9982E-05 0.121683 0.514141 0.325354 9.9982E-05
0.0245277 0.0507389 9.9982E-05 0.385636 0.500447 9.9982E-05 0.0384505
0.0412397 0.112519 9.9982E-05 0.0460543 0.499738 0.300249 9.9982E-05
0.00968594 9.9982E-05 9.9982E-05 0.0409563 0.633716 0.236167 0.0792752
0.0484342 0.120382 0.0246393 9.9982E-05 0.634105 0.172239 9.9982E-05
9.9991E-05 0.444956 0.0461965 0.224583 0.0378754 0.10986 0.136428
9.9973E-05 0.0762708 9.9973E-05 0.052506 9.9973E-05 0.796033 0.0748907
9.9955E-05 9.9955E-05 9.9955E-05 9.9955E-05 0.252114 0.747386 9.9955E-05
0.0432449 0.0504285 0.0234896 9.9982E-05 0.662983 0.219654 9.9982E-05
0.0939608 9.9973E-05 9.9973E-05 0.0216117 0.606109 0.278018 9.9973E-05
0.0749454 9.9973E-05 9.9973E-05 0.0939433 0.555068 0.275744 9.9973E-05
0.146524 9.9982E-05 9.9982E-05 0.0745748 0.604684 0.020328 0.153689
