9.9973E-05 0.876578 0.020527 9.9973E-05 0.0476893 0.0219262 0.0329797 9.9973E-05
9.9964E-05 0.904877 0.0163217 9.9964E-05 9.9964E-05 0.00484454 9.9964E-05 0.0735572
0.0432171 0.777011 0.0369151 0.0700546 0.00415358 9.9982E-05 0.0684484 9.9982E-05
9.9964E-05 0.767325 0.0921233 0.0518924 9.9964E-05 9.9964E-05 0.08826 9.9964E-05
9.9982E-05 0.795844 0.045519 0.0047869 9.9982E-05 0.0237627 0.0968879 0.0329995
9.9982E-05 0.587705 0.0187497 9.9982E-05 0.0615094 0.282102 0.0412485 0.0084852
9.9955E-05 0.753267 9.9955E-05 9.9955E-05 9.9955E-05 0.225641 9.9955E-05 0.0205921
9.9964E-05 0.693107 0.079322 9.9964E-05 9.9964E-05 0.226829 9.9964E-05 0.000342012
0.0823443 0.750977 0.123433 9.99639E-05 9.99639E-05 9.99639E-05 9.99639E-05 0.0428457
9.9955E-05 0.650056 9.9955E-05 9.9955E-05 9.9955E-05 0.257024 0.0924205 9.9955E-05
9.9964E-05 0.712337 0.0381514 9.9964E-05 9.9964E-05 0.244366 9.9964E-05 0.00474609
0.0297965 9.9982E-05 0.403532 0.138093 0.254255 0.0677611 0.106362 9.9982E-05
0.120442 9.9964E-05 0.20852 0.540037 0.130602 9.9964E-05 9.9964E-05 9.9964E-05
0.0892093 9.9991E-05 0.37927 0.287069 0.0137606 0.0520999 0.0578943 0.120596
0.124665 9.9982E-05 0.258595 0.228847 0.153618 0.107072 0.127002 9.9982E-05
0.0684727 0.0499329 0.142142 0.19263 0.198358 0.167504 0.18086 9.9991E-05
0.0292742 0.0304054 0.208348 0.461377 0.101553 9.9982E-05 0.168843 9.9982E-05
9.9982E-05 0.0609292 0.129779 0.26824 0.283431 0.145928 0.111492 9.9982E-05
0.129118 0.0550643 0.305355 0.245558 0.172326 0.029762 0.0627173 9.9991E-05
0.00449192 0.0156545 0.56448 9.9991E-05 0.114663 0.197396 0.0635297 0.039685
0.0911755 9.9991E-05 0.216373 0.279104 0.238938 0.0728501 0.0562876 0.0451725
0.231633 9.9973E-05 0.0893901 0.439838 0.116455 0.122383 9.9973E-05 9.9973E-05
9.9982E-05 0.0677553 0.115013 0.410333 0.231096 0.135602 9.9982E-05 0.0400013
0.0373791 9.9991E-05 0.268701 0.106234 0.227515 0.23474 0.121149 0.00418184
0.052963 0.0287763 0.1321 0.542254 0.0970074 0.0621131 0.0846867 9.9991E-05
0.0598927 0.00713133 0.159444 0.364784 0.13814 0.152996 0.117512 9.9991E-05
0.0242361 0.0344546 0.364837 0.0301237 0.265452 0.104736 0.156491 0.0196702
0.106293 9.9982E-05 0.374214 0.134796 0.177516 0.016448 0.190533 9.9982E-05
0.0980818 9.9991E-05 0.360005 0.150433 0.266466 0.0294616 0.0180108 0.0774415
9.9964E-05 0.798908 9.9964E-05 0.063194 9.9964E-05 0.0837873 0.0537113 9.9964E-05
9.9955E-05 0.795647 9.9955E-05 0.13656 9.9955E-05 0.0672928 9.9955E-05 9.9955E-05
9.9973E-05 0.75795 9.9973E-05 0.0384744 0.0485874 0.0564453 0.0982433 9.9973E-05
0.0108074 0.692763 9.9982E-05 0.0415637 0.0886423 0.0871829 0.0788403 9.9982E-05
9.9991E-05 0.0316468 0.0518202 0.425542 0.227274 0.155326 0.0122524 0.0960393
9.9982E-05 0.0574707 0.0236074 0.278301 0.458422 0.0683419 0.113658 9.9982E-05
9.9982E-05 0.0278318 9.9982E-05 0.40608 0.433309 0.0767619 0.0302398 0.0255782
9.9964E-05 0.0830032 0.594387 0.225878 0.096332 9.9964E-05 9.9964E-05 9.9964E-05
0.0566168 0.011192 0.0217524 0.221673 0.57689 0.000691351 0.000365816 0.110819
0.0166192 0.0791711 0.12935 0.414991 0.193069 9.9991E-05 0.0879274 0.0787719
9.9982E-05 0.0170609 9.9982E-05 0.489378 0.20428 0.159157 0.094984 0.0349393
9.9973E-05 0.0135063 9.9973E-05 0.308568 0.151113 0.456036 0.0704763 9.9973E-05
9.9982E-05 0.119023 9.9982E-05 0.430726 0.134774 0.292359 0.0095374 0.0133809
0.0859245 0.0230119 0.14551 0.016888 0.687318 0.00796135 9.9991E-05 0.0332855
0.0560093 9.9973E-05 9.9973E-05 0.386793 0.143422 0.365906 0.0475692 9.9973E-05
0.00421223 0.0404346 9.9982E-05 0.333927 0.323828 0.161068 0.13633 9.9982E-05
0.0489464 0.145614 0.0568448 0.444364 0.167947 0.0206665 0.115517 9.9991E-05
0.00928078 9.9964E-05 9.9964E-05 0.168577 0.679727 9.9964E-05 9.9964E-05 0.142015
0.0613102 0.0125538 9.9982E-05 0.474556 0.294672 0.0980386 0.0586689 9.9982E-05
0.122555 0.0514225 0.039131 0.497189 0.171266 0.0660262 0.024842 0.0275678
0.105991 0.0464076 0.0150613 9.9973E-05 0.403891 9.9973E-05 9.9973E-05 0.428349
0.0568559 9.9982E-05 0.356231 0.13277 0.217558 0.131874 9.9982E-05 0.104511
0.13021 9.9991E-05 0.209504 0.0293535 0.145433 0.176025 0.0316952 0.277679
0.0978584 0.00819525 0.0851413 0.541421 0.162548 0.0434016 0.0613344 9.9991E-05
9.99949E-05 0.0751801 0.0503673 0.518152 0.097568 0.151862 0.0777455 0.0290259
0.108472 0.0816898 0.0721167 0.548269 0.145903 0.00282173 0.0267187 0.014009
0.0731696 0.0859696 0.304753 0.24155 0.143966 0.00997103 9.9991E-05 0.140522
0.0716955 9.9973E-05 0.205773 0.615452 0.071613 9.9973E-05 9.9973E-05 0.035166
0.00484405 0.106655 0.122196 0.373981 0.0208987 0.189474 0.149665 0.0322857
9.999E-05 0.117464 0.177436 0.253893 0.204166 0.146793 0.00449278 0.0956552
0.134328 0.153687 0.308477 0.0643938 0.0890916 0.116304 0.029297 0.104422
0.118617 0.0952184 0.119942 0.49394 0.171982 9.9973E-05 9.9973E-05 9.9973E-05
0.0507096 0.0776557 0.231111 0.490877 0.0806712 9.9982E-05 9.9982E-05 0.0687755
0.0296994 0.0404921 0.531478 0.0585134 0.0958689 0.0773255 9.9991E-05 0.166522
0.0698207 9.9973E-05 0.159066 0.556009 0.162963 9.9973E-05 9.9973E-05 0.0518411
0.0985709 0.052313 0.0212723 0.642251 0.0497968 0.0631482 9.9991E-05 0.0725478
0.0386026 0.0831571 0.15287 0.621584 9.9991E-05 0.029804 0.0300353 0.0438472
0.0436422 0.00647062 0.274783 0.227727 0.194307 0.016671 0.102371 0.134028
0.143643 9.9973E-05 0.208919 0.470656 0.146678 0.029804 9.9973E-05 9.9973E-05
9.9982E-05 0.0511601 0.133576 0.518294 0.151667 0.12595 0.0191536 9.9982E-05
0.088458 9.9982E-05 0.361049 0.246846 0.163765 0.0378265 9.9982E-05 0.101855
0.0197482 9.9973E-05 0.0272523 0.316752 0.60956 0.0263885 9.9973E-05 9.9973E-05
9.9973E-05 0.0387042 0.0503325 9.9973E-05 0.834673 0.0119299 9.9973E-05 0.0640609
0.0889188 0.0416785 0.0929529 0.510262 0.168559 0.0321454 0.0223066 0.0431774
0.0940676 9.9955E-05 9.9955E-05 9.9955E-05 0.649726 9.9955E-05 9.9955E-05 0.255707
0.00301614 9.9964E-05 0.0397015 9.9964E-05 0.698313 9.9964E-05 9.9964E-05 0.258569
9.9964E-05 9.9964E-05 0.027979 0.121194 0.731132 9.9964E-05 9.9964E-05 0.119295
0.0841054 0.0423445 0.0416673 0.258974 0.572609 9.9973E-05 9.9973E-05 9.9973E-05
0.044284 0.208349 0.0217304 0.445786 0.209971 0.0122713 0.0321426 0.0254653
0.0595403 9.9973E-05 0.0559194 0.325671 0.545587 9.9973E-05 0.0129827 9.9973E-05
9.9982E-05 0.0719537 0.143813 0.0394457 0.676991 0.000102482 0.0674943 9.9982E-05
9.9973E-05 0.044509 0.207618 0.100523 0.588254 9.9973E-05 9.9973E-05 0.0587961
0.00875142 0.125632 0.053831 0.443177 0.318265 9.9982E-05 0.0501434 9.9982E-05
0.0411194 0.0141275 0.0579419 9.9982E-05 0.760193 0.000371515 0.126046 9.9982E-05
0.0319931 0.0248185 9.9982E-05 0.230489 0.615533 0.0845187 0.0124485 9.9982E-05
0.0569306 0.0037279 9.9973E-05 0.186389 0.694737 9.9973E-05 9.9973E-05 0.0579154
0.0879492 9.9955E-05 9.9955E-05 9.9955E-05 0.520036 9.9955E-05 9.9955E-05 0.391515
9.9973E-05 9.9973E-05 0.123383 0.450148 0.324859 0.0720424 0.029268 9.9973E-05
9.9964E-05 0.791327 0.0277833 0.147941 9.9964E-05 9.9964E-05 0.0325493 9.9964E-05
9.9955E-05 0.89471 9.9955E-05 0.104061 0.000729062 9.9955E-05 9.9955E-05 9.9955E-05
0.0497877 0.810449 9.9964E-05 0.132568 9.9964E-05 9.9964E-05 0.00679466 9.9964E-05
0.12373 0.826367 9.9973E-05 0.0240362 0.0102009 9.9973E-05 9.9973E-05 0.0153655
0.0964231 0.789104 9.9964E-05 0.108846 0.00522756 9.9964E-05 9.9964E-05 9.9964E-05
0.078694 0.800509 0.000324365 0.0429456 9.9991E-05 0.0028144 0.0527013 0.0219116
0.0316734 0.90033 9.9964E-05 0.0485073 9.9964E-05 9.9964E-05 0.0190897 9.9964E-05
0.0940462 0.075605 0.0370027 0.417498 0.260169 0.0244442 9.9991E-05 0.0911353
9.9982E-05 0.0268422 0.0802862 0.350507 0.211819 0.202421 0.127925 9.9982E-05
9.9964E-05 0.0530717 0.152897 9.9964E-05 0.621723 9.9964E-05 9.9964E-05 0.171908
0.0859214 0.0569774 9.9982E-05 0.388898 0.22749 0.196689 0.0438253 9.9982E-05
9.9982E-05 0.0567203 0.0716825 0.260584 0.50328 0.0945062 0.0130275 9.9982E-05
9.9973E-05 0.0405616 9.9973E-05 0.489044 0.278253 0.0564882 9.9973E-05 0.135352
0.0453469 9.9982E-05 0.000733376 0.490875 0.309624 9.9982E-05 0.0432068 0.110014
9.9982E-05 0.060932 9.9982E-05 0.268834 0.457653 0.0411382 0.0874512 0.0837916
0.000426698 0.0602076 0.208461 9.9973E-05 0.583955 9.9973E-05 9.9973E-05 0.14665
0.126934 0.0841509 0.0882012 0.29972 0.139399 0.151727 0.0668403 0.043027
0.00781942 0.110765 9.9973E-05 0.604739 0.257193 0.0191842 9.9973E-05 9.9973E-05
9.9991E-05 0.0771326 0.128829 0.403907 0.162598 0.0627523 0.145841 0.01884
0.100036 9.9982E-05 9.9982E-05 0.147904 0.473283 0.0984747 0.0448946 0.135209
9.9973E-05 9.9973E-05 9.9973E-05 0.348589 0.46562 0.0437371 0.0227306 0.119024
0.0198054 0.0176668 0.0774303 0.196054 0.481591 0.0903555 0.0598198 0.0572773
0.00308025 9.9982E-05 9.9982E-05 0.123372 0.664895 0.0698891 0.0698999 0.0686647
9.9973E-05 0.10856 0.0628955 0.226131 0.580377 0.0217371 9.9973E-05 9.9973E-05
9.9991E-05 0.12549 0.119696 0.481016 0.210544 0.0357417 0.0110546 0.0163577
0.165872 0.00993169 0.314573 0.347261 0.0182775 9.9982E-05 9.9982E-05 0.143885
0.0640068 0.105312 0.227797 0.337371 0.0834171 0.141336 0.0320089 0.00875098
9.9991E-05 0.101653 0.0885835 0.521537 0.0995815 0.00803288 0.0440229 0.136489
0.016031 0.111179 9.9991E-05 0.483933 0.173495 0.046818 0.0525972 0.115846
0.00701367 0.0692584 0.292218 0.59487 0.000956218 0.0354832 9.9982E-05 9.9982E-05
0.0773247 0.0137656 0.179274 0.534537 0.0991654 0.0957325 9.9982E-05 9.9982E-05
9.9973E-05 0.0300709 0.316405 0.533331 0.057189 9.9973E-05 9.9973E-05 0.0627039
0.135219 9.9982E-05 0.206581 0.573008 0.0195573 0.0029183 9.9982E-05 0.0625161
0.0944351 0.0842065 0.0527016 0.552245 0.144571 0.0716402 9.9982E-05 9.9982E-05
9.9973E-05 0.0957827 0.111751 0.593205 0.14132 0.0576413 9.9973E-05 9.9973E-05
9.9964E-05 9.9964E-05 0.403351 0.470921 0.0769119 0.0484163 9.9964E-05 9.9964E-05
0.072095 9.9982E-05 0.0372096 0.577007 0.0366191 0.217862 9.9982E-05 0.0590067
0.0663937 0.143496 0.112053 0.543908 0.118922 0.0146476 9.9991E-05 0.000480493
9.9973E-05 0.00756045 0.203502 0.662049 0.0747799 9.9973E-05 0.0518088 9.9973E-05
0.130783 0.0832467 0.0917268 0.653899 0.0400437 9.9973E-05 9.9973E-05 9.9973E-05
0.0171576 9.9982E-05 0.192543 0.483078 0.0928855 9.9982E-05 0.128196 0.085941
0.150136 0.0642236 0.275296 0.460631 9.9973E-05 9.9973E-05 9.9973E-05 0.0494133
0.0869 9.9982E-05 0.116422 0.701079 0.0370098 9.9982E-05 0.0408678 0.0175215
0.0444909 0.058554 0.155501 0.713081 9.9973E-05 9.9973E-05 0.0280734 9.9973E-05
0.0209557 0.00274129 0.337375 0.255052 0.199068 0.00979568 0.0780096 0.0970022
0.237461 9.9964E-05 0.269505 0.24753 9.9964E-05 9.9964E-05 9.9964E-05 0.245104
0.0417742 0.0209342 0.205051 0.3829 0.177071 0.142403 0.0297668 9.9991E-05
0.133986 9.9973E-05 0.299363 0.160566 0.102377 9.9973E-05 9.9973E-05 0.303409
0.00344737 0.00899921 0.418365 0.282074 0.190467 0.0440869 9.9991E-05 0.0524608
0.00934823 9.9973E-05 0.315168 0.386833 0.283778 9.9973E-05 9.9973E-05 0.00457204
9.9973E-05 0.0393436 0.406307 0.269187 0.248375 9.9973E-05 9.9973E-05 0.0364881
9.9973E-05 9.9973E-05 0.479747 0.337154 0.126789 0.045731 0.0102788 9.9973E-05
9.9982E-05 0.0650336 0.0211961 0.538132 0.121215 0.217547 0.0366765 9.9982E-05
0.0940666 0.0577152 0.09241 0.526926 0.100838 9.9991E-05 0.0943528 0.0335915
0.00544176 0.0456116 0.166839 0.414382 0.174679 0.0588255 0.0950491 0.0391731
0.199723 9.9973E-05 0.32481 0.238259 0.0188708 9.9973E-05 9.9973E-05 0.218036
0.0267445 0.127695 0.174216 0.419612 0.159317 0.0354279 0.0568879 9.9991E-05
0.18557 9.9982E-05 9.9982E-05 0.441218 0.0918783 0.214774 0.04953 0.0168302
0.222272 0.0824597 0.134188 9.9982E-05 0.0988953 0.135154 9.9982E-05 0.326831
0.069448 0.103936 9.9991E-05 0.519245 0.175075 0.00749053 0.0324098 0.0922953
0.154703 0.103927 0.00508242 0.334055 0.201167 0.0138511 0.00794827 0.179265
0.334188 0.00798983 0.0343245 0.467225 0.103816 0.0219928 0.00299592 0.0274678
0.323042 9.9982E-05 0.0973676 0.154763 0.0868074 0.206602 9.9982E-05 0.131218
0.0825739 0.0549807 0.0980786 0.12209 0.0985524 0.278957 9.9991E-05 0.264668
0.134061 0.016601 0.0948541 0.471069 0.108484 0.0675723 9.9991E-05 0.10726
0.171253 0.0451562 0.189421 0.519604 0.00533587 0.0573492 9.9991E-05 0.0117811
0.0643609 0.120406 0.10614 0.346654 0.0791002 0.0988224 0.0623872 0.12213
0.176831 0.0161978 0.111122 9.9991E-05 0.132811 0.125823 0.168165 0.26895
0.0843216 0.0101324 0.0581985 0.395738 0.0118504 0.25525 0.100795 0.0837141
0.0876888 9.9982E-05 0.084624 0.248366 0.209003 0.231459 9.9982E-05 0.138659
0.0150238 9.9982E-05 0.0805932 0.401672 0.142057 0.167366 9.9982E-05 0.193089
0.0655685 0.0521573 9.9982E-05 0.463671 0.161194 0.245853 0.0113565 9.9982E-05
0.246999 0.235023 0.0227095 0.0958198 0.0313313 0.117537 0.237662 0.0129187
0.475727 0.403453 9.9964E-05 9.9964E-05 9.9964E-05 9.9964E-05 0.0918702 0.0285502
0.526348 0.315512 9.9964E-05 9.9964E-05 9.9964E-05 9.9964E-05 0.0747924 0.0829483
0.336069 0.275326 0.035129 0.0728077 9.9982E-05 0.0153221 0.265146 9.9982E-05
0.0352555 9.9982E-05 9.9982E-05 0.415793 0.189168 0.314255 0.00620156 0.0391267
0.130831 0.0557788 9.9982E-05 0.524649 0.0649727 0.0903834 9.9982E-05 0.133185
9.9955E-05 9.9955E-05 9.9955E-05 0.221853 0.0521603 9.9955E-05 0.725487 9.9955E-05
9.9982E-05 0.0183178 0.0677856 0.344276 0.102891 9.9982E-05 0.434887 0.0316431
9.9991E-05 0.0629463 0.0100855 0.364166 0.030396 0.100244 0.396125 0.0359381
0.094049 9.9964E-05 9.9964E-05 0.226065 9.9964E-05 0.354292 9.9964E-05 0.325194
9.9991E-05 0.129222 0.0259872 0.438432 0.109173 0.0366837 0.0825858 0.177817
0.220171 9.9964E-05 9.9964E-05 0.0971046 9.9964E-05 0.355025 9.9964E-05 0.327299
0.146302 9.9973E-05 9.9973E-05 0.505647 0.111895 0.153807 9.9973E-05 0.0820491
0.00702826 0.0320913 9.9991E-05 0.319751 0.146908 0.186249 0.0699882 0.237884
0.102039 9.9982E-05 9.9982E-05 0.413524 0.0536617 0.208071 0.0997782 0.122726
0.142977 9.9982E-05 0.0308407 0.0906216 0.193919 0.249363 9.9982E-05 0.292078
0.0643722 0.0390746 0.0355847 0.415246 0.211862 0.169905 0.0638555 9.9991E-05
0.028933 0.0588984 9.9991E-05 0.507979 0.156209 0.132275 0.0466837 0.0689221
9.9955E-05 9.9955E-05 9.9955E-05 9.9955E-05 0.0375794 9.9955E-05 0.932875 0.0290462
9.9955E-05 9.9955E-05 9.9955E-05 0.0673281 0.0374236 9.9955E-05 0.894748 9.9955E-05
9.9982E-05 0.00199387 0.130784 0.0697306 0.0707022 0.0199408 0.706648 9.9982E-05
9.9973E-05 0.0297041 0.0233682 0.243095 9.9973E-05 0.00186935 0.701663 9.9973E-05
9.9973E-05 0.0375118 9.9973E-05 0.108601 0.0461972 0.0295525 0.777838 9.9973E-05
0.0207283 9.9946E-05 9.9946E-05 9.9946E-05 9.9946E-05 9.9946E-05 0.978672 9.9946E-05
9.9946E-05 0.014435 9.9946E-05 9.9946E-05 9.9946E-05 9.9946E-05 0.984965 9.9946E-05
9.9946E-05 9.9946E-05 9.9946E-05 0.135263 9.9946E-05 9.9946E-05 0.864137 9.9946E-05
9.994E-05 9.994E-05 9.994E-05 9.994E-05 9.994E-05 9.994E-05 0.9993 9.994E-05
0.00371189 9.9955E-05 9.9955E-05 9.9955E-05 9.9955E-05 9.9955E-05 0.988965 0.00682291
9.994E-05 9.994E-05 9.994E-05 9.994E-05 9.994E-05 9.994E-05 0.9993 9.994E-05
9.9964E-05 0.0175871 9.9964E-05 0.101681 9.9964E-05 0.0685456 0.811786 9.9964E-05
0.057128 0.0458499 9.9973E-05 0.0822614 9.9973E-05 0.0323955 0.782065 9.9973E-05
9.9946E-05 9.9946E-05 9.9946E-05 9.9946E-05 0.00498989 9.9946E-05 0.99441 9.9946E-05
0.0434567 0.0574456 0.0317326 0.386412 0.122929 9.9982E-05 0.357824 9.9982E-05
0.0436881 0.00749209 0.11937 0.137276 9.9973E-05 9.9973E-05 0.691874 9.9973E-05
0.034526 9.9964E-05 0.0451793 0.147495 9.9964E-05 9.9964E-05 0.7724 9.9964E-05
9.9964E-05 0.0102104 9.9964E-05 0.0153628 9.9964E-05 9.9964E-05 0.962859 0.011168
0.00866935 9.9946E-05 9.9946E-05 9.9946E-05 9.9946E-05 9.9946E-05 0.990731 9.9946E-05
9.9955E-05 0.0303694 9.9955E-05 0.0469233 9.9955E-05 9.9955E-05 0.922208 9.9955E-05
9.994E-05 9.994E-05 9.994E-05 9.994E-05 9.994E-05 9.994E-05 0.9993 9.994E-05
0.0311428 0.0797027 9.9982E-05 0.131239 0.00556273 0.1736 0.578553 9.9982E-05
9.9973E-05 0.0195058 9.9973E-05 9.9973E-05 0.00195818 0.0301851 0.916254 0.0317971
0.301327 0.236703 9.9964E-05 9.9964E-05 9.9964E-05 0.31583 9.9964E-05 0.14574
0.0972617 0.113569 0.15102 0.318611 0.0461593 0.232266 0.0319187 0.00919402
0.128622 0.214323 9.9973E-05 0.401088 0.0368169 0.218851 9.9973E-05 9.9973E-05
0.334553 0.120986 9.9982E-05 0.171718 9.9982E-05 0.190701 0.0581693 0.123673
0.00866467 0.121925 0.0589469 0.299837 0.185224 0.159292 0.166011 9.9991E-05
0.292034 0.15146 9.9991E-05 0.146614 0.0939344 0.134999 0.0809296 0.0999293
0.145684 0.0493838 0.014578 0.449349 0.0230745 0.301858 9.9991E-05 0.0159731
0.2314 0.0714334 9.9982E-05 0.150921 0.143324 0.230377 0.172345 9.9982E-05
0.179154 0.12165 0.0243028 0.363313 0.0405914 0.175986 0.0949032 9.9991E-05
0.22159 0.0650056 9.9991E-05 0.156553 0.0322413 0.2596 0.212397 0.0525137
0.0829907 0.156485 0.0114671 0.402573 0.0188556 0.255661 0.0185262 0.0534422
9.9982E-05 0.817163 0.0593066 0.00711689 0.00151282 0.0918023 9.9982E-05 0.0228983
0.0126143 0.88286 9.9964E-05 9.9964E-05 9.9964E-05 9.9964E-05 0.0686959 0.0354296
0.0747943 0.894885 0.0298209 9.9955E-05 9.9955E-05 9.9955E-05 9.9955E-05 9.9955E-05
0.0374605 0.889695 0.0218933 0.0505512 9.9964E-05 9.9964E-05 9.9964E-05 9.9964E-05
0.0766976 0.810675 0.0766543 0.0355733 9.9964E-05 9.9964E-05 9.9964E-05 9.9964E-05
0.123163 0.810056 9.9955E-05 9.9955E-05 9.9955E-05 9.9955E-05 0.066281 9.9955E-05
9.9964E-05 0.858821 9.9964E-05 0.00695013 0.0199302 9.9964E-05 0.113899 9.9964E-05
0.0555229 0.868736 9.9964E-05 9.9964E-05 0.0334398 9.9964E-05 9.9964E-05 0.0419013
0.00210549 0.887985 9.9982E-05 0.00177771 0.0821359 9.9982E-05 0.0153226 0.0104729
0.0836492 0.774906 9.9973E-05 0.0135986 9.9973E-05 0.0355806 0.0919657 9.9973E-05
0.0014324 0.570921 0.280381 9.9982E-05 0.0631385 9.9982E-05 0.0186771 0.0652499
0.0651169 0.542758 0.287201 9.9973E-05 0.0727751 9.9973E-05 9.9973E-05 0.031849
0.0994131 0.468655 0.351098 9.9973E-05 0.0177155 9.9973E-05 9.9973E-05 0.0628183
9.9973E-05 0.477936 0.252421 9.9973E-05 0.0627118 0.0600805 9.9973E-05 0.146551
9.9982E-05 0.0681573 0.0946618 0.400051 0.392532 9.9982E-05 0.010284 0.0341141
9.9982E-05 9.9982E-05 0.0138159 0.437997 0.356606 0.0776163 0.00886893 0.104895
9.9991E-05 0.0338616 0.168678 0.404642 0.217165 0.107263 0.061902 0.00638846
0.0837408 0.00864725 0.224981 0.284338 0.392441 9.9982E-05 9.9982E-05 0.00565122
9.9982E-05 9.9982E-05 0.531737 0.207409 0.155887 0.0250341 0.00623151 0.0735013
9.9991E-05 0.0208821 0.0538586 0.504416 0.21617 0.149837 0.0357514 0.0189844
0.0030816 9.9973E-05 0.083543 0.409111 0.412261 9.9973E-05 0.0917035 9.9973E-05
0.0239671 9.9982E-05 0.0175958 0.445833 0.341771 0.118948 9.9982E-05 0.0516852
9.9973E-05 9.9973E-05 9.9973E-05 0.244015 0.593531 0.0372869 0.0256588 0.0992079
0.00622833 0.090211 0.0416018 0.606277 0.237712 9.9982E-05 9.9982E-05 0.0177697
9.9982E-05 9.9982E-05 0.0961305 0.233699 0.404341 0.150782 0.0351147 0.0797324
9.9955E-05 9.9955E-05 0.134087 9.9955E-05 0.3663 9.9955E-05 9.9955E-05 0.499113
9.9982E-05 0.0619493 0.140689 0.538882 0.140324 0.0443225 9.9982E-05 0.0736332
0.146343 9.9973E-05 9.9973E-05 0.181799 0.411947 0.0355001 9.9973E-05 0.224112
0.00282249 0.0362465 0.00377791 0.419069 0.344901 9.9991E-05 0.0723932 0.12069
9.9964E-05 0.0445021 0.207813 9.9964E-05 0.686179 9.9964E-05 9.9964E-05 0.061106
0.0246621 0.0835437 0.65386 9.9964E-05 9.9964E-05 0.237535 9.9964E-05 9.9964E-05
9.9955E-05 0.0869371 0.589619 9.9955E-05 9.9955E-05 0.322944 9.9955E-05 9.9955E-05
9.9955E-05 9.9955E-05 0.695177 9.9955E-05 9.9955E-05 0.301725 9.9955E-05 0.00259839
9.9955E-05 0.0962456 0.674939 9.9955E-05 9.9955E-05 0.228315 9.9955E-05 9.9955E-05
9.9964E-05 0.0100034 0.697234 9.9964E-05 9.9964E-05 0.292058 9.9964E-05 0.000304714
9.9973E-05 0.0437667 0.675307 0.0345424 9.9973E-05 0.2036 0.0424842 9.9973E-05
9.9964E-05 0.879141 9.9964E-05 0.0538501 0.0259877 9.9964E-05 0.0406216 9.9964E-05
9.9973E-05 0.803257 0.0954894 0.000804607 9.9973E-05 0.00873909 0.0914103 9.9973E-05
9.9964E-05 0.733515 9.9964E-05 0.0475921 9.9964E-05 0.0799481 0.138545 9.9964E-05
9.9964E-05 0.730165 0.0919846 0.0511484 9.9964E-05 9.9964E-05 0.126302 9.9964E-05
0.0444838 0.752338 9.9973E-05 0.0368527 9.9973E-05 0.0886273 0.0773981 9.9973E-05
0.059503 0.304154 0.530512 9.9973E-05 9.9973E-05 0.0704782 9.9973E-05 0.0350527
9.9964E-05 0.477945 0.362446 9.9964E-05 9.9964E-05 0.0238634 9.9964E-05 0.135346
9.9964E-05 0.426733 0.446101 9.9964E-05 9.9964E-05 9.9964E-05 0.00601192 0.120754
9.9955E-05 0.800144 9.9955E-05 0.148877 9.9955E-05 0.0504785 9.9955E-05 9.9955E-05
0.0252173 0.318084 0.484394 9.9982E-05 9.9982E-05 0.0407348 0.0378622 0.093508
0.312643 0.0517061 9.9973E-05 0.261638 9.9973E-05 9.9973E-05 0.332934 0.040779
0.0731549 0.0205741 0.00874476 0.575488 9.9982E-05 0.140521 0.181317 9.9982E-05
9.9973E-05 0.123695 9.9973E-05 0.497459 0.0575128 0.0463535 0.27468 9.9973E-05
0.176719 0.226368 0.00210076 0.351994 0.0997335 9.9982E-05 0.142885 9.9982E-05
0.0247504 0.134171 0.150202 0.40005 9.9982E-05 0.0592121 0.231414 9.9982E-05
0.410261 0.29229 0.0269662 9.9982E-05 9.9982E-05 0.00701066 0.262931 0.000340715
9.9973E-05 9.9973E-05 0.280309 0.343688 0.22846 0.141537 9.9973E-05 0.00570583
0.158154 9.9964E-05 0.257286 0.432798 9.9964E-05 9.9964E-05 9.9964E-05 0.151363
9.9982E-05 0.118992 0.47317 0.334239 0.0526746 0.000546528 9.9982E-05 0.0201776
0.0147709 9.9964E-05 0.151378 0.59317 9.9964E-05 9.9964E-05 9.9964E-05 0.240281
0.193451 9.9964E-05 0.178295 9.9964E-05 0.0152969 9.9964E-05 9.9964E-05 0.612557
0.0436916 0.111089 0.115606 0.533406 0.0727155 0.100609 0.0227826 9.9991E-05
0.0961094 9.9991E-05 0.191505 0.406097 0.19143 0.00392093 0.0192195 0.091618
0.0413515 0.0548155 0.335066 0.29417 0.245664 0.0287332 9.9982E-05 9.9982E-05
9.9982E-05 0.0348078 0.120266 0.376648 0.208541 0.153713 0.105823 9.9982E-05
0.220757 9.9982E-05 0.214074 0.172716 0.120997 0.0379663 9.9982E-05 0.233289
0.133544 9.9982E-05 0.110447 0.497201 0.0714705 9.9982E-05 0.005271 0.181866
0.0646294 9.9973E-05 0.24904 0.480018 0.131646 0.0743671 9.9973E-05 9.9973E-05
0.08925 0.103706 0.0596479 0.361744 0.20653 9.9982E-05 0.178921 9.9982E-05
0.089812 9.9964E-05 0.260139 0.460453 9.9964E-05 9.9964E-05 9.9964E-05 0.189196
0.0593163 9.9973E-05 0.307745 0.481417 0.036024 9.9973E-05 9.9973E-05 0.115199
9.9991E-05 0.0242566 0.0939211 0.264423 0.22296 0.142274 0.122649 0.129416
0.0407023 9.9982E-05 0.142549 0.511446 0.101293 0.0839424 9.9982E-05 0.119868
9.9982E-05 9.9982E-05 0.20629 0.588346 0.0607495 0.0232 0.0987982 0.022416
0.00119171 0.13023 0.116914 0.477247 0.0751517 0.0617515 0.0644387 0.0730755
0.0766882 0.0797782 0.105857 0.515039 0.162011 0.0337319 0.0267951 9.9991E-05
9.9955E-05 0.788214 9.9955E-05 0.105953 9.9955E-05 9.9955E-05 0.105333 9.9955E-05
9.9973E-05 0.807491 9.9973E-05 0.0231441 0.0327349 9.9973E-05 0.05773 0.0786003
0.0603833 0.692918 0.0528615 9.9991E-05 0.0471527 0.11497 0.0113534 0.0202604
0.0168485 0.790337 0.0101165 0.031656 0.0863913 9.9991E-05 0.0495058 0.0150452
9.9964E-05 0.830062 9.9964E-05 0.0561539 9.9964E-05 0.080235 0.0331492 9.9964E-05
0.15591 9.9973E-05 0.513856 0.201462 0.118466 9.9973E-05 0.0100064 9.9973E-05
0.104118 0.00887202 0.146368 0.519523 0.0343294 0.00579756 0.0240138 0.156979
0.118746 0.245743 0.0260633 0.385567 0.121033 0.00531764 0.0961641 0.00136686
0.0164256 9.9973E-05 0.21611 0.624159 0.0824549 9.9973E-05 0.0605509 9.9973E-05
9.9964E-05 9.9964E-05 0.249325 0.514071 0.180889 9.9964E-05 0.0553147 9.9964E-05
0.159151 9.9973E-05 0.324111 0.407684 0.00237675 9.9973E-05 9.9973E-05 0.106378
0.0889144 0.073552 0.623021 0.0867896 0.0567001 9.9982E-05 9.9982E-05 0.0708228
9.9982E-05 9.9982E-05 0.374159 0.468875 0.0415441 0.0469144 0.0536332 0.0146743
9.9982E-05 0.0899457 0.444212 0.19936 0.0481812 9.9982E-05 0.0287085 0.189393
0.139638 0.0412506 0.0925636 0.408771 0.224022 0.0259997 9.9991E-05 0.0676541
0.0995261 0.113475 0.50064 0.187384 0.0561946 9.9982E-05 9.9982E-05 0.0425805
0.107489 0.0704805 0.203247 0.587267 0.0231436 9.9982E-05 9.9982E-05 0.00817341
9.9973E-05 0.0724774 0.491261 0.272817 0.0247661 9.9973E-05 9.9973E-05 0.138379
0.0337832 0.045803 0.30953 0.401989 0.020529 9.9991E-05 0.0563335 0.131933
0.0742894 0.075875 0.0740385 0.347675 0.0379802 0.265194 0.0283262 0.0966221
0.181328 9.9982E-05 0.0250524 0.118857 0.13319 0.398901 9.9982E-05 0.142471
0.0436718 0.0518584 9.9991E-05 0.285825 0.13061 0.372902 0.0518403 0.0631929
0.0417304 0.181021 0.0347741 0.542095 0.145909 0.0542702 9.9982E-05 9.9982E-05
0.103483 9.9982E-05 0.0433608 0.153027 0.0240866 0.455447 9.9982E-05 0.220396
0.0251881 0.0845448 0.0127567 0.434018 0.0606809 0.218943 0.0327433 0.131125
0.0745134 0.0040433 0.00720355 0.424315 0.181691 0.217728 9.9991E-05 0.0904058
0.131478 9.9973E-05 0.00292787 9.9973E-05 0.158545 0.335275 9.9973E-05 0.371475
0.177238 9.9973E-05 9.9973E-05 0.0405354 0.137665 0.471769 9.9973E-05 0.172492
0.0847368 9.9973E-05 0.0812884 0.46412 9.9973E-05 0.225889 9.9973E-05 0.143666
0.0537215 9.9973E-05 0.0619687 9.9973E-05 0.143256 0.487455 9.9973E-05 0.253299
0.120516 9.9982E-05 0.157058 0.343912 0.124202 0.19449 9.9982E-05 0.059622
0.0923172 9.9964E-05 0.59761 0.134523 0.17515 9.9964E-05 9.9964E-05 9.9964E-05
9.9955E-05 9.9955E-05 0.273598 0.367871 9.9955E-05 9.9955E-05 9.9955E-05 0.358031
9.9982E-05 0.0564811 0.386507 0.40255 0.0396388 9.9982E-05 0.0526952 0.0619281
0.0500281 0.0424298 0.182372 0.615534 0.0930392 9.9982E-05 0.0163976 9.9982E-05
0.0276414 9.9964E-05 0.486804 0.203768 0.281386 9.9964E-05 9.9964E-05 9.9964E-05
0.108474 0.0734639 0.0866449 0.502148 0.0468551 9.9991E-05 0.0532901 0.129024
9.9982E-05 0.0690773 0.161365 0.532982 9.9982E-05 0.193002 0.0342587 0.00911513
0.0705573 9.9982E-05 0.199312 0.573954 0.0617184 9.9982E-05 0.0621452 0.0321133
0.0281253 0.00921236 0.206347 0.549479 0.0722539 0.0198362 0.0620354 0.0527115
9.9973E-05 9.9973E-05 0.328637 0.337888 0.204885 0.00094092 0.12735 9.9973E-05
0.0315999 9.9973E-05 0.506124 0.201118 0.196576 9.9973E-05 0.0642829 9.9973E-05
9.9982E-05 9.9982E-05 0.40004 0.222371 0.072985 0.0791571 0.142103 0.0831439
9.9973E-05 9.9973E-05 0.241267 0.617624 0.102336 9.9973E-05 0.0236375 0.014835
0.146613 9.9982E-05 0.0728077 0.603402 0.072318 0.0842049 0.0204546 9.9982E-05
0.197639 9.9964E-05 0.227072 0.485154 0.0897354 9.9964E-05 9.9964E-05 9.9964E-05
0.038508 9.9973E-05 0.174349 0.626118 9.9973E-05 9.9973E-05 0.0438158 0.116909
0.105379 9.9982E-05 0.353809 0.340108 0.0428027 0.11202 0.0456813 9.9982E-05
0.0232303 9.9973E-05 0.181725 0.622293 0.140875 9.9973E-05 0.0315776 9.9973E-05
9.9982E-05 9.9982E-05 0.233706 0.551296 0.0416455 0.0829209 0.0857323 0.00449969
0.0759609 0.113431 0.132975 0.515202 0.0108597 0.0583553 0.0128608 0.0803552
0.0730955 0.314268 9.9982E-05 0.326404 0.0142626 0.146802 0.124968 9.9982E-05
0.166214 0.0707285 0.00050796 0.456055 0.02243 9.9991E-05 0.213611 0.0703533
0.103793 0.0265037 0.0573814 0.453528 0.136446 0.10227 0.119979 9.9991E-05
0.0825101 0.0911381 0.0139305 0.582038 0.0923929 0.0722942 0.0592343 0.00646232
0.0461981 0.234882 9.9982E-05 0.431055 0.0962331 9.9982E-05 0.144799 0.0466331
0.00309463 9.9982E-05 0.163534 0.509601 9.9982E-05 0.0657579 0.0123782 0.245434
0.0168889 0.148354 0.0772021 0.497087 0.02965 0.123435 0.083538 0.0238449
0.508739 0.110294 0.05935 0.0455943 0.175223 0.0244932 0.03397 0.0423368
0.0991173 0.0452276 0.101714 0.485715 9.9982E-05 0.124955 0.143071 9.9982E-05
0.0732511 0.067435 0.00375816 0.501911 0.144303 9.9991E-05 0.198243 0.0109994
0.0835256 0.0610087 0.0449832 0.420554 0.0231996 0.0226506 0.294867 0.0492113
0.25405 0.130757 0.0542257 0.344303 0.0946085 0.0458452 0.0473087 0.0289014
0.209244 0.088232 0.0675537 0.520965 0.0387371 9.9982E-05 0.0750684 9.9982E-05
0.0424282 0.15496 0.0193003 0.659666 9.9982E-05 9.9982E-05 0.0790205 0.0444257
0.450885 0.340003 9.9964E-05 9.9964E-05 9.9964E-05 9.9964E-05 0.115889 0.0928233
9.9982E-05 0.176399 0.000406535 0.397761 0.180852 0.0362713 0.20811 9.9982E-05
0.0814524 0.170959 9.9991E-05 0.413973 0.0557111 0.0669258 0.205578 0.0053011
9.9991E-05 0.104901 0.0382197 0.441626 0.0353139 0.0975856 0.218106 0.064147
0.0840697 0.165761 9.9973E-05 0.56254 9.9973E-05 0.0747436 0.112586 9.9973E-05
0.008523 0.140124 9.9991E-05 0.392548 0.0251208 0.243036 0.165972 0.0245756
9.9973E-05 9.9973E-05 0.0153715 0.487094 0.0770371 9.9973E-05 0.0205835 0.399614
9.9982E-05 9.9982E-05 0.183696 0.368708 0.0262699 0.252955 0.0498502 0.11832
9.9955E-05 9.9955E-05 0.0519508 0.177487 9.9955E-05 9.9955E-05 9.9955E-05 0.770063
9.99459E-05 9.99459E-05 9.99459E-05 0.128917 9.99459E-05 9.99459E-05 9.99459E-05 0.870484
9.9991E-05 0.0644429 0.0381777 0.561914 0.021962 0.0758369 0.0118429 0.225724
0.231453 9.9973E-05 9.9973E-05 0.42315 9.9973E-05 0.0808618 0.253598 0.0106374
0.131291 0.0289076 9.9973E-05 0.333915 9.9973E-05 9.9973E-05 0.36737 0.138217
0.199676 0.109721 9.9982E-05 0.154457 9.9982E-05 0.0131936 0.292415 0.230337
0.143808 0.14498 9.9982E-05 0.396608 9.9982E-05 0.0194568 0.199342 0.0956062
0.129831 0.090432 9.9964E-05 0.228312 9.9964E-05 9.9964E-05 9.9964E-05 0.551025
0.14587 0.0912583 9.9973E-05 0.277683 9.9973E-05 9.9973E-05 0.0302492 0.45464
9.9964E-05 0.0140505 9.9964E-05 0.589184 9.9964E-05 9.9964E-05 0.0924106 0.303955
9.9973E-05 0.0442282 9.9973E-05 0.489368 9.9973E-05 0.0289541 0.104125 0.333025
0.106497 0.0279321 9.9973E-05 0.339446 9.9973E-05 9.9973E-05 0.0383732 0.487451
9.9973E-05 0.0339345 9.9973E-05 0.482975 9.9973E-05 0.106598 0.124017 0.252177
0.0108121 0.0212227 0.0562704 0.548198 9.9991E-05 0.00908565 0.0771727 0.277138
0.0538508 0.00448682 0.0672137 0.226913 0.0479364 0.195348 0.266928 0.137323
9.9964E-05 9.9964E-05 0.0995795 0.419756 9.9964E-05 0.00283954 9.9964E-05 0.477425
9.9973E-05 0.0402939 0.0162243 0.42855 9.9973E-05 9.9973E-05 0.0493583 0.465274
9.9991E-05 0.00105935 0.0373036 0.483371 0.119232 0.166992 0.0184578 0.173484
0.0287014 0.0717477 0.0285361 0.43036 0.111721 9.9991E-05 0.0354677 0.293366
0.0592836 0.124781 0.108904 0.450523 9.9982E-05 9.9982E-05 0.0304295 0.225879
0.0180095 9.9964E-05 9.9964E-05 0.513024 9.9964E-05 0.113424 9.9964E-05 0.355143
9.9964E-05 9.9964E-05 0.0430644 0.318836 9.9964E-05 0.0121549 9.9964E-05 0.625545
0.0205702 9.9973E-05 9.9973E-05 0.651331 0.0695466 0.0161228 9.9973E-05 0.242129
9.99549E-05 9.99549E-05 9.99549E-05 0.353859 0.00643476 9.99549E-05 9.99549E-05 0.639207
9.9964E-05 9.9964E-05 9.9964E-05 0.466088 9.9964E-05 0.0680745 0.0144873 0.450951
9.9982E-05 0.0884369 0.00683446 0.559402 9.9982E-05 0.0736674 0.0282964 0.243163
9.9973E-05 9.9973E-05 9.9973E-05 0.407431 0.0852922 0.197484 0.116148 0.193345
0.0720965 0.106256 9.9982E-05 0.355153 0.138604 0.138298 0.189392 9.9982E-05
0.100694 0.11431 9.9991E-05 0.328403 0.0938436 0.129178 0.150596 0.0828763
0.147231 0.0482012 0.0665059 0.211036 0.0563273 0.168315 0.280243 0.0221416
0.0434976 0.142874 0.10279 0.312832 9.9991E-05 0.0938956 0.227108 0.0769038
0.0176486 0.122388 0.162638 0.293171 0.14829 0.0476323 0.208132 9.9991E-05
0.0520717 0.1508 0.0645217 0.374145 0.019347 0.0489953 0.160988 0.129131
0.015968 0.213865 9.9973E-05 0.0146133 9.9973E-05 9.9973E-05 0.160144 0.595109
9.9973E-05 0.0937913 9.9973E-05 0.557531 9.9973E-05 0.0735873 0.172875 0.101915
0.113261 0.365349 9.9964E-05 9.9964E-05 9.9964E-05 9.9964E-05 0.103808 0.417183
9.9973E-05 0.0792745 9.9973E-05 0.500635 9.9973E-05 0.0544984 0.159054 0.206238
9.9946E-05 9.9946E-05 9.9946E-05 0.200005 9.9946E-05 9.9946E-05 9.9946E-05 0.799396
9.9964E-05 0.029044 9.9964E-05 0.0903618 9.9964E-05 9.9964E-05 0.00692486 0.873269
9.9964E-05 9.9964E-05 0.000134691 0.529413 0.0307575 9.9964E-05 9.9964E-05 0.439295
9.9955E-05 0.0618867 9.9955E-05 0.630037 9.9955E-05 9.9955E-05 9.9955E-05 0.307577
9.9946E-05 9.9946E-05 9.9946E-05 0.489369 9.9946E-05 9.9946E-05 9.9946E-05 0.510031
9.9973E-05 0.011842 9.9973E-05 0.517094 0.0898984 9.9973E-05 0.0244366 0.356429
9.9964E-05 9.9964E-05 9.9964E-05 0.563473 0.0328092 0.0145127 9.9964E-05 0.388806
0.049072 0.772714 9.9991E-05 0.0783473 0.022259 0.0196065 0.0166798 0.0412215
9.9973E-05 0.701381 0.0998086 9.9973E-05 9.9973E-05 0.0126688 0.117478 0.0683634
0.0127834 0.865115 0.0533441 0.0266418 9.9973E-05 9.9973E-05 0.0418154 9.9973E-05
0.00997212 0.898896 9.9964E-05 0.0853058 9.9964E-05 9.9964E-05 9.9964E-05 0.00542614
0.150433 9.9991E-05 0.0291168 0.380073 0.364054 0.0169179 0.000309393 0.0589956
0.05988 0.0644576 0.0471419 0.243406 0.546754 9.9991E-05 0.0304267 0.00783332
9.9964E-05 9.9964E-05 0.0598203 0.381715 0.556279 9.9964E-05 9.9964E-05 0.00178565
9.9964E-05 0.142177 9.9964E-05 0.465734 0.23658 0.155109 9.9964E-05 9.9964E-05
0.0512104 0.0753344 0.0392746 0.337369 0.185845 0.265218 0.0456484 9.9991E-05
9.9991E-05 0.0211932 0.121512 0.0183029 0.52492 0.173268 0.00958573 0.131118
9.9973E-05 0.0435043 9.9973E-05 0.412177 0.412149 9.9973E-05 0.0565479 0.0753223
0.0784466 0.0221802 9.9982E-05 0.171956 0.504182 0.0755136 9.9982E-05 0.147521
0.0417091 0.215946 0.0376655 0.475072 9.9982E-05 0.0570976 0.172311 9.9982E-05
0.115188 9.9982E-05 0.0449305 0.397571 0.317221 9.9982E-05 0.00795582 0.116935
0.0441949 0.000765744 0.145709 0.161591 0.64744 9.9973E-05 9.9973E-05 9.9973E-05
9.9964E-05 9.9964E-05 0.00935607 0.487652 0.402241 9.9964E-05 9.9964E-05 0.100351
9.9982E-05 9.9982E-05 0.0781928 0.277853 0.545971 0.00372683 0.0332563 0.0607992
0.0578079 9.99781E-05 9.99781E-05 0.471278 0.433539 9.99781E-05 0.00539291 0.0316824
9.9973E-05 0.0676446 9.9973E-05 0.364555 0.363453 0.192514 9.9973E-05 0.0115333
9.9946E-05 9.9946E-05 9.9946E-05 9.9946E-05 0.781047 9.9946E-05 9.9946E-05 0.218353
0.0973039 9.9982E-05 0.025941 0.101958 0.613248 0.026617 9.9982E-05 0.134733
0.022901 9.9973E-05 0.0799418 0.224638 0.566384 9.9973E-05 9.9973E-05 0.105835
0.0171658 9.9955E-05 9.9955E-05 9.9955E-05 0.570396 9.9955E-05 9.9955E-05 0.411939
0.0134338 0.0212818 0.0786845 0.249506 0.430899 0.0790907 0.0484892 0.0786152
0.135219 9.9973E-05 0.00568132 9.9973E-05 0.580012 0.0638907 9.9973E-05 0.214897
0.180605 9.9955E-05 9.9955E-05 9.9955E-05 0.455062 9.9955E-05 9.9955E-05 0.363833
0.0999609 0.0419889 9.9982E-05 0.372897 0.435999 9.9982E-05 0.0215225 0.0274322
9.9982E-05 0.0614729 0.103384 0.064132 0.631368 0.0220116 9.9982E-05 0.117431
0.0547242 0.00223632 0.0783137 0.177222 0.567736 0.0804776 0.0391898 9.9991E-05
0.0595556 0.0321938 9.9991E-05 0.360871 0.225541 0.17997 0.10741 0.0343583
0.0213778 9.9982E-05 0.0826166 0.3519 0.484707 0.0388096 0.0203886 9.9982E-05
0.0798774 9.9991E-05 0.193266 0.447707 0.0379757 0.00755474 0.0453947 0.188124
9.9982E-05 0.0410606 0.0238412 0.357194 0.388425 0.14554 0.0437382 9.9982E-05
9.9991E-05 0.0302143 0.115862 0.244645 0.479793 0.0354111 0.0493165 0.0446576
9.9982E-05 0.000518367 0.0497602 0.168936 0.660573 0.00713235 9.9982E-05 0.112879
0.0271 0.0417045 0.0303408 0.357738 0.321188 9.9991E-05 0.115616 0.106212
0.0436377 0.600375 0.227452 9.9991E-05 0.0044738 0.106836 0.00557952 0.0115456
0.018425 0.742966 0.0891483 0.01299 0.0908451 9.9991E-05 0.00313742 0.0423882
0.0840777 0.779213 0.13621 9.9955E-05 9.9955E-05 9.9955E-05 9.9955E-05 9.9955E-05
0.0743425 0.79491 0.119376 9.9964E-05 9.9964E-05 9.9964E-05 9.9964E-05 0.0109715
9.9964E-05 0.676507 0.16249 9.9964E-05 0.000490828 0.160112 9.9964E-05 9.9964E-05
9.9973E-05 0.0478994 0.146784 9.9973E-05 0.751091 9.9973E-05 0.0424244 0.0115015
9.9973E-05 0.0545212 0.121485 9.9973E-05 0.61502 0.0349561 9.9973E-05 0.173718
9.9964E-05 9.9964E-05 9.9964E-05 9.9964E-05 0.768404 0.0337561 0.00242026 0.195019
9.9973E-05 0.142457 0.0701524 0.346012 0.292684 9.9973E-05 0.148394 9.9973E-05
0.013072 0.0738497 0.0338083 0.313527 0.35741 0.101097 0.10081 0.00642629
0.0645159 9.9982E-05 9.9982E-05 0.0714847 0.629588 0.12501 0.0267625 0.0824393
9.9982E-05 9.9982E-05 0.049133 0.407197 0.203208 0.206101 0.111024 0.023136
0.0847345 9.9982E-05 9.9982E-05 0.221207 0.40765 0.067979 0.0604658 0.157763
9.9973E-05 9.9973E-05 0.0420864 0.339904 0.381774 0.184141 0.0517956 9.9973E-05
0.0329006 0.00953279 9.9973E-05 0.517905 0.411225 0.0281367 9.9973E-05 9.9973E-05
9.9973E-05 9.9973E-05 0.186723 0.00430503 0.70279 0.0537248 0.0521583 9.9973E-05
9.9982E-05 0.00155227 0.0855746 0.110756 0.652598 0.11726 0.0320586 9.9982E-05
9.9973E-05 9.9973E-05 0.120501 0.0595671 0.659866 0.145448 0.0143177 9.9973E-05
0.0387059 0.0662522 0.00486637 0.448345 0.123937 0.317693 9.9982E-05 9.9982E-05
9.9964E-05 0.0410284 0.0644663 0.214668 0.679437 9.9964E-05 9.9964E-05 9.9964E-05
9.9973E-05 9.9973E-05 0.0171156 0.169697 0.556143 0.206635 0.0501103 9.9973E-05
0.0443812 0.00557761 0.0928173 0.273192 0.100092 0.113207 0.370633 9.9991E-05
0.106041 0.051764 0.0119615 0.328614 0.0440518 9.9982E-05 0.457367 9.9982E-05
0.0568978 0.0974543 9.9982E-05 0.434254 9.9982E-05 0.087083 0.323858 0.000253093
0.0982911 0.0752387 0.03867 0.258734 9.9982E-05 0.0428145 0.486052 9.9982E-05
0.0554569 0.0747261 0.0503061 0.410047 9.9991E-05 0.107366 0.287278 0.0147195
0.0622139 0.0252754 9.9991E-05 0.307575 0.335936 0.157859 0.0275024 0.0835382
0.126041 0.21195 9.9964E-05 0.00216616 9.9964E-05 9.9964E-05 0.659443 9.9964E-05
0.0596484 0.173727 0.0330291 0.243564 0.0116921 9.9982E-05 0.47814 9.9982E-05
0.0628495 0.0794568 9.9991E-05 0.0847139 0.254308 0.323011 0.19323 0.00233142
0.0331201 0.0987554 9.9973E-05 0.330659 0.0210053 0.51616 9.9973E-05 9.9973E-05
9.9982E-05 0.0192521 9.9982E-05 0.133809 0.0882986 0.601692 0.0774137 0.079335
9.9964E-05 0.0557167 9.9964E-05 0.288203 9.9964E-05 0.550684 0.104997 9.9964E-05
0.0921391 0.0203014 0.037988 0.462411 0.136677 0.250284 9.9982E-05 9.9982E-05
0.0445932 0.155135 9.9973E-05 0.320658 9.9973E-05 0.0422696 0.437045 9.9973E-05
0.0609407 9.9982E-05 0.153004 0.265424 0.0994717 0.0263427 0.394618 9.9982E-05
0.0629233 0.0590342 9.9973E-05 0.408186 9.9973E-05 0.032684 0.436872 9.9973E-05
0.0190562 0.150958 9.9991E-05 0.198402 0.119601 0.126757 0.346094 0.0390316
0.0569237 0.124726 9.9982E-05 0.30053 0.0118374 9.9982E-05 0.485996 0.0197875
9.9991E-05 0.128365 0.000478807 0.229103 0.114241 0.0730067 0.396006 0.0586995
0.132286 0.0215204 0.0336173 0.199551 9.9973E-05 9.9973E-05 0.612726 9.9973E-05
0.0143463 0.0450373 0.0241292 0.319806 0.0766729 0.146713 0.358235 0.0150607
0.0838227 0.007493 9.9982E-05 0.437661 0.0727891 0.389299 0.00873466 9.9982E-05
0.0932892 0.119479 0.0435176 0.30569 0.0693062 9.9982E-05 0.368518 9.9982E-05
0.0809728 0.137214 9.9973E-05 0.103536 9.9973E-05 0.106892 0.571085 9.9973E-05
0.0566094 0.0204263 0.163883 0.248978 0.0577772 0.0289825 0.416479 0.00686489
9.9964E-05 0.117331 0.176275 9.9964E-05 0.135181 0.570813 9.9964E-05 9.9964E-05
9.9964E-05 9.9964E-05 9.9964E-05 0.28107 9.9964E-05 0.552051 0.112542 0.0539365
0.125903 0.0649064 0.0847809 0.359181 0.0270973 0.0316624 0.306369 9.9991E-05
9.9982E-05 0.0938822 0.0685373 0.408203 0.0169809 0.405877 0.00632004 9.9982E-05
0.0553468 0.0389889 9.9982E-05 0.2161 0.0724261 0.591248 0.0256897 9.9982E-05
0.0515641 0.167985 9.9991E-05 0.18227 0.157077 0.159008 0.226407 0.0555885
0.194731 0.150587 9.9982E-05 0.397636 9.9982E-05 0.0230235 0.182351 0.0514708
0.0361824 0.0780692 0.0499441 0.479383 0.0188766 0.245901 0.0915437 9.9991E-05
0.0782973 0.108563 9.9973E-05 0.425896 0.0195229 9.9973E-05 0.367421 9.9973E-05
0.0119126 0.0500359 0.0448635 0.400725 9.9982E-05 9.9982E-05 0.434526 0.0577373
0.0945544 0.170594 9.9973E-05 0.135961 9.9973E-05 0.0594401 0.539151 9.9973E-05
0.0131907 0.107907 9.9991E-05 0.366468 0.0796364 0.297313 0.119047 0.0163383
9.9973E-05 0.108266 9.9973E-05 0.234624 0.122162 0.514504 9.9973E-05 0.0201447
0.280306 9.9964E-05 9.9964E-05 9.9964E-05 9.9964E-05 0.59016 0.000726637 0.128407
9.9982E-05 0.156657 0.00345304 0.43724 0.142821 0.229536 9.9982E-05 0.0300925
0.0355 0.147733 0.129511 0.339444 0.0727355 0.164195 9.9991E-05 0.110782
0.221832 0.0980112 9.9982E-05 0.485319 0.120529 0.00752242 0.0665862 9.9982E-05
0.0673301 0.0764351 0.118579 0.388613 0.0369227 0.200707 0.111313 9.9991E-05
0.91788 9.9946E-05 9.9946E-05 9.9946E-05 9.9946E-05 9.9946E-05 0.0815206 9.9946E-05
0.976348 9.9946E-05 9.9946E-05 0.0230523 9.9946E-05 9.9946E-05 9.9946E-05 9.9946E-05
0.475397 0.0123952 0.00562089 0.372792 0.039671 0.0135139 0.00405727 0.0765531
0.718553 0.0972728 9.9982E-05 0.0766418 0.0147781 0.0506063 0.0419485 9.9982E-05
