0.891045 0.108855 9.9991E-05
0.942987 0.0366014 0.0204118
0.82041 0.17949 9.9991E-05
0.781566 0.198566 0.0198674
0.855902 0.143998 9.9991E-05
0.645194 0.128439 0.226367
0.896223 0.0778203 0.025957
0.793171 0.10104 0.105789
0.922009 9.9991E-05 0.0778915
0.746867 0.194962 0.0581718
0.794856 0.051854 0.15329
0.107774 0.147659 0.744567
9.9991E-05 0.358704 0.641196
0.103795 0.186786 0.709419
0.111209 0.293038 0.595753
0.145601 0.349221 0.505179
9.9991E-05 0.447015 0.552885
0.00292538 0.30873 0.688345
0.198571 0.232229 0.569199
0.275059 9.9991E-05 0.724841
0.0499517 0.316156 0.633892
0.0916301 0.257299 0.651071
9.9991E-05 0.392557 0.607343
0.104247 0.228152 0.667602
0.0693377 0.414289 0.516373
9.9991E-05 0.394285 0.605615
0.168016 0.130715 0.70127
0.11096 0.26041 0.62863
0.154703 0.06739 0.777907
0.774299 0.225601 9.9991E-05
0.789476 0.210424 9.9991E-05
0.773554 0.226346 9.9991E-05
0.697832 0.280645 0.0215223
9.9991E-05 0.256843 0.743057
0.0386685 0.40242 0.558911
9.9991E-05 0.366186 0.633714
0.229404 0.0137608 0.756835
9.9991E-05 0.229159 0.770741
0.00290591 0.355399 0.641695
9.9991E-05 0.472708 0.527192
0.0849654 0.342823 0.572211
0.0472199 0.39927 0.55351
0.0894301 0.0636569 0.846913
0.0207895 0.363101 0.61611
9.9991E-05 0.364988 0.634912
0.0558934 0.40984 0.534267
9.9991E-05 0.14389 0.85601
9.9991E-05 0.407431 0.592469
0.0314674 0.447074 0.521459
0.196414 9.9991E-05 0.803486
0.0874695 0.00726724 0.905263
0.172109 0.0370812 0.790809
0.0493146 0.382957 0.567728
0.00976961 0.503886 0.486344
9.9991E-05 0.399847 0.600053
0.25426 9.9991E-05 0.74564
0.0279628 0.309137 0.662901
0.0856752 0.426488 0.487836
0.151092 0.162154 0.686754
0.319949 0.0845351 0.595516
0.0668474 0.373911 0.559242
0.109904 0.291819 0.598277
0.230769 9.9991E-05 0.769131
9.9991E-05 0.273145 0.726755
9.9991E-05 0.440936 0.558964
0.0756447 0.33719 0.587165
0.106863 0.196777 0.69636
0.0339484 0.342508 0.623544
0.0182681 0.416084 0.565648
0.182625 0.0311831 0.786192
9.9991E-05 0.230316 0.769584
0.0404363 0.074118 0.885446
0.0330222 0.329571 0.637407
0.0484632 9.9991E-05 0.951437
0.0402831 9.9991E-05 0.959617
9.9991E-05 0.128953 0.870947
0.00071598 0.290179 0.709105
0.0569296 0.465903 0.477168
9.9991E-05 0.335693 0.664207
0.0874216 0.103887 0.808691
0.0763594 0.108422 0.815219
0.0423798 0.39933 0.55829
0.027709 0.201511 0.77078
0.0169203 0.270741 0.712338
9.9991E-05 0.211477 0.788423
0.088636 9.9991E-05 0.911264
0.011782 0.369199 0.619019
0.8216 0.164228 0.0141715
0.873268 0.126632 9.9991E-05
0.853587 0.146313 9.9991E-05
0.881532 0.118368 9.9991E-05
0.852786 0.147114 9.9991E-05
0.854821 0.145079 9.9991E-05
0.862131 0.137769 9.9991E-05
0.0667908 0.409638 0.523571
0.0517746 0.418612 0.529614
0.0666019 9.9991E-05 0.933298
0.0400336 0.423134 0.536832
0.00419262 0.27321 0.722597
0.00234091 0.372335 0.625324
9.9991E-05 0.34249 0.65741
9.9991E-05 0.328912 0.670988
0.158777 9.9991E-05 0.841123
0.101848 0.372102 0.52605
9.9991E-05 0.435589 0.564311
0.076574 0.408336 0.51509
0.00475378 0.194823 0.800423
9.9991E-05 0.274775 0.725125
0.0292027 0.271159 0.699639
9.9991E-05 0.232232 0.767668
0.0360711 0.222133 0.741796
0.0185792 0.344211 0.63721
0.178504 0.0854279 0.736068
0.15996 0.297203 0.542837
0.0989826 0.390401 0.510616
0.00297466 0.469505 0.52752
0.0669847 0.275144 0.657871
0.00673602 0.364284 0.62898
0.0571031 0.268629 0.674267
0.0965296 0.359226 0.544244
0.0937952 0.321864 0.58434
0.0108426 0.365028 0.62413
0.0464733 0.227069 0.726457
9.9991E-05 0.488062 0.511838
0.0770885 0.40331 0.519601
9.9991E-05 0.415852 0.584048
0.0144801 0.440182 0.545337
0.0199614 0.406201 0.573837
0.128105 0.213915 0.65798
9.9991E-05 0.415972 0.583928
9.9991E-05 0.452245 0.547655
0.131918 0.139234 0.728848
0.166073 0.130641 0.703285
0.0756448 0.30931 0.615045
0.0713116 0.0334947 0.895194
0.125424 0.116896 0.757679
0.00613387 0.203799 0.790067
0.119774 0.117587 0.762639
0.1114 0.128379 0.760221
9.9991E-05 0.415567 0.584333
0.0544621 0.326604 0.618934
0.0532795 0.266938 0.679782
0.13587 0.0971462 0.766984
0.143555 0.254048 0.602397
0.0387637 0.326228 0.635008
0.314843 9.9991E-05 0.685057
0.0562402 0.44494 0.49882
0.144807 0.168334 0.686859
0.100966 0.351173 0.547861
0.179514 0.189597 0.630889
0.213952 0.026437 0.759611
0.0954644 0.186899 0.717637
0.0973376 0.28507 0.617593
0.206434 0.29887 0.494696
0.222219 0.0945809 0.683201
0.0308817 0.380499 0.588619
9.9991E-05 0.170877 0.829023
9.9991E-05 0.269685 0.730215
0.105276 0.39426 0.500464
0.37894 0.383196 0.237864
0.76526 0.155228 0.0795112
0.699613 0.157618 0.142769
0.458279 0.402948 0.138773
9.9991E-05 0.405839 0.594061
0.0274807 0.43304 0.539479
0.0198212 0.872752 0.107426
0.060172 0.633126 0.306702
0.0445316 0.674154 0.281315
0.0641507 0.151297 0.784553
0.0356103 0.415148 0.549242
0.0932584 0.128367 0.778374
9.9991E-05 0.359007 0.640893
0.100882 0.289802 0.609315
9.9991E-05 0.372536 0.627364
0.0824735 0.081388 0.836138
0.0311211 0.451556 0.517323
0.024963 0.414272 0.560765
0.0524677 0.947432 9.9991E-05
0.0614677 0.938432 9.9991E-05
0.0327221 0.739132 0.228146
9.9991E-05 0.888964 0.110936
0.0491167 0.891001 0.0598821
0.0502485 0.949652 9.9991E-05
0.0882707 0.911629 9.9991E-05
0.00115572 0.998744 9.9991E-05
0.0349886 0.964911 9.9991E-05
0.0286716 0.971228 9.9991E-05
0.0292223 0.970678 9.9991E-05
0.113055 0.854758 0.0321867
0.143875 0.856025 9.9991E-05
0.0871818 0.912718 9.9991E-05
0.0692542 0.633813 0.296933
0.116398 0.765464 0.118138
0.0872797 0.896749 0.0159714
0.0646357 0.935264 9.9991E-05
9.999E-05 0.9998 9.999E-05
0.12369 0.87621 9.9991E-05
0.0281192 0.971781 9.9991E-05
0.111768 0.791039 0.0971927
0.083602 0.916298 9.9991E-05
0.531163 0.00105191 0.467785
0.190267 0.323138 0.486595
0.203837 0.347379 0.448784
0.357525 0.223076 0.419399
0.137702 0.450429 0.411869
0.355471 0.251352 0.393176
0.200931 0.327997 0.471072
0.188727 0.387829 0.423445
0.112218 0.445711 0.442071
0.244902 0.390882 0.364216
0.116985 0.423927 0.459088
0.855634 0.117813 0.0265536
0.923911 0.0759889 9.9991E-05
0.958839 0.0410614 9.9991E-05
0.933935 0.0659648 9.9991E-05
0.898102 0.101798 9.9991E-05
0.882186 0.117714 9.9991E-05
0.844508 0.155392 9.9991E-05
0.885802 0.114098 9.9991E-05
0.880043 0.119857 9.9991E-05
0.865818 0.134082 9.9991E-05
0.725544 9.9991E-05 0.274356
0.715851 9.9991E-05 0.284049
0.670354 9.9991E-05 0.329546
0.601182 9.9991E-05 0.398718
0.0399957 0.301677 0.658327
9.9991E-05 0.353381 0.646519
0.0674436 0.370479 0.562078
0.0552439 0.217645 0.727111
0.125385 0.0249476 0.849667
9.9991E-05 0.364041 0.635859
9.9991E-05 0.331715 0.668185
9.9991E-05 0.296977 0.702923
9.9991E-05 0.227209 0.772691
9.9991E-05 0.41395 0.58595
9.9991E-05 0.209355 0.790545
0.0585052 9.9991E-05 0.941395
9.9991E-05 0.338544 0.661356
0.0262074 0.166103 0.80769
9.9991E-05 0.368244 0.631656
0.0721635 9.9991E-05 0.927736
0.322044 9.9991E-05 0.677856
0.288729 9.9991E-05 0.711171
0.286337 9.9991E-05 0.713563
0.309315 9.9991E-05 0.690585
0.269704 9.9991E-05 0.730196
0.280752 0.01264 0.706608
0.818385 0.181515 9.9991E-05
0.827424 0.172476 9.9991E-05
0.732998 0.266902 9.9991E-05
0.784798 0.209077 0.00612541
0.761728 0.199611 0.0386611
0.558845 9.9991E-05 0.441055
0.617578 9.9991E-05 0.382322
0.544554 9.9991E-05 0.455346
0.810071 0.189829 9.9991E-05
0.571752 9.9991E-05 0.428148
0.234503 0.558636 0.20686
0.096405 0.60738 0.296215
0.133772 0.667481 0.198747
0.231522 0.504144 0.264334
0.032567 0.532065 0.435368
0.615075 0.348848 0.0360768
0.039356 0.190656 0.769988
0.0701038 0.164375 0.765521
0.222269 0.110281 0.66745
9.9991E-05 0.275382 0.724518
0.0943166 9.9991E-05 0.905583
0.105595 0.359754 0.534651
0.0183864 0.302867 0.678747
0.0905623 0.114403 0.795035
0.0812948 0.39003 0.528675
0.145319 9.9991E-05 0.854581
0.0529552 0.256908 0.690137
9.9991E-05 0.306814 0.693086
0.156034 0.374259 0.469707
9.9991E-05 0.193293 0.806607
0.0488363 0.24476 0.706404
9.9991E-05 0.3212 0.6787
9.9991E-05 0.252752 0.747148
9.9991E-05 0.403632 0.596268
0.0364217 0.402637 0.560942
0.076534 0.395482 0.527984
0.764217 0.235683 9.9991E-05
0.813704 0.186196 9.9991E-05
0.822258 0.104601 0.0731414
0.811641 0.115857 0.0725024
0.818322 0.160741 0.0209366
0.155698 0.101062 0.74324
0.0829246 0.367762 0.549314
0.170684 0.517324 0.311992
9.9991E-05 0.44434 0.55556
0.0729327 0.28503 0.642037
0.107084 0.163566 0.72935
0.311006 9.9991E-05 0.688894
0.0366051 0.317285 0.646109
0.223716 0.0155811 0.760702
0.0409223 0.307969 0.651109
0.305012 0.0299447 0.665043
0.0550433 0.408397 0.53656
0.225962 0.0331098 0.740929
0.10241 0.279037 0.618553
0.0766555 0.33873 0.584614
0.137838 0.116137 0.746025
0.0565168 0.37114 0.572344
0.114913 0.389598 0.495488
0.0551305 0.168071 0.776798
0.0935521 0.339226 0.567222
0.031788 0.288492 0.67972
0.0679819 9.9991E-05 0.931918
0.0734439 0.104999 0.821557
0.0616786 0.274584 0.663737
0.135626 9.9991E-05 0.864274
0.045462 0.230409 0.724129
0.183998 0.0333534 0.782649
9.9991E-05 0.116546 0.883354
0.111297 0.286619 0.602084
0.0210425 0.423278 0.55568
0.060203 0.0877636 0.852033
0.0796241 0.41744 0.502935
0.0360687 0.429777 0.534155
0.00426211 0.381457 0.614281
0.0230797 0.395012 0.581909
0.018249 0.289518 0.692233
0.0783945 0.173553 0.748053
0.0330658 0.287467 0.679467
9.9991E-05 0.363545 0.636355
0.0129875 0.404352 0.582661
0.115514 0.202825 0.681661
9.9991E-05 0.354963 0.644937
0.163003 0.230288 0.606709
9.9991E-05 0.305742 0.694158
9.9991E-05 0.411309 0.588591
0.0516888 0.365378 0.582933
0.338769 0.411245 0.249986
0.0606659 0.595533 0.343801
0.0913793 0.452812 0.455809
0.0318978 0.481577 0.486525
0.127036 0.526611 0.346354
9.9991E-05 0.256514 0.743386
0.163227 0.438938 0.397835
0.384281 0.148083 0.467636
0.0647719 0.531648 0.40358
0.104985 0.519408 0.375607
0.102039 0.477787 0.420174
0.198397 0.349679 0.451924
0.0507304 0.5725 0.37677
0.052603 0.522662 0.424735
0.65056 0.199852 0.149589
0.170326 0.502002 0.327672
0.114767 0.551322 0.33391
0.0549468 0.438306 0.506747
0.150632 0.537732 0.311636
0.117451 0.383594 0.498955
0.0186648 0.310049 0.671286
0.0278884 0.364935 0.607177
0.06755 9.9991E-05 0.93235
0.11158 9.9991E-05 0.88832
0.106938 0.324799 0.568263
0.0883334 0.604118 0.307549
0.108717 0.595254 0.296028
0.296868 0.422294 0.280839
0.20056 0.49317 0.306269
0.206187 0.127147 0.666666
0.166434 0.251536 0.58203
9.9991E-05 0.438971 0.560929
0.0351008 0.407009 0.55789
0.115658 0.250317 0.634025
0.0178623 0.415113 0.567025
9.9991E-05 0.396736 0.603164
0.0661992 0.422866 0.510934
0.0741821 0.125306 0.800512
9.9991E-05 0.253782 0.746118
0.0352361 0.329 0.635764
0.0509387 0.320386 0.628676
0.149848 0.320342 0.52981
0.00241871 0.257421 0.740161
0.0406293 0.0896625 0.869708
9.9991E-05 0.367509 0.632391
0.0682963 0.0863187 0.845385
0.050185 0.243755 0.70606
0.0551059 0.395631 0.549263
9.9991E-05 0.260935 0.738965
0.156174 0.508857 0.33497
0.149005 0.426684 0.42431
0.172209 0.512226 0.315565
0.189113 0.397627 0.41326
0.109668 0.493179 0.397153
0.0961018 0.444533 0.459365
0.330678 0.134616 0.534706
0.0740217 0.567478 0.3585
0.549924 0.165664 0.284412
0.0358363 0.526654 0.437509
0.0156777 0.0166867 0.967636
0.0766603 9.9991E-05 0.92324
9.9991E-05 0.268594 0.731306
9.9991E-05 0.397719 0.602181
9.9991E-05 0.159936 0.839964
9.9991E-05 0.278297 0.721603
9.9991E-05 0.298325 0.701575
0.833792 0.148435 0.0177737
0.809042 0.160762 0.0301958
0.885587 0.114313 9.9991E-05
0.89499 0.10491 9.9991E-05
9.9991E-05 0.300129 0.699771
0.016073 0.312465 0.671462
9.9991E-05 0.264294 0.735606
0.0337443 0.366878 0.599378
0.0532487 0.315775 0.630976
0.0351241 0.169824 0.795052
9.9991E-05 0.462377 0.537523
9.9991E-05 0.136953 0.862947
0.260081 0.440587 0.299332
9.9991E-05 0.287487 0.712413
9.9991E-05 0.21208 0.78782
9.9991E-05 0.262554 0.737346
0.0248287 0.201614 0.773557
9.9991E-05 0.353545 0.646355
0.0416541 0.348175 0.61017
9.9991E-05 0.0193106 0.980589
0.00718229 0.127145 0.865673
0.0334008 0.121024 0.845575
0.00257817 9.9991E-05 0.997322
0.0741499 0.23684 0.689011
0.0614399 0.0220668 0.916493
0.060957 9.9991E-05 0.938943
9.9991E-05 0.346523 0.653377
0.091249 0.0739979 0.834753
9.9991E-05 0.290492 0.709408
0.0767529 0.416431 0.506816
9.9991E-05 0.320604 0.679296
9.9991E-05 0.270703 0.729197
9.9991E-05 0.321962 0.677938
9.9991E-05 0.273552 0.726348
9.9991E-05 0.139273 0.860627
0.0242702 0.379457 0.596273
0.741226 0.00697884 0.251795
0.796151 0.118413 0.0854358
0.928428 9.9991E-05 0.0714719
0.891348 9.9991E-05 0.108552
0.802538 0.0428051 0.154657
0.0782535 0.0728996 0.848847
0.101024 9.9991E-05 0.898876
9.9991E-05 0.0760263 0.923874
0.0302425 0.410182 0.559576
0.0316606 0.3715 0.596839
0.0100485 0.232742 0.757209
9.9991E-05 0.374887 0.625013
0.0358381 0.291592 0.67257
9.9991E-05 0.302667 0.697233
9.9991E-05 0.365016 0.634884
0.0160567 0.116892 0.867052
9.9991E-05 0.178832 0.821068
9.9991E-05 0.180018 0.819882
0.0472985 0.421495 0.531206
9.9991E-05 0.179291 0.820609
0.0264947 0.292804 0.680702
0.0221991 0.751641 0.22616
0.0559624 0.749661 0.194377
0.0919587 0.746912 0.161129
0.199416 0.744279 0.0563046
0.0864177 0.622593 0.29099
9.9991E-05 0.299982 0.699918
0.298034 0.701866 9.9991E-05
0.157798 0.712144 0.130058
0.13661 0.416835 0.446555
0.091824 0.388269 0.519908
0.0803614 0.308407 0.611231
0.0981131 0.420336 0.481551
0.0750601 0.390488 0.534452
0.216851 0.697801 0.085348
0.162194 0.631352 0.206455
0.0723345 0.757897 0.169768
0.0743297 0.607123 0.318547
0.144916 0.713422 0.141661
0.0890311 0.627407 0.283562
0.159049 0.753396 0.0875548
0.0856168 0.692006 0.222377
0.0448848 0.362613 0.592502
0.151923 0.599776 0.2483
0.179109 0.812159 0.00873206
0.15421 0.546029 0.299761
0.315218 0.0693318 0.61545
9.9991E-05 0.455024 0.544876
0.18731 0.536709 0.275981
0.0403552 0.354594 0.605051
0.198933 0.347409 0.453658
0.176212 0.463324 0.360465
0.22291 0.525805 0.251285
0.0843939 0.460564 0.455042
0.133269 0.578793 0.287938
0.0803428 0.795037 0.12462
0.239424 0.760476 9.9991E-05
0.0416836 0.456307 0.502009
0.122177 0.258157 0.619667
0.256675 0.11068 0.632645
0.0562281 0.445091 0.498681
0.125689 0.29339 0.580922
0.102506 0.437863 0.459631
0.138867 0.402987 0.458146
0.498366 0.1745 0.327134
0.510415 0.12072 0.368865
0.198616 0.233846 0.567538
0.487818 0.193353 0.318829
0.587735 0.279114 0.133151
0.148423 0.354588 0.496988
0.204861 0.38199 0.41315
0.300771 0.317618 0.381611
0.437632 0.235054 0.327314
0.142915 0.370613 0.486472
0.318082 0.189908 0.49201
0.664979 0.0524294 0.282592
0.129392 0.542852 0.327755
0.172085 0.455335 0.37258
0.296324 0.444206 0.25947
0.0993899 0.601182 0.299428
0.0832269 0.543156 0.373617
0.12572 0.5341 0.34018
0.346546 0.460697 0.192758
0.195176 0.497142 0.307682
0.23033 0.579394 0.190277
0.258297 0.46279 0.278912
0.191782 0.318354 0.489864
0.14022 0.453185 0.406595
0.122739 0.523425 0.353836
0.0644629 0.472445 0.463092
0.252555 0.51151 0.235935
0.179961 0.44776 0.372278
0.430417 0.332149 0.237433
0.13074 0.53278 0.33648
0.377689 0.412045 0.210266
0.827481 0.0794428 0.0930765
0.27866 9.9991E-05 0.72124
0.268676 9.9991E-05 0.731224
0.264246 9.9991E-05 0.735654
0.231409 9.9991E-05 0.768491
0.251158 9.9991E-05 0.748742
0.207764 9.9991E-05 0.792136
0.292167 9.9991E-05 0.707733
0.457952 9.9991E-05 0.541948
0.894157 0.105743 9.9991E-05
0.834789 0.0840963 0.0811145
0.893323 0.106577 9.9991E-05
0.845413 0.0723218 0.0822648
0.88263 0.11727 9.9991E-05
0.941369 0.0585308 9.9991E-05
0.758322 0.229675 0.0120035
0.83559 0.164311 9.9991E-05
0.758712 0.109966 0.131322
0.869914 0.129986 9.9991E-05
0.973053 0.0268468 9.9991E-05
0.867958 0.131942 9.9991E-05
0.925628 0.0742722 9.9991E-05
0.895115 0.104785 9.9991E-05
0.834571 0.165329 9.9991E-05
0.808063 0.191837 9.9991E-05
0.73873 0.26117 9.9991E-05
0.749243 0.250657 9.9991E-05
0.749124 0.250776 9.9991E-05
0.209364 0.209496 0.58114
0.0112574 0.366715 0.622028
0.0605409 0.463659 0.4758
0.192539 0.0429533 0.764508
0.118382 0.339932 0.541686
0.31493 0.0695233 0.615546
0.0217907 0.444868 0.533341
0.0964944 0.198404 0.705102
0.0827244 0.355957 0.561318
0.020307 0.299035 0.680658
0.121005 0.271683 0.607311
9.9991E-05 0.352196 0.647704
0.0688453 0.347024 0.58413
0.181142 0.0292131 0.789645
0.219068 9.9991E-05 0.780832
0.217559 0.0703881 0.712053
0.103962 0.408493 0.487545
0.106648 0.333855 0.559497
0.16184 0.279232 0.558928
0.0306947 0.450698 0.518607
0.110369 0.508239 0.381393
0.146642 0.528092 0.325266
0.456133 0.280451 0.263417
0.0296163 0.357979 0.612404
0.225466 0.402633 0.3719
0.578088 0.20345 0.218462
0.309823 0.467223 0.222953
0.352559 0.337266 0.310175
0.350369 0.350055 0.299577
0.11272 0.51284 0.374441
0.176373 0.511061 0.312566
0.0365625 0.562682 0.400755
0.219281 0.386495 0.394224
0.41842 0.387886 0.193694
